1.000 0.000 
2.000 0.000 
3.000 0.000 
4.000 0.000 
5.000 0.000 
6.000 0.000 
7.000 0.000 
8.000 0.000 
9.000 0.001 
10.000 0.002 
11.000 0.003 
12.000 0.005 
13.000 0.007 
14.000 0.009 
15.000 0.011 
16.000 0.014 
17.000 0.017 
18.000 0.019 
19.000 0.022 
20.000 0.025 
21.000 0.028 
22.000 0.032 
23.000 0.035 
24.000 0.038 
25.000 0.041 
26.000 0.044 
27.000 0.048 
28.000 0.051 
29.000 0.054 
30.000 0.057 
31.000 0.061 
32.000 0.064 
33.000 0.067 
34.000 0.070 
35.000 0.073 
36.000 0.076 
37.000 0.080 
38.000 0.083 
39.000 0.086 
40.000 0.089 
41.000 0.092 
42.000 0.095 
43.000 0.097 
44.000 0.100 
45.000 0.103 
46.000 0.106 
47.000 0.109 
48.000 0.112 
49.000 0.114 
50.000 0.117 
51.000 0.120 
52.000 0.122 
53.000 0.125 
54.000 0.127 
55.000 0.130 
56.000 0.133 
57.000 0.135 
58.000 0.138 
59.000 0.140 
60.000 0.142 
61.000 0.145 
62.000 0.147 
63.000 0.149 
64.000 0.152 
65.000 0.154 
66.000 0.156 
67.000 0.158 
68.000 0.161 
69.000 0.163 
70.000 0.165 
71.000 0.167 
72.000 0.169 
73.000 0.171 
74.000 0.173 
75.000 0.175 
76.000 0.177 
77.000 0.179 
78.000 0.181 
79.000 0.183 
80.000 0.185 
81.000 0.187 
82.000 0.189 
83.000 0.191 
84.000 0.192 
85.000 0.194 
86.000 0.196 
87.000 0.198 
88.000 0.199 
89.000 0.201 
90.000 0.203 
91.000 0.205 
92.000 0.206 
93.000 0.208 
94.000 0.209 
95.000 0.211 
96.000 0.213 
97.000 0.214 
98.000 0.216 
99.000 0.217 
100.000 0.219 
101.000 0.220 
102.000 0.222 
103.000 0.223 
104.000 0.225 
105.000 0.226 
106.000 0.227 
107.000 0.229 
108.000 0.230 
109.000 0.232 
110.000 0.233 
111.000 0.234 
112.000 0.235 
113.000 0.237 
114.000 0.238 
115.000 0.239 
116.000 0.241 
117.000 0.242 
118.000 0.243 
119.000 0.244 
120.000 0.245 
121.000 0.247 
122.000 0.248 
123.000 0.249 
124.000 0.250 
125.000 0.251 
126.000 0.252 
127.000 0.253 
128.000 0.254 
129.000 0.255 
130.000 0.257 
131.000 0.258 
132.000 0.259 
133.000 0.260 
134.000 0.261 
135.000 0.262 
136.000 0.263 
137.000 0.264 
138.000 0.265 
139.000 0.266 
140.000 0.266 
141.000 0.267 
142.000 0.268 
143.000 0.269 
144.000 0.270 
145.000 0.271 
146.000 0.272 
147.000 0.273 
148.000 0.274 
149.000 0.274 
150.000 0.275 
151.000 0.276 
152.000 0.277 
153.000 0.278 
154.000 0.278 
155.000 0.279 
156.000 0.280 
157.000 0.281 
158.000 0.282 
159.000 0.282 
160.000 0.283 
161.000 0.284 
162.000 0.285 
163.000 0.285 
164.000 0.286 
165.000 0.287 
166.000 0.287 
167.000 0.288 
168.000 0.289 
169.000 0.289 
170.000 0.290 
171.000 0.291 
172.000 0.291 
173.000 0.292 
174.000 0.293 
175.000 0.293 
176.000 0.294 
177.000 0.294 
178.000 0.295 
179.000 0.296 
180.000 0.296 
181.000 0.297 
182.000 0.297 
183.000 0.298 
184.000 0.298 
185.000 0.299 
186.000 0.300 
187.000 0.300 
188.000 0.301 
189.000 0.301 
190.000 0.302 
191.000 0.302 
192.000 0.303 
193.000 0.303 
194.000 0.304 
195.000 0.304 
196.000 0.305 
197.000 0.305 
198.000 0.306 
199.000 0.306 
200.000 0.307 
201.000 0.307 
202.000 0.307 
203.000 0.308 
204.000 0.308 
205.000 0.309 
206.000 0.309 
207.000 0.310 
208.000 0.310 
209.000 0.310 
210.000 0.311 
211.000 0.311 
212.000 0.312 
213.000 0.312 
214.000 0.312 
215.000 0.313 
216.000 0.313 
217.000 0.314 
218.000 0.314 
219.000 0.314 
220.000 0.315 
221.000 0.315 
222.000 0.315 
223.000 0.316 
224.000 0.316 
225.000 0.317 
226.000 0.317 
227.000 0.317 
228.000 0.318 
229.000 0.318 
230.000 0.318 
231.000 0.318 
232.000 0.319 
233.000 0.319 
234.000 0.319 
235.000 0.320 
236.000 0.320 
237.000 0.320 
238.000 0.321 
239.000 0.321 
240.000 0.321 
241.000 0.321 
242.000 0.322 
243.000 0.322 
244.000 0.322 
245.000 0.323 
246.000 0.323 
247.000 0.323 
248.000 0.323 
249.000 0.324 
250.000 0.324 
251.000 0.324 
252.000 0.324 
253.000 0.325 
254.000 0.325 
255.000 0.325 
256.000 0.325 
257.000 0.326 
258.000 0.326 
259.000 0.326 
260.000 0.326 
261.000 0.327 
262.000 0.327 
263.000 0.327 
264.000 0.327 
265.000 0.327 
266.000 0.328 
267.000 0.328 
268.000 0.328 
269.000 0.328 
270.000 0.328 
271.000 0.329 
272.000 0.329 
273.000 0.329 
274.000 0.329 
275.000 0.329 
276.000 0.330 
277.000 0.330 
278.000 0.330 
279.000 0.330 
280.000 0.330 
281.000 0.331 
282.000 0.331 
283.000 0.331 
284.000 0.331 
285.000 0.331 
286.000 0.331 
287.000 0.332 
288.000 0.332 
289.000 0.332 
290.000 0.332 
291.000 0.332 
292.000 0.332 
293.000 0.333 
294.000 0.333 
295.000 0.333 
296.000 0.333 
297.000 0.333 
298.000 0.333 
299.000 0.333 
300.000 0.334 
301.000 0.334 
302.000 0.334 
303.000 0.334 
304.000 0.334 
305.000 0.334 
306.000 0.334 
307.000 0.334 
308.000 0.335 
309.000 0.335 
310.000 0.335 
311.000 0.335 
312.000 0.335 
313.000 0.335 
314.000 0.335 
315.000 0.335 
316.000 0.336 
317.000 0.336 
318.000 0.336 
319.000 0.336 
320.000 0.336 
321.000 0.336 
322.000 0.336 
323.000 0.336 
324.000 0.336 
325.000 0.337 
326.000 0.337 
327.000 0.337 
328.000 0.337 
329.000 0.337 
330.000 0.337 
331.000 0.337 
332.000 0.337 
333.000 0.337 
334.000 0.338 
335.000 0.338 
336.000 0.338 
337.000 0.338 
338.000 0.338 
339.000 0.338 
340.000 0.338 
341.000 0.338 
342.000 0.338 
343.000 0.338 
344.000 0.338 
345.000 0.338 
346.000 0.339 
347.000 0.339 
348.000 0.339 
349.000 0.339 
350.000 0.339 
351.000 0.339 
352.000 0.339 
353.000 0.339 
354.000 0.339 
355.000 0.339 
356.000 0.339 
357.000 0.339 
358.000 0.339 
359.000 0.340 
360.000 0.340 
361.000 0.340 
362.000 0.340 
363.000 0.340 
364.000 0.340 
365.000 0.340 
366.000 0.340 
367.000 0.340 
368.000 0.340 
369.000 0.340 
370.000 0.340 
371.000 0.340 
372.000 0.340 
373.000 0.340 
374.000 0.341 
375.000 0.341 
376.000 0.341 
377.000 0.341 
378.000 0.341 
379.000 0.341 
380.000 0.341 
381.000 0.341 
382.000 0.341 
383.000 0.341 
384.000 0.341 
385.000 0.341 
386.000 0.341 
387.000 0.341 
388.000 0.341 
389.000 0.341 
390.000 0.341 
391.000 0.341 
392.000 0.341 
393.000 0.342 
394.000 0.342 
395.000 0.342 
396.000 0.342 
397.000 0.342 
398.000 0.342 
399.000 0.342 
400.000 0.342 
401.000 0.342 
402.000 0.342 
403.000 0.342 
404.000 0.342 
405.000 0.342 
406.000 0.342 
407.000 0.342 
408.000 0.342 
409.000 0.342 
410.000 0.342 
411.000 0.342 
412.000 0.342 
413.000 0.342 
414.000 0.342 
415.000 0.342 
416.000 0.342 
417.000 0.343 
418.000 0.343 
419.000 0.343 
420.000 0.343 
421.000 0.343 
422.000 0.343 
423.000 0.343 
424.000 0.343 
425.000 0.343 
426.000 0.343 
427.000 0.343 
428.000 0.343 
429.000 0.343 
430.000 0.343 
431.000 0.343 
432.000 0.343 
433.000 0.343 
434.000 0.343 
435.000 0.343 
436.000 0.343 
437.000 0.343 
438.000 0.343 
439.000 0.343 
440.000 0.343 
441.000 0.343 
442.000 0.343 
443.000 0.343 
444.000 0.343 
445.000 0.343 
446.000 0.343 
447.000 0.343 
448.000 0.343 
449.000 0.343 
450.000 0.343 
451.000 0.344 
452.000 0.344 
453.000 0.344 
454.000 0.344 
455.000 0.344 
456.000 0.344 
457.000 0.344 
458.000 0.344 
459.000 0.344 
460.000 0.344 
461.000 0.344 
462.000 0.344 
463.000 0.344 
464.000 0.344 
465.000 0.344 
466.000 0.344 
467.000 0.344 
468.000 0.344 
469.000 0.344 
470.000 0.344 
471.000 0.344 
472.000 0.344 
473.000 0.344 
474.000 0.344 
475.000 0.344 
476.000 0.344 
477.000 0.344 
478.000 0.344 
479.000 0.344 
480.000 0.344 
481.000 0.344 
482.000 0.344 
483.000 0.344 
484.000 0.344 
485.000 0.344 
486.000 0.344 
487.000 0.344 
488.000 0.344 
489.000 0.344 
490.000 0.344 
491.000 0.344 
492.000 0.344 
493.000 0.344 
494.000 0.344 
495.000 0.344 
496.000 0.344 
497.000 0.344 
498.000 0.344 
499.000 0.344 
500.000 0.344 
501.000 0.344 
502.000 0.344 
503.000 0.344 
504.000 0.344 
505.000 0.344 
506.000 0.344 
507.000 0.344 
508.000 0.344 
509.000 0.345 
510.000 0.345 
511.000 0.345 
512.000 0.345 
513.000 0.345 
514.000 0.345 
515.000 0.345 
516.000 0.345 
517.000 0.345 
518.000 0.345 
519.000 0.345 
520.000 0.345 
521.000 0.345 
522.000 0.345 
523.000 0.345 
524.000 0.345 
525.000 0.345 
526.000 0.345 
527.000 0.345 
528.000 0.345 
529.000 0.345 
530.000 0.345 
531.000 0.345 
532.000 0.345 
533.000 0.345 
534.000 0.345 
535.000 0.345 
536.000 0.345 
537.000 0.345 
538.000 0.345 
539.000 0.345 
540.000 0.345 
541.000 0.345 
542.000 0.345 
543.000 0.345 
544.000 0.345 
545.000 0.345 
546.000 0.345 
547.000 0.345 
548.000 0.345 
549.000 0.345 
550.000 0.345 
551.000 0.345 
552.000 0.345 
553.000 0.345 
554.000 0.345 
555.000 0.345 
556.000 0.345 
557.000 0.345 
558.000 0.345 
559.000 0.345 
560.000 0.345 
561.000 0.345 
562.000 0.345 
563.000 0.345 
564.000 0.345 
565.000 0.345 
566.000 0.345 
567.000 0.345 
568.000 0.345 
569.000 0.345 
570.000 0.345 
571.000 0.345 
572.000 0.345 
573.000 0.345 
574.000 0.345 
575.000 0.345 
576.000 0.345 
577.000 0.345 
578.000 0.345 
579.000 0.345 
580.000 0.345 
581.000 0.345 
582.000 0.345 
583.000 0.345 
584.000 0.345 
585.000 0.345 
586.000 0.345 
587.000 0.345 
588.000 0.345 
589.000 0.345 
590.000 0.345 
591.000 0.345 
592.000 0.345 
593.000 0.345 
594.000 0.345 
595.000 0.345 
596.000 0.345 
597.000 0.345 
598.000 0.345 
599.000 0.345 
600.000 0.345 
601.000 0.345 
602.000 0.345 
603.000 0.345 
604.000 0.345 
605.000 0.345 
606.000 0.345 
607.000 0.345 
608.000 0.345 
609.000 0.345 
610.000 0.345 
611.000 0.345 
612.000 0.345 
613.000 0.345 
614.000 0.345 
615.000 0.345 
616.000 0.345 
617.000 0.345 
618.000 0.345 
619.000 0.345 
620.000 0.345 
621.000 0.345 
622.000 0.345 
623.000 0.345 
624.000 0.345 
625.000 0.345 
626.000 0.345 
627.000 0.345 
628.000 0.345 
629.000 0.345 
630.000 0.345 
631.000 0.345 
632.000 0.345 
633.000 0.345 
634.000 0.345 
635.000 0.345 
636.000 0.345 
637.000 0.345 
638.000 0.345 
639.000 0.345 
640.000 0.345 
641.000 0.345 
642.000 0.345 
643.000 0.345 
644.000 0.345 
645.000 0.345 
646.000 0.345 
647.000 0.345 
648.000 0.345 
649.000 0.345 
650.000 0.345 
651.000 0.345 
652.000 0.345 
653.000 0.345 
654.000 0.345 
655.000 0.345 
656.000 0.345 
657.000 0.345 
658.000 0.345 
659.000 0.345 
660.000 0.345 
661.000 0.345 
662.000 0.345 
663.000 0.345 
664.000 0.345 
665.000 0.345 
666.000 0.345 
667.000 0.345 
668.000 0.345 
669.000 0.345 
670.000 0.345 
671.000 0.345 
672.000 0.345 
673.000 0.345 
674.000 0.345 
675.000 0.345 
676.000 0.345 
677.000 0.345 
678.000 0.345 
679.000 0.345 
680.000 0.345 
681.000 0.345 
682.000 0.345 
683.000 0.345 
684.000 0.345 
685.000 0.345 
686.000 0.345 
687.000 0.345 
688.000 0.345 
689.000 0.345 
690.000 0.345 
691.000 0.345 
692.000 0.345 
693.000 0.345 
694.000 0.345 
695.000 0.345 
696.000 0.345 
697.000 0.345 
698.000 0.345 
699.000 0.345 
700.000 0.345 
701.000 0.345 
702.000 0.345 
703.000 0.345 
704.000 0.345 
705.000 0.345 
706.000 0.345 
707.000 0.345 
708.000 0.345 
709.000 0.345 
710.000 0.345 
711.000 0.345 
712.000 0.345 
713.000 0.345 
714.000 0.345 
715.000 0.345 
716.000 0.345 
717.000 0.345 
718.000 0.345 
719.000 0.345 
720.000 0.345 
721.000 0.345 
722.000 0.345 
723.000 0.345 
724.000 0.345 
725.000 0.345 
726.000 0.345 
727.000 0.345 
728.000 0.345 
729.000 0.345 
730.000 0.345 
731.000 0.345 
732.000 0.345 
733.000 0.345 
734.000 0.345 
735.000 0.345 
736.000 0.345 
737.000 0.345 
738.000 0.345 
739.000 0.345 
740.000 0.345 
741.000 0.345 
742.000 0.345 
743.000 0.345 
744.000 0.345 
745.000 0.345 
746.000 0.345 
747.000 0.345 
748.000 0.345 
749.000 0.345 
750.000 0.345 
751.000 0.345 
752.000 0.345 
753.000 0.345 
754.000 0.345 
755.000 0.345 
756.000 0.345 
757.000 0.345 
758.000 0.345 
759.000 0.345 
760.000 0.345 
761.000 0.345 
762.000 0.345 
763.000 0.345 
764.000 0.345 
765.000 0.345 
766.000 0.345 
767.000 0.345 
768.000 0.345 
769.000 0.345 
770.000 0.345 
771.000 0.345 
772.000 0.345 
773.000 0.345 
774.000 0.345 
775.000 0.345 
776.000 0.345 
777.000 0.345 
778.000 0.345 
779.000 0.345 
780.000 0.345 
781.000 0.345 
782.000 0.345 
783.000 0.345 
784.000 0.345 
785.000 0.345 
786.000 0.345 
787.000 0.345 
788.000 0.345 
789.000 0.345 
790.000 0.345 
791.000 0.345 
792.000 0.345 
793.000 0.345 
794.000 0.345 
795.000 0.345 
796.000 0.345 
797.000 0.345 
798.000 0.345 
799.000 0.345 
800.000 0.345 
801.000 0.345 
802.000 0.345 
803.000 0.345 
804.000 0.345 
805.000 0.345 
806.000 0.345 
807.000 0.345 
808.000 0.345 
809.000 0.345 
810.000 0.345 
811.000 0.345 
812.000 0.345 
813.000 0.345 
814.000 0.345 
815.000 0.345 
816.000 0.345 
817.000 0.345 
818.000 0.345 
819.000 0.345 
820.000 0.345 
821.000 0.345 
822.000 0.345 
823.000 0.345 
824.000 0.345 
825.000 0.345 
826.000 0.345 
827.000 0.345 
828.000 0.345 
829.000 0.345 
830.000 0.345 
831.000 0.345 
832.000 0.346 
833.000 0.346 
834.000 0.346 
835.000 0.346 
836.000 0.346 
837.000 0.346 
838.000 0.346 
839.000 0.346 
840.000 0.346 
841.000 0.346 
842.000 0.346 
843.000 0.346 
844.000 0.346 
845.000 0.346 
846.000 0.346 
847.000 0.346 
848.000 0.346 
849.000 0.346 
850.000 0.346 
851.000 0.346 
852.000 0.346 
853.000 0.346 
854.000 0.346 
855.000 0.346 
856.000 0.346 
857.000 0.346 
858.000 0.346 
859.000 0.346 
860.000 0.346 
861.000 0.346 
862.000 0.346 
863.000 0.346 
864.000 0.346 
865.000 0.346 
866.000 0.346 
867.000 0.346 
868.000 0.346 
869.000 0.346 
870.000 0.346 
871.000 0.346 
872.000 0.346 
873.000 0.346 
874.000 0.346 
875.000 0.346 
876.000 0.346 
877.000 0.346 
878.000 0.346 
879.000 0.346 
880.000 0.346 
881.000 0.346 
882.000 0.346 
883.000 0.346 
884.000 0.346 
885.000 0.346 
886.000 0.346 
887.000 0.346 
888.000 0.346 
889.000 0.346 
890.000 0.346 
891.000 0.346 
892.000 0.346 
893.000 0.346 
894.000 0.346 
895.000 0.346 
896.000 0.346 
897.000 0.346 
898.000 0.346 
899.000 0.346 
900.000 0.346 
901.000 0.346 
902.000 0.346 
903.000 0.346 
904.000 0.346 
905.000 0.346 
906.000 0.346 
907.000 0.346 
908.000 0.346 
909.000 0.346 
910.000 0.346 
911.000 0.346 
912.000 0.346 
913.000 0.346 
914.000 0.346 
915.000 0.346 
916.000 0.346 
917.000 0.346 
918.000 0.346 
919.000 0.346 
920.000 0.346 
921.000 0.346 
922.000 0.346 
923.000 0.346 
924.000 0.346 
925.000 0.346 
926.000 0.346 
927.000 0.346 
928.000 0.346 
929.000 0.346 
930.000 0.346 
931.000 0.346 
932.000 0.346 
933.000 0.346 
934.000 0.346 
935.000 0.346 
936.000 0.346 
937.000 0.346 
938.000 0.346 
939.000 0.346 
940.000 0.346 
941.000 0.346 
942.000 0.346 
943.000 0.346 
944.000 0.346 
945.000 0.346 
946.000 0.346 
947.000 0.346 
948.000 0.346 
949.000 0.346 
950.000 0.346 
951.000 0.346 
952.000 0.346 
953.000 0.346 
954.000 0.346 
955.000 0.346 
956.000 0.346 
957.000 0.346 
958.000 0.346 
959.000 0.346 
960.000 0.346 
961.000 0.346 
962.000 0.346 
963.000 0.346 
964.000 0.346 
965.000 0.346 
966.000 0.346 
967.000 0.346 
968.000 0.346 
969.000 0.346 
970.000 0.346 
971.000 0.346 
972.000 0.346 
973.000 0.346 
974.000 0.346 
975.000 0.346 
976.000 0.346 
977.000 0.346 
978.000 0.346 
979.000 0.346 
980.000 0.346 
981.000 0.346 
982.000 0.346 
983.000 0.346 
984.000 0.346 
985.000 0.346 
986.000 0.346 
987.000 0.346 
988.000 0.346 
989.000 0.346 
990.000 0.346 
991.000 0.346 
992.000 0.346 
993.000 0.346 
