1.000 1.100 
2.000 1.100 
3.000 1.100 
4.000 1.100 
5.000 1.100 
6.000 1.100 
7.000 1.100 
8.000 1.100 
9.000 1.100 
10.000 1.100 
11.000 1.100 
12.000 1.100 
13.000 1.100 
14.000 1.100 
15.000 1.100 
16.000 1.100 
17.000 1.100 
18.000 1.100 
19.000 1.100 
20.000 1.100 
21.000 1.150 
22.000 1.200 
23.000 1.300 
24.000 1.300 
25.000 1.286 
26.000 1.253 
27.000 1.228 
28.000 1.212 
29.000 1.204 
30.000 1.201 
31.000 1.202 
32.000 1.205 
33.000 1.207 
34.000 1.206 
35.000 1.199 
36.000 1.188 
37.000 1.176 
38.000 1.163 
39.000 1.151 
40.000 1.142 
41.000 1.134 
42.000 1.127 
43.000 1.123 
44.000 1.120 
45.000 1.118 
46.000 1.117 
47.000 1.116 
48.000 1.116 
49.000 1.116 
50.000 1.116 
51.000 1.116 
52.000 1.116 
53.000 1.116 
54.000 1.116 
55.000 1.116 
56.000 1.116 
57.000 1.116 
58.000 1.116 
59.000 1.116 
60.000 1.116 
61.000 1.116 
62.000 1.116 
63.000 1.116 
64.000 1.116 
65.000 1.116 
66.000 1.116 
67.000 1.116 
68.000 1.116 
69.000 1.116 
70.000 1.116 
71.000 1.116 
72.000 1.116 
73.000 1.116 
74.000 1.116 
75.000 1.116 
76.000 1.116 
77.000 1.116 
78.000 1.116 
79.000 1.116 
80.000 1.116 
81.000 1.116 
82.000 1.116 
83.000 1.116 
84.000 1.116 
85.000 1.116 
86.000 1.116 
87.000 1.116 
88.000 1.116 
89.000 1.116 
90.000 1.116 
91.000 1.116 
92.000 1.116 
93.000 1.116 
94.000 1.116 
95.000 1.116 
96.000 1.116 
97.000 1.116 
98.000 1.116 
99.000 1.116 
100.000 1.116 
101.000 1.116 
102.000 1.116 
103.000 1.116 
104.000 1.116 
105.000 1.116 
106.000 1.116 
107.000 1.116 
108.000 1.116 
109.000 1.116 
110.000 1.116 
111.000 1.116 
112.000 1.116 
113.000 1.116 
114.000 1.116 
115.000 1.116 
116.000 1.116 
117.000 1.116 
118.000 1.116 
119.000 1.116 
120.000 1.116 
121.000 1.116 
122.000 1.116 
123.000 1.116 
124.000 1.116 
125.000 1.116 
126.000 1.116 
127.000 1.116 
128.000 1.116 
129.000 1.116 
130.000 1.116 
131.000 1.116 
132.000 1.116 
133.000 1.116 
134.000 1.116 
135.000 1.116 
136.000 1.116 
137.000 1.116 
138.000 1.116 
139.000 1.116 
140.000 1.116 
141.000 1.116 
142.000 1.116 
143.000 1.116 
144.000 1.116 
145.000 1.116 
146.000 1.116 
147.000 1.116 
148.000 1.116 
149.000 1.116 
150.000 1.116 
151.000 1.116 
152.000 1.116 
153.000 1.116 
154.000 1.116 
155.000 1.116 
156.000 1.116 
157.000 1.116 
158.000 1.116 
159.000 1.116 
160.000 1.116 
161.000 1.116 
162.000 1.116 
163.000 1.116 
164.000 1.116 
165.000 1.116 
166.000 1.116 
167.000 1.116 
168.000 1.116 
169.000 1.116 
170.000 1.116 
171.000 1.116 
172.000 1.116 
173.000 1.116 
174.000 1.116 
175.000 1.116 
176.000 1.116 
177.000 1.116 
178.000 1.116 
179.000 1.116 
180.000 1.116 
181.000 1.116 
182.000 1.116 
183.000 1.116 
184.000 1.116 
185.000 1.116 
186.000 1.116 
187.000 1.116 
188.000 1.116 
189.000 1.116 
190.000 1.116 
191.000 1.116 
192.000 1.116 
193.000 1.116 
194.000 1.116 
195.000 1.116 
196.000 1.116 
197.000 1.116 
198.000 1.116 
199.000 1.116 
200.000 1.116 
201.000 1.116 
202.000 1.116 
203.000 1.116 
204.000 1.116 
205.000 1.116 
206.000 1.116 
207.000 1.116 
208.000 1.116 
209.000 1.116 
210.000 1.116 
211.000 1.116 
212.000 1.116 
213.000 1.116 
214.000 1.116 
215.000 1.116 
216.000 1.116 
217.000 1.116 
218.000 1.116 
219.000 1.116 
220.000 1.116 
221.000 1.116 
222.000 1.116 
223.000 1.116 
224.000 1.116 
225.000 1.116 
226.000 1.116 
227.000 1.116 
228.000 1.116 
229.000 1.116 
230.000 1.116 
231.000 1.116 
232.000 1.116 
233.000 1.116 
234.000 1.116 
235.000 1.116 
236.000 1.116 
237.000 1.116 
238.000 1.116 
239.000 1.116 
240.000 1.116 
241.000 1.116 
242.000 1.116 
243.000 1.116 
244.000 1.116 
245.000 1.116 
246.000 1.116 
247.000 1.116 
248.000 1.116 
249.000 1.116 
250.000 1.116 
251.000 1.116 
252.000 1.116 
253.000 1.116 
254.000 1.116 
255.000 1.116 
256.000 1.116 
257.000 1.116 
258.000 1.116 
259.000 1.116 
260.000 1.116 
261.000 1.116 
262.000 1.116 
263.000 1.116 
264.000 1.116 
265.000 1.116 
266.000 1.116 
267.000 1.116 
268.000 1.116 
269.000 1.116 
270.000 1.116 
271.000 1.066 
272.000 1.016 
273.000 0.966 
274.000 0.916 
275.000 0.900 
276.000 0.900 
277.000 0.950 
278.000 1.000 
279.000 0.900 
280.000 0.900 
281.000 0.900 
282.000 0.900 
283.000 0.900 
284.000 0.900 
285.000 0.900 
286.000 0.900 
287.000 0.900 
288.000 0.900 
289.000 0.900 
290.000 0.900 
291.000 0.900 
292.000 0.900 
293.000 0.900 
294.000 0.900 
295.000 0.900 
296.000 0.900 
297.000 0.900 
298.000 0.900 
299.000 0.900 
300.000 0.900 
301.000 0.900 
302.000 0.900 
303.000 0.900 
304.000 0.900 
305.000 0.900 
306.000 0.900 
307.000 0.900 
308.000 0.903 
309.000 0.921 
310.000 0.937 
311.000 0.951 
312.000 0.963 
313.000 0.972 
314.000 0.981 
315.000 0.988 
316.000 0.997 
317.000 1.006 
318.000 1.016 
319.000 1.028 
320.000 1.039 
321.000 1.050 
322.000 1.059 
323.000 1.066 
324.000 1.072 
325.000 1.076 
326.000 1.079 
327.000 1.081 
328.000 1.083 
329.000 1.084 
330.000 1.084 
331.000 1.084 
332.000 1.084 
333.000 1.084 
334.000 1.084 
335.000 1.084 
336.000 1.084 
337.000 1.084 
338.000 1.084 
339.000 1.084 
340.000 1.084 
341.000 1.084 
342.000 1.084 
343.000 1.084 
344.000 1.084 
345.000 1.084 
346.000 1.084 
347.000 1.084 
348.000 1.084 
349.000 1.084 
350.000 1.084 
351.000 1.084 
352.000 1.084 
353.000 1.084 
354.000 1.084 
355.000 1.084 
356.000 1.084 
357.000 1.084 
358.000 1.084 
359.000 1.084 
360.000 1.084 
361.000 1.084 
362.000 1.084 
363.000 1.084 
364.000 1.084 
365.000 1.084 
366.000 1.084 
367.000 1.084 
368.000 1.084 
369.000 1.084 
370.000 1.084 
371.000 1.084 
372.000 1.084 
373.000 1.084 
374.000 1.084 
375.000 1.084 
376.000 1.084 
377.000 1.084 
378.000 1.084 
379.000 1.084 
380.000 1.084 
381.000 1.084 
382.000 1.084 
383.000 1.084 
384.000 1.084 
385.000 1.084 
386.000 1.084 
387.000 1.084 
388.000 1.084 
389.000 1.084 
390.000 1.084 
391.000 1.084 
392.000 1.084 
393.000 1.084 
394.000 1.084 
395.000 1.084 
396.000 1.084 
397.000 1.084 
398.000 1.084 
399.000 1.084 
400.000 1.084 
401.000 1.084 
402.000 1.084 
403.000 1.084 
404.000 1.084 
405.000 1.084 
406.000 1.084 
407.000 1.084 
408.000 1.084 
409.000 1.084 
410.000 1.084 
411.000 1.084 
412.000 1.084 
413.000 1.084 
414.000 1.084 
415.000 1.084 
416.000 1.084 
417.000 1.084 
418.000 1.084 
419.000 1.084 
420.000 1.084 
421.000 1.084 
422.000 1.084 
423.000 1.084 
424.000 1.084 
425.000 1.084 
426.000 1.084 
427.000 1.084 
428.000 1.084 
429.000 1.084 
430.000 1.084 
431.000 1.084 
432.000 1.084 
433.000 1.084 
434.000 1.084 
435.000 1.084 
436.000 1.084 
437.000 1.084 
438.000 1.084 
439.000 1.084 
440.000 1.084 
441.000 1.084 
442.000 1.084 
443.000 1.084 
444.000 1.084 
445.000 1.084 
446.000 1.084 
447.000 1.084 
448.000 1.084 
449.000 1.084 
450.000 1.084 
451.000 1.084 
452.000 1.084 
453.000 1.084 
454.000 1.084 
455.000 1.084 
456.000 1.084 
457.000 1.084 
458.000 1.084 
459.000 1.084 
460.000 1.084 
461.000 1.084 
462.000 1.084 
463.000 1.084 
464.000 1.084 
465.000 1.084 
466.000 1.084 
467.000 1.084 
468.000 1.084 
469.000 1.084 
470.000 1.084 
471.000 1.084 
472.000 1.084 
473.000 1.084 
474.000 1.084 
475.000 1.084 
476.000 1.084 
477.000 1.084 
478.000 1.084 
479.000 1.084 
480.000 1.084 
481.000 1.084 
482.000 1.084 
483.000 1.084 
484.000 1.084 
485.000 1.084 
486.000 1.084 
487.000 1.084 
488.000 1.084 
489.000 1.084 
490.000 1.084 
491.000 1.084 
492.000 1.084 
493.000 1.084 
494.000 1.084 
495.000 1.084 
496.000 1.084 
497.000 1.084 
498.000 1.084 
499.000 1.084 
500.000 1.084 
501.000 1.084 
502.000 1.084 
503.000 1.084 
504.000 1.084 
505.000 1.084 
506.000 1.084 
507.000 1.084 
508.000 1.084 
509.000 1.084 
510.000 1.084 
511.000 1.084 
512.000 1.084 
513.000 1.084 
514.000 1.084 
515.000 1.084 
516.000 1.084 
517.000 1.084 
518.000 1.084 
519.000 1.084 
520.000 1.084 
521.000 1.134 
522.000 1.184 
523.000 1.234 
524.000 1.284 
525.000 1.300 
526.000 1.300 
527.000 1.250 
528.000 1.200 
529.000 1.150 
530.000 1.100 
531.000 1.050 
532.000 1.000 
533.000 0.950 
534.000 1.300 
535.000 1.300 
536.000 1.300 
537.000 1.300 
538.000 1.300 
539.000 1.300 
540.000 1.300 
541.000 1.300 
542.000 1.300 
543.000 1.300 
544.000 1.300 
545.000 1.300 
546.000 1.300 
547.000 1.300 
548.000 1.300 
549.000 1.300 
550.000 1.300 
551.000 1.300 
552.000 1.300 
553.000 1.300 
554.000 1.300 
555.000 1.300 
556.000 1.300 
557.000 1.300 
558.000 1.300 
559.000 1.300 
560.000 1.300 
561.000 1.300 
562.000 1.300 
563.000 1.300 
564.000 1.300 
565.000 1.300 
566.000 1.300 
567.000 1.300 
568.000 1.300 
569.000 1.300 
570.000 1.300 
571.000 1.300 
572.000 1.300 
573.000 1.300 
574.000 1.300 
575.000 1.300 
576.000 1.300 
577.000 1.300 
578.000 1.300 
579.000 1.300 
580.000 1.300 
581.000 1.300 
582.000 1.300 
583.000 1.300 
584.000 1.300 
585.000 1.300 
586.000 1.300 
587.000 1.300 
588.000 1.300 
589.000 1.300 
590.000 1.300 
591.000 1.300 
592.000 1.300 
593.000 1.300 
594.000 1.300 
595.000 1.300 
596.000 1.300 
597.000 1.300 
598.000 1.300 
599.000 1.300 
600.000 1.300 
601.000 1.300 
602.000 1.300 
603.000 1.300 
604.000 1.300 
605.000 1.293 
606.000 1.280 
607.000 1.268 
608.000 1.256 
609.000 1.244 
610.000 1.232 
611.000 1.221 
612.000 1.210 
613.000 1.199 
614.000 1.189 
615.000 1.178 
616.000 1.169 
617.000 1.160 
618.000 1.152 
619.000 1.146 
620.000 1.141 
621.000 1.138 
622.000 1.136 
623.000 1.134 
624.000 1.133 
625.000 1.132 
626.000 1.132 
627.000 1.132 
628.000 1.131 
629.000 1.131 
630.000 1.131 
631.000 1.131 
632.000 1.131 
633.000 1.131 
634.000 1.131 
635.000 1.131 
636.000 1.131 
637.000 1.131 
638.000 1.131 
639.000 1.131 
640.000 1.131 
641.000 1.131 
642.000 1.131 
643.000 1.131 
644.000 1.131 
645.000 1.131 
646.000 1.131 
647.000 1.131 
648.000 1.131 
649.000 1.131 
650.000 1.131 
651.000 1.131 
652.000 1.131 
653.000 1.131 
654.000 1.131 
655.000 1.131 
656.000 1.131 
657.000 1.131 
658.000 1.131 
659.000 1.131 
660.000 1.131 
661.000 1.131 
662.000 1.131 
663.000 1.131 
664.000 1.131 
665.000 1.131 
666.000 1.131 
667.000 1.131 
668.000 1.131 
669.000 1.131 
670.000 1.131 
671.000 1.131 
672.000 1.131 
673.000 1.131 
674.000 1.131 
675.000 1.131 
676.000 1.131 
677.000 1.131 
678.000 1.131 
679.000 1.131 
680.000 1.131 
681.000 1.131 
682.000 1.131 
683.000 1.131 
684.000 1.131 
685.000 1.131 
686.000 1.131 
687.000 1.131 
688.000 1.131 
689.000 1.131 
690.000 1.131 
691.000 1.131 
692.000 1.131 
693.000 1.131 
694.000 1.131 
695.000 1.131 
696.000 1.131 
697.000 1.131 
698.000 1.131 
699.000 1.131 
700.000 1.131 
701.000 1.131 
702.000 1.131 
703.000 1.131 
704.000 1.131 
705.000 1.131 
706.000 1.131 
707.000 1.131 
708.000 1.131 
709.000 1.131 
710.000 1.131 
711.000 1.131 
712.000 1.131 
713.000 1.131 
714.000 1.131 
715.000 1.131 
716.000 1.131 
717.000 1.131 
718.000 1.131 
719.000 1.131 
720.000 1.131 
721.000 1.131 
722.000 1.131 
723.000 1.131 
724.000 1.131 
725.000 1.131 
726.000 1.131 
727.000 1.131 
728.000 1.131 
729.000 1.131 
730.000 1.131 
731.000 1.131 
732.000 1.131 
733.000 1.131 
734.000 1.131 
735.000 1.131 
736.000 1.131 
737.000 1.131 
738.000 1.131 
739.000 1.131 
740.000 1.131 
741.000 1.131 
742.000 1.131 
743.000 1.131 
744.000 1.131 
745.000 1.131 
746.000 1.131 
747.000 1.131 
748.000 1.131 
749.000 1.131 
750.000 1.131 
751.000 1.131 
752.000 1.131 
753.000 1.131 
754.000 1.131 
755.000 1.131 
756.000 1.131 
757.000 1.131 
758.000 1.131 
759.000 1.131 
760.000 1.131 
761.000 1.131 
762.000 1.131 
763.000 1.131 
764.000 1.131 
765.000 1.131 
766.000 1.131 
767.000 1.131 
768.000 1.131 
769.000 1.131 
770.000 1.131 
771.000 1.081 
772.000 1.031 
773.000 0.981 
774.000 0.931 
775.000 0.900 
776.000 0.900 
777.000 0.900 
778.000 0.900 
779.000 0.950 
780.000 1.000 
781.000 1.050 
782.000 1.100 
783.000 1.150 
784.000 1.200 
785.000 1.250 
786.000 1.300 
787.000 0.900 
788.000 0.900 
789.000 0.900 
790.000 0.900 
791.000 0.900 
792.000 0.900 
793.000 0.900 
794.000 0.900 
795.000 0.900 
796.000 0.900 
797.000 0.900 
798.000 0.900 
799.000 0.900 
800.000 0.900 
801.000 0.900 
802.000 0.900 
803.000 0.900 
804.000 0.900 
805.000 0.900 
806.000 0.900 
807.000 0.900 
808.000 0.900 
809.000 0.900 
810.000 0.900 
811.000 0.900 
812.000 0.900 
813.000 0.900 
814.000 0.900 
815.000 0.900 
816.000 0.900 
817.000 0.900 
818.000 0.900 
819.000 0.900 
820.000 0.900 
821.000 0.900 
822.000 0.900 
823.000 0.900 
824.000 0.900 
825.000 0.900 
826.000 0.900 
827.000 0.900 
828.000 0.900 
829.000 0.900 
830.000 0.900 
831.000 0.900 
832.000 0.900 
833.000 0.900 
834.000 0.900 
835.000 0.900 
836.000 0.900 
837.000 0.900 
838.000 0.900 
839.000 0.900 
840.000 0.900 
841.000 0.900 
842.000 0.900 
843.000 0.900 
844.000 0.900 
845.000 0.900 
846.000 0.900 
847.000 0.900 
848.000 0.900 
849.000 0.900 
850.000 0.900 
851.000 0.900 
852.000 0.900 
853.000 0.900 
854.000 0.900 
855.000 0.900 
856.000 0.900 
857.000 0.900 
858.000 0.900 
859.000 0.900 
860.000 0.900 
861.000 0.900 
862.000 0.900 
863.000 0.900 
864.000 0.900 
865.000 0.900 
866.000 0.900 
867.000 0.900 
868.000 0.900 
869.000 0.900 
870.000 0.900 
871.000 0.900 
872.000 0.900 
873.000 0.900 
874.000 0.900 
875.000 0.900 
876.000 0.900 
877.000 0.900 
878.000 0.900 
879.000 0.900 
880.000 0.900 
881.000 0.900 
882.000 0.900 
883.000 0.900 
884.000 0.900 
885.000 0.900 
886.000 0.900 
887.000 0.900 
888.000 0.900 
889.000 0.900 
890.000 0.900 
891.000 0.900 
892.000 0.900 
893.000 0.900 
894.000 0.900 
895.000 0.900 
896.000 0.900 
897.000 0.900 
898.000 0.900 
899.000 0.904 
900.000 0.915 
901.000 0.926 
902.000 0.937 
903.000 0.949 
904.000 0.960 
905.000 0.971 
906.000 0.983 
907.000 0.994 
908.000 1.005 
909.000 1.016 
910.000 1.027 
911.000 1.037 
912.000 1.045 
913.000 1.052 
914.000 1.057 
915.000 1.061 
916.000 1.064 
917.000 1.066 
918.000 1.067 
919.000 1.068 
920.000 1.068 
921.000 1.068 
922.000 1.069 
923.000 1.069 
924.000 1.069 
925.000 1.069 
926.000 1.069 
927.000 1.069 
928.000 1.069 
929.000 1.069 
930.000 1.069 
931.000 1.069 
932.000 1.069 
933.000 1.069 
934.000 1.069 
935.000 1.069 
936.000 1.069 
937.000 1.069 
938.000 1.069 
939.000 1.069 
940.000 1.069 
941.000 1.069 
942.000 1.069 
943.000 1.069 
944.000 1.069 
945.000 1.069 
946.000 1.069 
947.000 1.069 
948.000 1.069 
949.000 1.069 
950.000 1.069 
951.000 1.069 
952.000 1.069 
953.000 1.069 
954.000 1.069 
955.000 1.069 
956.000 1.069 
957.000 1.069 
958.000 1.069 
959.000 1.069 
960.000 1.069 
961.000 1.069 
962.000 1.069 
963.000 1.069 
964.000 1.069 
965.000 1.069 
966.000 1.069 
967.000 1.069 
968.000 1.069 
969.000 1.069 
970.000 1.069 
971.000 1.069 
972.000 1.069 
973.000 1.069 
974.000 1.069 
975.000 1.069 
976.000 1.069 
977.000 1.069 
978.000 1.069 
979.000 1.069 
980.000 1.069 
981.000 1.069 
982.000 1.069 
983.000 1.069 
984.000 1.069 
985.000 1.069 
986.000 1.069 
987.000 1.069 
988.000 1.069 
989.000 1.069 
990.000 1.069 
991.000 1.069 
992.000 1.069 
993.000 1.069 
994.000 1.069 
995.000 1.069 
996.000 1.069 
997.000 1.069 
998.000 1.069 
999.000 1.069 
1000.000 1.069 
1001.000 1.069 
1002.000 1.069 
1003.000 1.069 
1004.000 1.069 
1005.000 1.069 
1006.000 1.069 
1007.000 1.069 
1008.000 1.069 
1009.000 1.069 
1010.000 1.069 
1011.000 1.069 
1012.000 1.069 
1013.000 1.069 
1014.000 1.069 
1015.000 1.069 
1016.000 1.069 
1017.000 1.069 
1018.000 1.069 
1019.000 1.069 
1020.000 1.069 
1021.000 1.119 
1022.000 1.169 
1023.000 1.219 
1024.000 1.269 
1025.000 1.300 
1026.000 1.300 
1027.000 1.300 
1028.000 1.300 
1029.000 1.300 
1030.000 1.250 
1031.000 1.200 
1032.000 1.150 
1033.000 1.100 
1034.000 1.050 
1035.000 1.000 
1036.000 0.950 
1037.000 0.900 
1038.000 0.900 
1039.000 1.300 
1040.000 1.300 
1041.000 1.300 
1042.000 1.300 
1043.000 1.300 
1044.000 1.300 
1045.000 1.300 
1046.000 1.300 
1047.000 1.300 
1048.000 1.300 
1049.000 1.300 
1050.000 1.300 
1051.000 1.250 
1052.000 1.200 
1053.000 1.150 
1054.000 1.300 
1055.000 1.300 
1056.000 1.300 
1057.000 1.300 
1058.000 1.300 
1059.000 1.300 
1060.000 1.300 
1061.000 1.300 
1062.000 1.300 
1063.000 1.300 
1064.000 1.300 
1065.000 1.300 
1066.000 1.300 
1067.000 1.300 
1068.000 1.300 
1069.000 1.300 
1070.000 1.300 
1071.000 1.300 
1072.000 1.300 
1073.000 1.300 
1074.000 1.300 
1075.000 1.300 
1076.000 1.300 
1077.000 1.300 
1078.000 1.300 
1079.000 1.300 
1080.000 1.300 
1081.000 1.300 
1082.000 1.300 
1083.000 1.300 
1084.000 1.300 
1085.000 1.300 
1086.000 1.300 
1087.000 1.300 
1088.000 1.300 
1089.000 1.300 
1090.000 1.300 
1091.000 1.300 
1092.000 1.300 
1093.000 1.300 
1094.000 1.300 
1095.000 1.300 
1096.000 1.300 
1097.000 1.300 
1098.000 1.300 
1099.000 1.300 
1100.000 1.300 
1101.000 1.300 
1102.000 1.300 
1103.000 1.300 
1104.000 1.300 
1105.000 1.300 
1106.000 1.300 
1107.000 1.300 
1108.000 1.300 
1109.000 1.300 
1110.000 1.300 
1111.000 1.300 
1112.000 1.300 
1113.000 1.300 
1114.000 1.300 
1115.000 1.300 
1116.000 1.300 
1117.000 1.300 
1118.000 1.300 
1119.000 1.300 
1120.000 1.300 
1121.000 1.300 
1122.000 1.300 
1123.000 1.300 
1124.000 1.300 
1125.000 1.300 
1126.000 1.300 
1127.000 1.300 
1128.000 1.300 
1129.000 1.300 
1130.000 1.300 
1131.000 1.300 
1132.000 1.300 
1133.000 1.300 
1134.000 1.300 
1135.000 1.300 
1136.000 1.300 
1137.000 1.300 
1138.000 1.300 
1139.000 1.300 
1140.000 1.300 
1141.000 1.300 
1142.000 1.300 
1143.000 1.300 
1144.000 1.300 
1145.000 1.300 
1146.000 1.300 
1147.000 1.300 
1148.000 1.300 
1149.000 1.300 
1150.000 1.300 
1151.000 1.300 
1152.000 1.300 
1153.000 1.300 
1154.000 1.300 
1155.000 1.300 
1156.000 1.300 
1157.000 1.300 
1158.000 1.300 
1159.000 1.300 
1160.000 1.300 
1161.000 1.300 
1162.000 1.300 
1163.000 1.300 
1164.000 1.300 
1165.000 1.300 
1166.000 1.300 
1167.000 1.300 
1168.000 1.300 
1169.000 1.300 
1170.000 1.300 
1171.000 1.300 
1172.000 1.300 
1173.000 1.300 
1174.000 1.300 
1175.000 1.300 
1176.000 1.300 
1177.000 1.300 
1178.000 1.300 
1179.000 1.300 
1180.000 1.300 
1181.000 1.300 
1182.000 1.300 
1183.000 1.300 
1184.000 1.300 
1185.000 1.300 
1186.000 1.300 
1187.000 1.300 
1188.000 1.300 
1189.000 1.300 
1190.000 1.300 
1191.000 1.300 
1192.000 1.300 
1193.000 1.300 
1194.000 1.300 
1195.000 1.300 
1196.000 1.300 
1197.000 1.300 
1198.000 1.300 
1199.000 1.300 
1200.000 1.300 
1201.000 1.300 
1202.000 1.300 
1203.000 1.300 
1204.000 1.300 
1205.000 1.300 
1206.000 1.300 
1207.000 1.300 
1208.000 1.300 
1209.000 1.300 
1210.000 1.300 
1211.000 1.300 
1212.000 1.300 
1213.000 1.300 
1214.000 1.300 
1215.000 1.300 
1216.000 1.300 
1217.000 1.300 
1218.000 1.300 
1219.000 1.300 
1220.000 1.300 
1221.000 1.300 
1222.000 1.300 
1223.000 1.300 
1224.000 1.300 
1225.000 1.300 
1226.000 1.300 
1227.000 1.300 
1228.000 1.300 
1229.000 1.300 
1230.000 1.300 
1231.000 1.300 
1232.000 1.297 
1233.000 1.287 
1234.000 1.277 
1235.000 1.266 
1236.000 1.256 
1237.000 1.246 
1238.000 1.236 
1239.000 1.226 
1240.000 1.215 
1241.000 1.205 
1242.000 1.195 
1243.000 1.185 
1244.000 1.176 
1245.000 1.169 
1246.000 1.163 
1247.000 1.158 
1248.000 1.154 
1249.000 1.152 
1250.000 1.150 
1251.000 1.149 
1252.000 1.148 
1253.000 1.148 
1254.000 1.147 
1255.000 1.147 
1256.000 1.147 
1257.000 1.147 
1258.000 1.147 
1259.000 1.147 
1260.000 1.147 
1261.000 1.147 
1262.000 1.147 
1263.000 1.147 
1264.000 1.147 
1265.000 1.147 
1266.000 1.147 
1267.000 1.147 
1268.000 1.147 
1269.000 1.147 
1270.000 1.147 
