1.000 2.000 
2.000 2.000 
3.000 2.000 
4.000 2.000 
5.000 2.000 
6.000 2.000 
7.000 2.000 
8.000 2.000 
9.000 2.000 
10.000 2.000 
11.000 2.000 
12.000 2.000 
13.000 2.000 
14.000 2.000 
15.000 2.000 
16.000 2.000 
17.000 2.000 
18.000 2.000 
19.000 2.000 
20.000 2.000 
21.000 2.000 
22.000 2.000 
23.000 2.000 
24.000 2.000 
25.000 2.000 
26.000 2.000 
27.000 2.000 
28.000 2.000 
29.000 2.000 
30.000 2.000 
31.000 2.000 
32.000 2.001 
33.000 2.003 
34.000 2.005 
35.000 2.007 
36.000 2.009 
37.000 2.012 
38.000 2.014 
39.000 2.016 
40.000 2.019 
41.000 2.021 
42.000 2.024 
43.000 2.026 
44.000 2.028 
45.000 2.030 
46.000 2.032 
47.000 2.034 
48.000 2.035 
49.000 2.037 
50.000 2.038 
51.000 2.039 
52.000 2.041 
53.000 2.042 
54.000 2.043 
55.000 2.043 
56.000 2.044 
57.000 2.045 
58.000 2.046 
59.000 2.046 
60.000 2.047 
61.000 2.047 
62.000 2.048 
63.000 2.048 
64.000 2.048 
65.000 2.048 
66.000 2.049 
67.000 2.049 
68.000 2.049 
69.000 2.049 
70.000 2.049 
71.000 2.050 
72.000 2.050 
73.000 2.050 
74.000 2.050 
75.000 2.050 
76.000 2.050 
77.000 2.050 
78.000 2.050 
79.000 2.050 
80.000 2.050 
81.000 2.050 
82.000 2.050 
83.000 2.050 
84.000 2.050 
85.000 2.050 
86.000 2.050 
87.000 2.050 
88.000 2.050 
89.000 2.050 
90.000 2.050 
91.000 2.050 
92.000 2.050 
93.000 2.050 
94.000 2.050 
95.000 2.050 
96.000 2.050 
97.000 2.050 
98.000 2.050 
99.000 2.050 
100.000 2.050 
101.000 2.050 
102.000 2.050 
103.000 2.050 
104.000 2.050 
105.000 2.050 
106.000 2.050 
107.000 2.050 
108.000 2.050 
109.000 2.050 
110.000 2.050 
111.000 2.050 
112.000 2.050 
113.000 2.050 
114.000 2.050 
115.000 2.050 
116.000 2.050 
117.000 2.050 
118.000 2.050 
119.000 2.050 
120.000 2.050 
121.000 2.050 
122.000 2.050 
123.000 2.050 
124.000 2.050 
125.000 2.050 
126.000 2.050 
127.000 2.050 
128.000 2.050 
129.000 2.050 
130.000 2.050 
131.000 2.050 
132.000 2.050 
133.000 2.050 
134.000 2.050 
135.000 2.050 
136.000 2.050 
137.000 2.050 
138.000 2.050 
139.000 2.050 
140.000 2.050 
141.000 2.050 
142.000 2.050 
143.000 2.050 
144.000 2.050 
145.000 2.050 
146.000 2.050 
147.000 2.050 
148.000 2.050 
149.000 2.050 
150.000 2.050 
151.000 2.050 
152.000 2.050 
153.000 2.050 
154.000 2.050 
155.000 2.050 
156.000 2.050 
157.000 2.050 
158.000 2.050 
159.000 2.050 
160.000 2.050 
161.000 2.050 
162.000 2.050 
163.000 2.050 
164.000 2.050 
165.000 2.050 
166.000 2.050 
167.000 2.050 
168.000 2.050 
169.000 2.050 
170.000 2.050 
171.000 2.050 
172.000 2.050 
173.000 2.050 
174.000 2.050 
175.000 2.050 
176.000 2.050 
177.000 2.050 
178.000 2.050 
179.000 2.050 
180.000 2.050 
181.000 2.050 
182.000 2.050 
183.000 2.050 
184.000 2.050 
185.000 2.050 
186.000 2.050 
187.000 2.050 
188.000 2.050 
189.000 2.050 
190.000 2.050 
191.000 2.050 
192.000 2.050 
193.000 2.050 
194.000 2.050 
195.000 2.050 
196.000 2.050 
197.000 2.050 
198.000 2.050 
199.000 2.050 
200.000 2.050 
201.000 2.050 
202.000 2.050 
203.000 2.050 
204.000 2.050 
205.000 2.050 
206.000 2.050 
207.000 2.050 
208.000 2.050 
209.000 2.050 
210.000 2.050 
211.000 2.050 
212.000 2.050 
213.000 2.050 
214.000 2.050 
215.000 2.050 
216.000 2.050 
217.000 2.050 
218.000 2.050 
219.000 2.050 
220.000 2.050 
221.000 2.050 
222.000 2.050 
223.000 2.050 
224.000 2.050 
225.000 2.050 
226.000 2.050 
227.000 2.050 
228.000 2.050 
229.000 2.050 
230.000 2.050 
231.000 2.050 
232.000 2.050 
233.000 2.050 
234.000 2.050 
235.000 2.050 
236.000 2.050 
237.000 2.050 
238.000 2.050 
239.000 2.050 
240.000 2.050 
241.000 2.050 
242.000 2.050 
243.000 2.050 
244.000 2.050 
245.000 2.050 
246.000 2.050 
247.000 2.050 
248.000 2.050 
249.000 2.050 
250.000 2.050 
251.000 2.050 
252.000 2.050 
253.000 2.050 
254.000 2.050 
255.000 2.050 
256.000 2.050 
257.000 2.050 
258.000 2.050 
259.000 2.050 
260.000 2.050 
261.000 2.050 
262.000 2.050 
263.000 2.050 
264.000 2.050 
265.000 2.050 
266.000 2.050 
267.000 2.050 
268.000 2.050 
269.000 2.050 
270.000 2.050 
271.000 2.050 
272.000 2.050 
273.000 2.050 
274.000 2.050 
275.000 2.050 
276.000 2.050 
277.000 2.050 
278.000 2.050 
279.000 2.050 
280.000 2.050 
281.000 2.049 
282.000 2.048 
283.000 2.044 
284.000 2.040 
285.000 2.035 
286.000 2.029 
287.000 2.023 
288.000 2.016 
289.000 2.009 
290.000 2.003 
291.000 1.996 
292.000 1.989 
293.000 1.983 
294.000 1.977 
295.000 1.971 
296.000 1.965 
297.000 1.960 
298.000 1.955 
299.000 1.950 
300.000 1.946 
301.000 1.942 
302.000 1.938 
303.000 1.935 
304.000 1.932 
305.000 1.930 
306.000 1.928 
307.000 1.926 
308.000 1.924 
309.000 1.923 
310.000 1.922 
311.000 1.921 
312.000 1.920 
313.000 1.920 
314.000 1.920 
315.000 1.920 
316.000 1.920 
317.000 1.920 
318.000 1.920 
319.000 1.921 
320.000 1.921 
321.000 1.922 
322.000 1.922 
323.000 1.923 
324.000 1.924 
325.000 1.925 
326.000 1.925 
327.000 1.926 
328.000 1.927 
329.000 1.928 
330.000 1.929 
331.000 1.930 
332.000 1.930 
333.000 1.931 
334.000 1.932 
335.000 1.933 
336.000 1.934 
337.000 1.934 
338.000 1.935 
339.000 1.936 
340.000 1.937 
341.000 1.937 
342.000 1.938 
343.000 1.939 
344.000 1.939 
345.000 1.940 
346.000 1.940 
347.000 1.941 
348.000 1.941 
349.000 1.942 
350.000 1.942 
351.000 1.943 
352.000 1.943 
353.000 1.944 
354.000 1.944 
355.000 1.944 
356.000 1.945 
357.000 1.945 
358.000 1.945 
359.000 1.946 
360.000 1.946 
361.000 1.946 
362.000 1.946 
363.000 1.947 
364.000 1.947 
365.000 1.947 
366.000 1.947 
367.000 1.947 
368.000 1.947 
369.000 1.948 
370.000 1.948 
371.000 1.948 
372.000 1.948 
373.000 1.948 
374.000 1.948 
375.000 1.948 
376.000 1.948 
377.000 1.949 
378.000 1.949 
379.000 1.949 
380.000 1.949 
381.000 1.949 
382.000 1.949 
383.000 1.949 
384.000 1.949 
385.000 1.949 
386.000 1.949 
387.000 1.949 
388.000 1.949 
389.000 1.949 
390.000 1.949 
391.000 1.949 
392.000 1.949 
393.000 1.950 
394.000 1.950 
395.000 1.950 
396.000 1.950 
397.000 1.950 
398.000 1.950 
399.000 1.950 
400.000 1.950 
401.000 1.950 
402.000 1.950 
403.000 1.950 
404.000 1.950 
405.000 1.950 
406.000 1.950 
407.000 1.950 
408.000 1.950 
409.000 1.950 
410.000 1.950 
411.000 1.950 
412.000 1.950 
413.000 1.950 
414.000 1.950 
415.000 1.950 
416.000 1.950 
417.000 1.950 
418.000 1.950 
419.000 1.950 
420.000 1.950 
421.000 1.950 
422.000 1.950 
423.000 1.950 
424.000 1.950 
425.000 1.950 
426.000 1.950 
427.000 1.950 
428.000 1.950 
429.000 1.950 
430.000 1.950 
431.000 1.950 
432.000 1.950 
433.000 1.950 
434.000 1.950 
435.000 1.950 
436.000 1.950 
437.000 1.950 
438.000 1.950 
439.000 1.950 
440.000 1.950 
441.000 1.950 
442.000 1.950 
443.000 1.950 
444.000 1.950 
445.000 1.950 
446.000 1.950 
447.000 1.950 
448.000 1.950 
449.000 1.950 
450.000 1.950 
451.000 1.950 
452.000 1.950 
453.000 1.950 
454.000 1.950 
455.000 1.950 
456.000 1.950 
457.000 1.950 
458.000 1.950 
459.000 1.950 
460.000 1.950 
461.000 1.950 
462.000 1.950 
463.000 1.950 
464.000 1.950 
465.000 1.950 
466.000 1.950 
467.000 1.950 
468.000 1.950 
469.000 1.950 
470.000 1.950 
471.000 1.950 
472.000 1.950 
473.000 1.950 
474.000 1.950 
475.000 1.950 
476.000 1.950 
477.000 1.950 
478.000 1.950 
479.000 1.950 
480.000 1.950 
481.000 1.950 
482.000 1.950 
483.000 1.950 
484.000 1.950 
485.000 1.950 
486.000 1.950 
487.000 1.950 
488.000 1.950 
489.000 1.950 
490.000 1.950 
491.000 1.950 
492.000 1.950 
493.000 1.950 
494.000 1.950 
495.000 1.950 
496.000 1.950 
497.000 1.950 
498.000 1.950 
499.000 1.950 
500.000 1.950 
501.000 1.950 
502.000 1.950 
503.000 1.950 
504.000 1.950 
505.000 1.950 
506.000 1.950 
507.000 1.950 
508.000 1.950 
509.000 1.950 
510.000 1.950 
511.000 1.950 
512.000 1.950 
513.000 1.950 
514.000 1.950 
515.000 1.950 
516.000 1.950 
517.000 1.950 
518.000 1.950 
519.000 1.950 
520.000 1.950 
521.000 1.950 
522.000 1.950 
523.000 1.950 
524.000 1.950 
525.000 1.950 
526.000 1.950 
527.000 1.950 
528.000 1.950 
529.000 1.950 
530.000 1.950 
531.000 1.951 
532.000 1.952 
533.000 1.957 
534.000 1.963 
535.000 1.972 
536.000 1.982 
537.000 1.993 
538.000 2.004 
539.000 2.017 
540.000 2.029 
541.000 2.042 
542.000 2.055 
543.000 2.067 
544.000 2.079 
545.000 2.091 
546.000 2.102 
547.000 2.113 
548.000 2.124 
549.000 2.133 
550.000 2.142 
551.000 2.150 
552.000 2.158 
553.000 2.164 
554.000 2.170 
555.000 2.176 
556.000 2.180 
557.000 2.184 
558.000 2.187 
559.000 2.190 
560.000 2.192 
561.000 2.193 
562.000 2.194 
563.000 2.195 
564.000 2.195 
565.000 2.195 
566.000 2.194 
567.000 2.193 
568.000 2.192 
569.000 2.190 
570.000 2.188 
571.000 2.187 
572.000 2.184 
573.000 2.182 
574.000 2.180 
575.000 2.177 
576.000 2.175 
577.000 2.172 
578.000 2.170 
579.000 2.167 
580.000 2.165 
581.000 2.162 
582.000 2.160 
583.000 2.157 
584.000 2.155 
585.000 2.152 
586.000 2.150 
587.000 2.147 
588.000 2.145 
589.000 2.143 
590.000 2.141 
591.000 2.139 
592.000 2.137 
593.000 2.135 
594.000 2.133 
595.000 2.131 
596.000 2.130 
597.000 2.128 
598.000 2.127 
599.000 2.125 
600.000 2.124 
601.000 2.122 
602.000 2.121 
603.000 2.120 
604.000 2.119 
605.000 2.118 
606.000 2.117 
607.000 2.116 
608.000 2.115 
609.000 2.114 
610.000 2.113 
611.000 2.112 
612.000 2.112 
613.000 2.111 
614.000 2.110 
615.000 2.110 
616.000 2.109 
617.000 2.108 
618.000 2.108 
619.000 2.107 
620.000 2.107 
621.000 2.107 
622.000 2.106 
623.000 2.106 
624.000 2.105 
625.000 2.105 
626.000 2.105 
627.000 2.104 
628.000 2.104 
629.000 2.104 
630.000 2.104 
631.000 2.103 
632.000 2.103 
633.000 2.103 
634.000 2.103 
635.000 2.103 
636.000 2.102 
637.000 2.102 
638.000 2.102 
639.000 2.102 
640.000 2.102 
641.000 2.102 
642.000 2.102 
643.000 2.102 
644.000 2.101 
645.000 2.101 
646.000 2.101 
647.000 2.101 
648.000 2.101 
649.000 2.101 
650.000 2.101 
651.000 2.101 
652.000 2.101 
653.000 2.101 
654.000 2.101 
655.000 2.101 
656.000 2.101 
657.000 2.101 
658.000 2.101 
659.000 2.101 
660.000 2.100 
661.000 2.100 
662.000 2.100 
663.000 2.100 
664.000 2.100 
665.000 2.100 
666.000 2.100 
667.000 2.100 
668.000 2.100 
669.000 2.100 
670.000 2.100 
671.000 2.100 
672.000 2.100 
673.000 2.100 
674.000 2.100 
675.000 2.100 
676.000 2.100 
677.000 2.100 
678.000 2.100 
679.000 2.100 
680.000 2.100 
681.000 2.100 
682.000 2.100 
683.000 2.100 
684.000 2.100 
685.000 2.100 
686.000 2.100 
687.000 2.100 
688.000 2.100 
689.000 2.100 
690.000 2.100 
691.000 2.100 
692.000 2.100 
693.000 2.100 
694.000 2.100 
695.000 2.100 
696.000 2.100 
697.000 2.100 
698.000 2.100 
699.000 2.100 
700.000 2.100 
701.000 2.100 
702.000 2.100 
703.000 2.100 
704.000 2.100 
705.000 2.100 
706.000 2.100 
707.000 2.100 
708.000 2.100 
709.000 2.100 
710.000 2.100 
711.000 2.100 
712.000 2.100 
713.000 2.100 
714.000 2.100 
715.000 2.100 
716.000 2.100 
717.000 2.100 
718.000 2.100 
719.000 2.100 
720.000 2.100 
721.000 2.100 
722.000 2.100 
723.000 2.100 
724.000 2.100 
725.000 2.100 
726.000 2.100 
727.000 2.100 
728.000 2.100 
729.000 2.100 
730.000 2.100 
731.000 2.100 
732.000 2.100 
733.000 2.100 
734.000 2.100 
735.000 2.100 
736.000 2.100 
737.000 2.100 
738.000 2.100 
739.000 2.100 
740.000 2.100 
741.000 2.100 
742.000 2.100 
743.000 2.100 
744.000 2.100 
745.000 2.100 
746.000 2.100 
747.000 2.100 
748.000 2.100 
749.000 2.100 
750.000 2.100 
751.000 2.100 
752.000 2.100 
753.000 2.100 
754.000 2.100 
755.000 2.100 
756.000 2.100 
757.000 2.100 
758.000 2.100 
759.000 2.100 
760.000 2.100 
761.000 2.100 
762.000 2.100 
763.000 2.100 
764.000 2.100 
765.000 2.100 
766.000 2.100 
767.000 2.100 
768.000 2.100 
769.000 2.100 
770.000 2.100 
771.000 2.100 
772.000 2.100 
773.000 2.100 
774.000 2.100 
775.000 2.100 
776.000 2.100 
777.000 2.100 
778.000 2.100 
779.000 2.100 
780.000 2.100 
781.000 2.099 
782.000 2.098 
783.000 2.093 
784.000 2.084 
785.000 2.072 
786.000 2.058 
787.000 2.042 
788.000 2.023 
789.000 2.004 
790.000 1.984 
791.000 1.963 
792.000 1.942 
793.000 1.921 
794.000 1.900 
795.000 1.879 
796.000 1.859 
797.000 1.840 
798.000 1.822 
799.000 1.804 
800.000 1.788 
801.000 1.773 
802.000 1.759 
803.000 1.747 
804.000 1.735 
805.000 1.725 
806.000 1.717 
807.000 1.709 
808.000 1.703 
809.000 1.698 
810.000 1.694 
811.000 1.691 
812.000 1.689 
813.000 1.689 
814.000 1.689 
815.000 1.689 
816.000 1.691 
817.000 1.693 
818.000 1.696 
819.000 1.699 
820.000 1.703 
821.000 1.707 
822.000 1.712 
823.000 1.716 
824.000 1.721 
825.000 1.727 
826.000 1.732 
827.000 1.738 
828.000 1.743 
829.000 1.749 
830.000 1.755 
831.000 1.760 
832.000 1.766 
833.000 1.771 
834.000 1.777 
835.000 1.782 
836.000 1.787 
837.000 1.793 
838.000 1.798 
839.000 1.802 
840.000 1.807 
841.000 1.812 
842.000 1.816 
843.000 1.820 
844.000 1.825 
845.000 1.828 
846.000 1.832 
847.000 1.836 
848.000 1.839 
849.000 1.843 
850.000 1.846 
851.000 1.849 
852.000 1.852 
853.000 1.854 
854.000 1.857 
855.000 1.860 
856.000 1.862 
857.000 1.864 
858.000 1.866 
859.000 1.868 
860.000 1.870 
861.000 1.872 
862.000 1.874 
863.000 1.875 
864.000 1.877 
865.000 1.878 
866.000 1.879 
867.000 1.881 
868.000 1.882 
869.000 1.883 
870.000 1.884 
871.000 1.885 
872.000 1.886 
873.000 1.887 
874.000 1.888 
875.000 1.888 
876.000 1.889 
877.000 1.890 
878.000 1.890 
879.000 1.891 
880.000 1.892 
881.000 1.892 
882.000 1.893 
883.000 1.893 
884.000 1.894 
885.000 1.894 
886.000 1.894 
887.000 1.895 
888.000 1.895 
889.000 1.895 
890.000 1.896 
891.000 1.896 
892.000 1.896 
893.000 1.896 
894.000 1.897 
895.000 1.897 
896.000 1.897 
897.000 1.897 
898.000 1.897 
899.000 1.898 
900.000 1.898 
901.000 1.898 
902.000 1.898 
903.000 1.898 
904.000 1.898 
905.000 1.898 
906.000 1.899 
907.000 1.899 
908.000 1.899 
909.000 1.899 
910.000 1.899 
911.000 1.899 
912.000 1.899 
913.000 1.899 
914.000 1.899 
915.000 1.899 
916.000 1.899 
917.000 1.899 
918.000 1.899 
919.000 1.899 
920.000 1.899 
921.000 1.899 
922.000 1.899 
923.000 1.900 
924.000 1.900 
925.000 1.900 
926.000 1.900 
927.000 1.900 
928.000 1.900 
929.000 1.900 
930.000 1.900 
931.000 1.900 
932.000 1.900 
933.000 1.900 
934.000 1.900 
935.000 1.900 
936.000 1.900 
937.000 1.900 
938.000 1.900 
939.000 1.900 
940.000 1.900 
941.000 1.900 
942.000 1.900 
943.000 1.900 
944.000 1.900 
945.000 1.900 
946.000 1.900 
947.000 1.900 
948.000 1.900 
949.000 1.900 
950.000 1.900 
951.000 1.900 
952.000 1.900 
953.000 1.900 
954.000 1.900 
955.000 1.900 
956.000 1.900 
957.000 1.900 
958.000 1.900 
959.000 1.900 
960.000 1.900 
961.000 1.900 
962.000 1.900 
963.000 1.900 
964.000 1.900 
965.000 1.900 
966.000 1.900 
967.000 1.900 
968.000 1.900 
969.000 1.900 
970.000 1.900 
971.000 1.900 
972.000 1.900 
973.000 1.900 
974.000 1.900 
975.000 1.900 
976.000 1.900 
977.000 1.900 
978.000 1.900 
979.000 1.900 
980.000 1.900 
981.000 1.900 
982.000 1.900 
983.000 1.900 
984.000 1.900 
985.000 1.900 
986.000 1.900 
987.000 1.900 
988.000 1.900 
989.000 1.900 
990.000 1.900 
991.000 1.900 
992.000 1.900 
993.000 1.900 
994.000 1.900 
995.000 1.900 
996.000 1.900 
997.000 1.900 
998.000 1.900 
999.000 1.900 
1000.000 1.900 
1001.000 1.900 
1002.000 1.900 
1003.000 1.900 
1004.000 1.900 
1005.000 1.900 
1006.000 1.900 
1007.000 1.900 
1008.000 1.900 
1009.000 1.900 
1010.000 1.900 
1011.000 1.900 
1012.000 1.900 
1013.000 1.900 
1014.000 1.900 
1015.000 1.900 
1016.000 1.900 
1017.000 1.900 
1018.000 1.900 
1019.000 1.900 
1020.000 1.900 
1021.000 1.900 
1022.000 1.900 
1023.000 1.900 
1024.000 1.900 
1025.000 1.900 
1026.000 1.900 
1027.000 1.900 
1028.000 1.900 
1029.000 1.900 
1030.000 1.900 
1031.000 1.901 
1032.000 1.902 
1033.000 1.906 
1034.000 1.914 
1035.000 1.924 
1036.000 1.938 
1037.000 1.953 
1038.000 1.970 
1039.000 1.989 
1040.000 2.009 
1041.000 2.030 
1042.000 2.051 
1043.000 2.073 
1044.000 2.095 
1045.000 2.117 
1046.000 2.138 
1047.000 2.160 
1048.000 2.181 
1049.000 2.201 
1050.000 2.222 
1051.000 2.241 
1052.000 2.260 
1053.000 2.279 
1054.000 2.296 
1055.000 2.314 
1056.000 2.330 
1057.000 2.346 
1058.000 2.361 
1059.000 2.376 
1060.000 2.390 
1061.000 2.403 
1062.000 2.415 
1063.000 2.426 
1064.000 2.436 
1065.000 2.445 
1066.000 2.453 
1067.000 2.460 
1068.000 2.466 
1069.000 2.471 
1070.000 2.475 
1071.000 2.478 
1072.000 2.479 
1073.000 2.480 
1074.000 2.480 
1075.000 2.479 
1076.000 2.477 
1077.000 2.474 
1078.000 2.470 
1079.000 2.466 
1080.000 2.461 
1081.000 2.455 
1082.000 2.449 
1083.000 2.443 
1084.000 2.436 
1085.000 2.429 
1086.000 2.421 
1087.000 2.413 
1088.000 2.405 
1089.000 2.397 
1090.000 2.389 
1091.000 2.381 
1092.000 2.373 
1093.000 2.364 
1094.000 2.356 
1095.000 2.348 
1096.000 2.340 
1097.000 2.332 
1098.000 2.324 
1099.000 2.317 
1100.000 2.309 
1101.000 2.302 
1102.000 2.295 
1103.000 2.288 
1104.000 2.281 
1105.000 2.275 
1106.000 2.269 
1107.000 2.263 
1108.000 2.257 
1109.000 2.251 
1110.000 2.246 
1111.000 2.241 
1112.000 2.236 
1113.000 2.232 
1114.000 2.227 
1115.000 2.223 
1116.000 2.219 
1117.000 2.215 
1118.000 2.211 
1119.000 2.208 
1120.000 2.204 
1121.000 2.201 
1122.000 2.198 
1123.000 2.196 
1124.000 2.193 
1125.000 2.190 
1126.000 2.188 
1127.000 2.186 
1128.000 2.183 
1129.000 2.181 
1130.000 2.180 
1131.000 2.178 
1132.000 2.176 
1133.000 2.174 
1134.000 2.173 
1135.000 2.172 
1136.000 2.170 
1137.000 2.169 
1138.000 2.168 
1139.000 2.167 
1140.000 2.166 
1141.000 2.165 
1142.000 2.164 
1143.000 2.163 
1144.000 2.162 
1145.000 2.161 
1146.000 2.161 
1147.000 2.160 
1148.000 2.159 
1149.000 2.159 
1150.000 2.158 
1151.000 2.158 
1152.000 2.157 
1153.000 2.157 
1154.000 2.156 
1155.000 2.156 
1156.000 2.155 
1157.000 2.155 
1158.000 2.155 
1159.000 2.154 
1160.000 2.154 
1161.000 2.154 
1162.000 2.154 
1163.000 2.153 
1164.000 2.153 
1165.000 2.153 
1166.000 2.153 
1167.000 2.153 
1168.000 2.152 
1169.000 2.152 
1170.000 2.152 
1171.000 2.152 
1172.000 2.152 
1173.000 2.152 
1174.000 2.152 
1175.000 2.152 
1176.000 2.151 
1177.000 2.151 
1178.000 2.151 
1179.000 2.151 
1180.000 2.151 
1181.000 2.151 
1182.000 2.151 
1183.000 2.151 
1184.000 2.151 
1185.000 2.151 
1186.000 2.151 
1187.000 2.151 
1188.000 2.151 
1189.000 2.151 
1190.000 2.151 
1191.000 2.151 
1192.000 2.150 
1193.000 2.150 
1194.000 2.150 
1195.000 2.150 
1196.000 2.150 
1197.000 2.150 
1198.000 2.150 
1199.000 2.150 
1200.000 2.150 
1201.000 2.150 
1202.000 2.150 
1203.000 2.150 
1204.000 2.150 
1205.000 2.150 
1206.000 2.150 
1207.000 2.150 
1208.000 2.150 
1209.000 2.150 
1210.000 2.150 
1211.000 2.150 
1212.000 2.150 
1213.000 2.150 
1214.000 2.150 
1215.000 2.150 
1216.000 2.150 
1217.000 2.150 
1218.000 2.150 
1219.000 2.150 
1220.000 2.150 
1221.000 2.150 
1222.000 2.150 
1223.000 2.150 
1224.000 2.150 
1225.000 2.150 
1226.000 2.150 
1227.000 2.150 
1228.000 2.150 
1229.000 2.150 
1230.000 2.150 
1231.000 2.150 
1232.000 2.150 
1233.000 2.150 
1234.000 2.150 
1235.000 2.150 
1236.000 2.150 
1237.000 2.150 
1238.000 2.150 
1239.000 2.150 
1240.000 2.150 
1241.000 2.150 
1242.000 2.150 
1243.000 2.150 
1244.000 2.150 
1245.000 2.150 
1246.000 2.150 
1247.000 2.150 
1248.000 2.150 
1249.000 2.150 
1250.000 2.150 
1251.000 2.150 
1252.000 2.150 
1253.000 2.150 
1254.000 2.150 
1255.000 2.150 
1256.000 2.150 
1257.000 2.150 
1258.000 2.150 
1259.000 2.150 
1260.000 2.150 
1261.000 2.150 
1262.000 2.150 
1263.000 2.150 
1264.000 2.150 
1265.000 2.150 
1266.000 2.150 
1267.000 2.150 
1268.000 2.150 
1269.000 2.150 
1270.000 2.150 
