1.000 28.000 
2.000 28.000 
3.000 100.000 
4.000 100.000 
5.000 100.000 
6.000 100.000 
7.000 100.000 
8.000 100.000 
9.000 100.000 
10.000 100.000 
11.000 100.000 
12.000 100.000 
13.000 100.000 
14.000 100.000 
15.000 100.000 
16.000 100.000 
17.000 100.000 
18.000 100.000 
19.000 100.000 
20.000 100.000 
21.000 100.000 
22.000 100.000 
23.000 100.000 
24.000 100.000 
25.000 100.000 
26.000 100.000 
27.000 100.000 
28.000 100.000 
29.000 100.000 
30.000 100.000 
31.000 100.000 
32.000 100.000 
33.000 100.000 
34.000 100.000 
35.000 100.000 
36.000 100.000 
37.000 100.000 
38.000 98.982 
39.000 96.993 
40.000 94.962 
41.000 92.890 
42.000 90.021 
43.000 88.760 
44.000 86.412 
45.000 84.173 
46.000 81.892 
47.000 79.570 
48.000 77.206 
49.000 75.555 
50.000 72.967 
51.000 71.369 
52.000 68.685 
53.000 66.889 
54.000 64.912 
55.000 62.902 
56.000 60.987 
57.000 59.647 
58.000 57.404 
59.000 56.161 
60.000 53.842 
61.000 52.547 
62.000 50.931 
63.000 49.444 
64.000 48.542 
65.000 46.873 
66.000 45.184 
67.000 44.379 
68.000 43.389 
69.000 42.389 
70.000 41.253 
71.000 41.012 
72.000 39.840 
73.000 39.563 
74.000 39.137 
75.000 37.955 
76.000 38.423 
77.000 37.847 
78.000 37.420 
79.000 36.993 
80.000 37.322 
81.000 37.636 
82.000 37.811 
83.000 38.021 
84.000 38.241 
85.000 38.597 
86.000 38.813 
87.000 39.065 
88.000 39.327 
89.000 39.724 
90.000 40.737 
91.000 40.891 
92.000 41.330 
93.000 41.630 
94.000 42.720 
95.000 43.051 
96.000 43.392 
97.000 43.769 
98.000 45.037 
99.000 45.270 
100.000 46.443 
101.000 46.857 
102.000 47.282 
103.000 47.742 
104.000 48.212 
105.000 49.573 
106.000 49.900 
107.000 50.412 
108.000 51.059 
109.000 51.567 
110.000 52.111 
111.000 52.664 
112.000 53.353 
113.000 53.903 
114.000 53.733 
115.000 54.468 
116.000 55.063 
117.000 54.913 
118.000 55.794 
119.000 56.386 
120.000 57.012 
121.000 56.894 
122.000 57.681 
123.000 57.572 
124.000 58.495 
125.000 58.373 
126.000 59.182 
127.000 59.095 
128.000 59.158 
129.000 59.222 
130.000 59.285 
131.000 59.348 
132.000 59.412 
133.000 59.475 
134.000 59.538 
135.000 59.602 
136.000 58.910 
137.000 59.113 
138.000 59.167 
139.000 58.339 
140.000 58.556 
141.000 58.597 
142.000 57.884 
143.000 58.066 
144.000 58.097 
145.000 58.129 
146.000 57.406 
147.000 57.577 
148.000 57.599 
149.000 56.866 
150.000 57.027 
151.000 56.158 
152.000 56.333 
153.000 55.578 
154.000 55.718 
155.000 54.953 
156.000 55.083 
157.000 55.063 
158.000 54.288 
159.000 54.408 
160.000 53.497 
161.000 53.631 
162.000 53.589 
163.000 53.547 
164.000 52.751 
165.000 52.849 
166.000 52.797 
167.000 52.746 
168.000 52.694 
169.000 52.642 
170.000 51.836 
171.000 51.924 
172.000 51.862 
173.000 51.801 
174.000 51.739 
175.000 51.677 
176.000 51.616 
177.000 51.554 
178.000 52.247 
179.000 52.046 
180.000 51.994 
181.000 51.187 
182.000 52.031 
183.000 51.829 
184.000 51.777 
185.000 51.726 
186.000 51.674 
187.000 51.622 
188.000 51.571 
189.000 51.519 
190.000 51.467 
191.000 51.416 
192.000 51.364 
193.000 51.312 
194.000 52.016 
195.000 51.824 
196.000 51.782 
197.000 51.741 
198.000 51.699 
199.000 51.657 
200.000 51.616 
201.000 51.574 
202.000 51.532 
203.000 51.491 
204.000 52.330 
205.000 52.125 
206.000 52.095 
207.000 52.065 
208.000 52.035 
209.000 52.760 
210.000 52.590 
211.000 52.570 
212.000 52.550 
213.000 52.530 
214.000 52.510 
215.000 53.245 
216.000 53.085 
217.000 53.075 
218.000 53.065 
219.000 53.055 
220.000 53.045 
221.000 53.035 
222.000 53.780 
223.000 53.630 
224.000 53.630 
225.000 53.630 
226.000 53.630 
227.000 53.630 
228.000 53.630 
229.000 52.875 
230.000 53.770 
231.000 53.620 
232.000 52.865 
233.000 53.005 
234.000 52.995 
235.000 52.985 
236.000 52.975 
237.000 52.965 
238.000 52.955 
239.000 52.945 
240.000 52.935 
241.000 52.925 
242.000 52.915 
243.000 52.905 
244.000 52.895 
245.000 53.640 
246.000 53.490 
247.000 52.735 
248.000 52.875 
249.000 52.865 
250.000 53.610 
251.000 53.460 
252.000 53.460 
253.000 52.705 
254.000 52.845 
255.000 52.835 
256.000 52.825 
257.000 52.815 
258.000 52.805 
259.000 52.795 
260.000 52.785 
261.000 52.775 
262.000 52.765 
263.000 52.755 
264.000 52.745 
265.000 52.735 
266.000 52.725 
267.000 52.715 
268.000 52.705 
269.000 52.695 
270.000 53.440 
271.000 53.290 
272.000 52.535 
273.000 52.675 
274.000 52.665 
275.000 52.655 
276.000 52.645 
277.000 53.390 
278.000 53.240 
279.000 53.240 
280.000 53.240 
281.000 52.485 
282.000 52.625 
283.000 52.615 
284.000 52.605 
285.000 52.595 
286.000 52.585 
287.000 52.575 
288.000 51.810 
289.000 51.940 
290.000 51.920 
291.000 51.900 
292.000 51.880 
293.000 51.860 
294.000 51.840 
295.000 51.820 
296.000 51.800 
297.000 51.780 
298.000 52.515 
299.000 52.355 
300.000 52.345 
301.000 0.000 
302.000 1.075 
303.000 0.232 
304.000 0.000 
305.000 0.000 
306.000 0.000 
307.000 0.000 
308.000 0.000 
309.000 0.000 
310.000 0.000 
311.000 0.000 
312.000 0.000 
313.000 0.000 
314.000 0.000 
315.000 0.000 
316.000 0.000 
317.000 0.000 
318.000 0.000 
319.000 0.000 
320.000 0.000 
321.000 0.000 
322.000 0.000 
323.000 0.198 
324.000 1.696 
325.000 3.050 
326.000 4.310 
327.000 4.996 
328.000 6.583 
329.000 7.927 
330.000 9.451 
331.000 10.982 
332.000 11.663 
333.000 14.176 
334.000 14.895 
335.000 16.691 
336.000 18.242 
337.000 19.975 
338.000 20.959 
339.000 22.744 
340.000 23.805 
341.000 25.767 
342.000 27.486 
343.000 28.630 
344.000 30.676 
345.000 31.722 
346.000 33.090 
347.000 34.328 
348.000 35.737 
349.000 36.262 
350.000 37.727 
351.000 39.188 
352.000 39.765 
353.000 40.527 
354.000 42.179 
355.000 42.797 
356.000 43.601 
357.000 44.540 
358.000 45.340 
359.000 46.175 
360.000 46.265 
361.000 47.260 
362.000 47.360 
363.000 47.610 
364.000 47.860 
365.000 48.110 
366.000 48.360 
367.000 48.610 
368.000 48.105 
369.000 48.495 
370.000 48.735 
371.000 48.220 
372.000 48.600 
373.000 48.075 
374.000 48.445 
375.000 47.784 
376.000 47.412 
377.000 47.761 
378.000 47.204 
379.000 46.787 
380.000 47.116 
381.000 46.413 
382.000 46.000 
383.000 45.552 
384.000 45.848 
385.000 45.240 
386.000 44.646 
387.000 44.191 
388.000 43.701 
389.000 43.201 
390.000 42.565 
391.000 42.068 
392.000 41.537 
393.000 40.995 
394.000 41.198 
395.000 40.371 
396.000 39.832 
397.000 39.259 
398.000 38.676 
399.000 38.837 
400.000 37.968 
401.000 37.388 
402.000 36.773 
403.000 36.148 
404.000 36.268 
405.000 35.357 
406.000 34.736 
407.000 34.834 
408.000 34.782 
409.000 33.976 
410.000 34.064 
411.000 33.247 
412.000 33.326 
413.000 33.254 
414.000 33.182 
415.000 33.111 
416.000 33.039 
417.000 32.967 
418.000 32.896 
419.000 31.943 
420.000 32.035 
421.000 31.952 
422.000 32.749 
423.000 32.502 
424.000 32.431 
425.000 32.359 
426.000 32.287 
427.000 32.216 
428.000 32.144 
429.000 32.072 
430.000 32.756 
431.000 32.544 
432.000 32.482 
433.000 33.176 
434.000 32.974 
435.000 32.922 
436.000 33.626 
437.000 33.434 
438.000 33.392 
439.000 34.232 
440.000 34.027 
441.000 33.997 
442.000 33.967 
443.000 34.692 
444.000 34.522 
445.000 34.502 
446.000 35.237 
447.000 35.077 
448.000 35.067 
449.000 35.057 
450.000 35.802 
451.000 35.652 
452.000 35.652 
453.000 36.532 
454.000 36.369 
455.000 37.136 
456.000 37.007 
457.000 37.029 
458.000 37.051 
459.000 37.072 
460.000 37.094 
461.000 37.871 
462.000 37.752 
463.000 37.784 
464.000 37.816 
465.000 38.602 
466.000 38.494 
467.000 38.536 
468.000 38.577 
469.000 39.500 
470.000 39.378 
471.000 39.432 
472.000 39.485 
473.000 39.538 
474.000 39.592 
475.000 39.645 
476.000 39.698 
477.000 38.871 
478.000 39.087 
479.000 39.129 
480.000 39.171 
481.000 39.212 
482.000 39.254 
483.000 38.541 
484.000 38.722 
485.000 38.754 
486.000 38.786 
487.000 38.817 
488.000 38.849 
489.000 38.126 
490.000 38.297 
491.000 38.319 
492.000 38.341 
493.000 38.362 
494.000 38.384 
495.000 37.651 
496.000 37.812 
497.000 37.824 
498.000 37.836 
499.000 37.847 
500.000 37.859 
501.000 37.871 
502.000 37.882 
503.000 37.894 
504.000 37.906 
505.000 37.917 
506.000 37.929 
507.000 37.941 
508.000 37.952 
509.000 38.719 
510.000 38.591 
511.000 38.612 
512.000 38.634 
513.000 38.656 
514.000 37.922 
515.000 38.084 
516.000 38.096 
517.000 38.107 
518.000 38.119 
519.000 38.131 
520.000 38.897 
521.000 38.769 
522.000 38.791 
523.000 38.057 
524.000 38.219 
525.000 38.231 
526.000 38.242 
527.000 38.254 
528.000 38.266 
529.000 38.277 
530.000 38.289 
531.000 37.420 
532.000 37.595 
533.000 37.595 
534.000 37.595 
535.000 37.595 
536.000 37.595 
537.000 37.595 
538.000 36.840 
539.000 37.735 
540.000 37.585 
541.000 37.585 
542.000 37.585 
543.000 36.830 
544.000 36.970 
545.000 36.960 
546.000 36.950 
547.000 36.940 
548.000 36.930 
549.000 36.920 
550.000 36.910 
551.000 36.900 
552.000 36.890 
553.000 36.880 
554.000 36.870 
555.000 36.860 
556.000 36.850 
557.000 36.840 
558.000 36.830 
559.000 36.065 
560.000 36.195 
561.000 36.175 
562.000 36.155 
563.000 36.890 
564.000 36.730 
565.000 36.720 
566.000 36.710 
567.000 36.700 
568.000 36.690 
569.000 36.680 
570.000 36.670 
571.000 36.660 
572.000 36.650 
573.000 36.640 
574.000 35.875 
575.000 36.760 
576.000 36.600 
577.000 36.590 
578.000 36.580 
579.000 36.570 
580.000 36.560 
581.000 37.305 
582.000 37.155 
583.000 37.155 
584.000 37.155 
585.000 37.155 
586.000 38.036 
587.000 37.872 
588.000 37.884 
589.000 37.896 
590.000 37.907 
591.000 37.919 
592.000 37.931 
593.000 37.942 
594.000 38.709 
595.000 37.826 
596.000 38.742 
597.000 37.859 
598.000 38.021 
599.000 38.787 
600.000 38.659 
