1.000 28.000 
2.000 28.000 
3.000 100.000 
4.000 100.000 
5.000 100.000 
6.000 100.000 
7.000 100.000 
8.000 100.000 
9.000 100.000 
10.000 100.000 
11.000 100.000 
12.000 100.000 
13.000 100.000 
14.000 100.000 
15.000 100.000 
16.000 100.000 
17.000 100.000 
18.000 100.000 
19.000 100.000 
20.000 100.000 
21.000 100.000 
22.000 100.000 
23.000 100.000 
24.000 100.000 
25.000 100.000 
26.000 100.000 
27.000 100.000 
28.000 100.000 
29.000 100.000 
30.000 100.000 
31.000 100.000 
32.000 100.000 
33.000 100.000 
34.000 100.000 
35.000 100.000 
36.000 100.000 
37.000 100.000 
38.000 98.091 
39.000 96.404 
40.000 94.671 
41.000 92.894 
42.000 91.071 
43.000 89.204 
44.000 88.557 
45.000 85.982 
46.000 85.078 
47.000 82.514 
48.000 81.530 
49.000 78.887 
50.000 76.739 
51.000 75.631 
52.000 72.863 
53.000 71.857 
54.000 70.007 
55.000 68.214 
56.000 67.652 
57.000 65.173 
58.000 64.374 
59.000 62.108 
60.000 61.164 
61.000 59.927 
62.000 58.398 
63.000 57.117 
64.000 55.543 
65.000 55.301 
66.000 53.153 
67.000 52.878 
68.000 51.962 
69.000 51.035 
70.000 49.916 
71.000 49.055 
72.000 48.094 
73.000 47.122 
74.000 45.959 
75.000 46.139 
76.000 44.603 
77.000 44.682 
78.000 43.136 
79.000 43.205 
80.000 42.733 
81.000 43.347 
82.000 42.346 
83.000 42.971 
84.000 41.981 
85.000 41.531 
86.000 42.347 
87.000 41.279 
88.000 40.842 
89.000 41.490 
90.000 41.609 
91.000 41.738 
92.000 40.793 
93.000 41.655 
94.000 41.718 
95.000 41.882 
96.000 42.056 
97.000 42.422 
98.000 42.530 
99.000 43.825 
100.000 43.696 
101.000 43.849 
102.000 45.188 
103.000 45.104 
104.000 45.302 
105.000 45.601 
106.000 47.177 
107.000 46.880 
108.000 47.224 
109.000 47.579 
110.000 48.125 
111.000 48.413 
112.000 48.802 
113.000 49.201 
114.000 50.878 
115.000 49.596 
116.000 50.570 
117.000 51.015 
118.000 51.651 
119.000 52.029 
120.000 52.508 
121.000 52.997 
122.000 53.679 
123.000 54.102 
124.000 53.540 
125.000 54.604 
126.000 55.139 
127.000 54.599 
128.000 55.865 
129.000 56.333 
130.000 55.816 
131.000 56.925 
132.000 56.419 
133.000 56.453 
134.000 57.573 
135.000 57.078 
136.000 57.123 
137.000 57.168 
138.000 57.213 
139.000 57.258 
140.000 57.303 
141.000 57.348 
142.000 58.659 
143.000 56.821 
144.000 57.496 
145.000 57.541 
146.000 57.586 
147.000 57.631 
148.000 57.676 
149.000 57.721 
150.000 56.680 
151.000 57.254 
152.000 57.289 
153.000 57.323 
154.000 57.357 
155.000 57.391 
156.000 57.425 
157.000 57.460 
158.000 56.408 
159.000 56.972 
160.000 56.995 
161.000 55.933 
162.000 56.486 
163.000 56.498 
164.000 56.511 
165.000 55.257 
166.000 55.887 
167.000 55.887 
168.000 55.887 
169.000 55.887 
170.000 55.887 
171.000 55.887 
172.000 55.887 
173.000 54.802 
174.000 55.331 
175.000 55.320 
176.000 55.310 
177.000 55.299 
178.000 55.288 
179.000 55.277 
180.000 54.181 
181.000 54.699 
182.000 55.763 
183.000 55.212 
184.000 54.116 
185.000 54.635 
186.000 54.613 
187.000 54.591 
188.000 54.570 
189.000 53.463 
190.000 53.970 
191.000 53.938 
192.000 53.906 
193.000 53.873 
194.000 53.841 
195.000 53.808 
196.000 53.776 
197.000 53.744 
198.000 53.711 
199.000 54.764 
200.000 54.203 
201.000 54.181 
202.000 54.159 
203.000 54.138 
204.000 54.116 
205.000 54.095 
206.000 54.073 
207.000 52.966 
208.000 53.474 
209.000 53.441 
210.000 52.142 
211.000 52.727 
212.000 52.682 
213.000 52.637 
214.000 52.592 
215.000 52.547 
216.000 52.502 
217.000 52.457 
218.000 52.412 
219.000 51.282 
220.000 52.852 
221.000 51.181 
222.000 51.665 
223.000 52.695 
224.000 52.110 
225.000 52.065 
226.000 52.020 
227.000 50.890 
228.000 51.374 
229.000 51.318 
230.000 52.348 
231.000 50.677 
232.000 51.161 
233.000 52.191 
234.000 51.606 
235.000 51.561 
236.000 51.516 
237.000 51.471 
238.000 51.426 
239.000 51.381 
240.000 51.336 
241.000 51.291 
242.000 52.512 
243.000 51.850 
244.000 51.818 
245.000 51.785 
246.000 52.838 
247.000 52.277 
248.000 52.255 
249.000 52.233 
250.000 52.212 
251.000 52.190 
252.000 52.169 
253.000 53.232 
254.000 52.682 
255.000 52.671 
256.000 52.660 
257.000 52.649 
258.000 52.638 
259.000 53.713 
260.000 53.173 
261.000 53.173 
262.000 53.173 
263.000 53.173 
264.000 53.173 
265.000 53.173 
266.000 53.173 
267.000 53.173 
268.000 53.173 
269.000 53.173 
270.000 54.439 
271.000 53.822 
272.000 53.834 
273.000 53.847 
274.000 54.945 
275.000 54.428 
276.000 54.452 
277.000 54.475 
278.000 54.499 
279.000 54.522 
280.000 54.545 
281.000 54.569 
282.000 55.678 
283.000 55.172 
284.000 55.206 
285.000 54.155 
286.000 54.718 
287.000 54.742 
288.000 54.765 
289.000 54.788 
290.000 54.812 
291.000 54.835 
292.000 54.859 
293.000 54.882 
294.000 54.905 
295.000 54.929 
296.000 53.867 
297.000 54.419 
298.000 54.432 
299.000 53.178 
300.000 53.808 
301.000 0.000 
302.000 7.458 
303.000 6.558 
304.000 4.573 
305.000 4.202 
306.000 3.291 
307.000 3.466 
308.000 2.026 
309.000 1.126 
310.000 0.226 
311.000 0.592 
312.000 0.160 
313.000 0.000 
314.000 0.000 
315.000 0.465 
316.000 0.000 
317.000 0.540 
318.000 0.743 
319.000 1.239 
320.000 1.488 
321.000 2.029 
322.000 2.322 
323.000 3.993 
324.000 3.803 
325.000 5.530 
326.000 5.576 
327.000 7.089 
328.000 7.281 
329.000 9.032 
330.000 10.095 
331.000 10.377 
332.000 12.218 
333.000 13.371 
334.000 14.828 
335.000 16.230 
336.000 16.399 
337.000 18.486 
338.000 19.977 
339.000 21.503 
340.000 21.796 
341.000 24.008 
342.000 24.357 
343.000 25.538 
344.000 27.739 
345.000 28.167 
346.000 29.428 
347.000 31.527 
348.000 32.304 
349.000 32.288 
350.000 34.178 
351.000 35.282 
352.000 35.411 
353.000 37.358 
354.000 37.432 
355.000 39.413 
356.000 39.521 
357.000 40.270 
358.000 41.029 
359.000 41.981 
360.000 42.674 
361.000 42.382 
362.000 43.716 
363.000 44.520 
364.000 44.250 
365.000 44.520 
366.000 44.790 
367.000 46.327 
368.000 45.979 
369.000 46.262 
370.000 46.544 
371.000 46.827 
372.000 47.110 
373.000 46.126 
374.000 47.026 
375.000 47.296 
376.000 47.566 
377.000 46.751 
378.000 47.550 
379.000 46.724 
380.000 46.427 
381.000 47.204 
382.000 46.175 
383.000 47.030 
384.000 46.170 
385.000 45.839 
386.000 46.582 
387.000 45.700 
388.000 45.167 
389.000 44.891 
390.000 45.600 
391.000 44.684 
392.000 44.297 
393.000 43.718 
394.000 43.398 
395.000 42.977 
396.000 42.545 
397.000 43.187 
398.000 42.024 
399.000 41.658 
400.000 41.192 
401.000 41.801 
402.000 40.784 
403.000 40.115 
404.000 40.790 
405.000 39.749 
406.000 39.238 
407.000 38.716 
408.000 39.269 
409.000 38.015 
410.000 38.645 
411.000 37.560 
412.000 38.089 
413.000 36.993 
414.000 37.511 
415.000 37.490 
416.000 36.383 
417.000 36.890 
418.000 36.858 
419.000 36.825 
420.000 36.793 
421.000 35.494 
422.000 36.079 
423.000 36.034 
424.000 35.989 
425.000 35.944 
426.000 35.899 
427.000 35.854 
428.000 35.809 
429.000 35.764 
430.000 35.719 
431.000 35.674 
432.000 35.629 
433.000 35.584 
434.000 35.539 
435.000 35.494 
436.000 35.449 
437.000 35.404 
438.000 35.359 
439.000 35.314 
440.000 35.269 
441.000 35.224 
442.000 35.179 
443.000 35.134 
444.000 35.089 
445.000 35.044 
446.000 34.999 
447.000 34.954 
448.000 34.909 
449.000 34.864 
450.000 34.819 
451.000 34.774 
452.000 34.729 
453.000 34.684 
454.000 34.639 
455.000 34.594 
456.000 35.816 
457.000 35.153 
458.000 35.121 
459.000 35.088 
460.000 35.056 
461.000 36.109 
462.000 34.462 
463.000 36.055 
464.000 35.493 
465.000 35.472 
466.000 36.536 
467.000 35.985 
468.000 35.974 
469.000 37.049 
470.000 36.509 
471.000 36.509 
472.000 36.509 
473.000 36.509 
474.000 36.509 
475.000 37.775 
476.000 37.157 
477.000 37.170 
478.000 37.183 
479.000 37.195 
480.000 37.208 
481.000 38.306 
482.000 37.789 
483.000 37.813 
484.000 37.836 
485.000 37.859 
486.000 37.883 
487.000 37.906 
488.000 37.930 
489.000 37.953 
490.000 37.976 
491.000 38.000 
492.000 39.109 
493.000 37.517 
494.000 38.081 
495.000 38.104 
496.000 39.213 
497.000 37.622 
498.000 38.185 
499.000 38.209 
500.000 38.232 
501.000 38.255 
502.000 38.279 
503.000 38.302 
504.000 38.326 
505.000 38.349 
506.000 38.372 
507.000 38.396 
508.000 37.334 
509.000 37.886 
510.000 37.899 
511.000 37.912 
512.000 37.924 
513.000 37.937 
514.000 37.949 
515.000 37.962 
516.000 37.975 
517.000 39.073 
518.000 38.556 
519.000 38.579 
520.000 37.517 
521.000 38.070 
522.000 38.083 
523.000 38.095 
524.000 38.108 
525.000 36.854 
526.000 37.484 
527.000 37.484 
528.000 37.484 
529.000 37.484 
530.000 37.484 
531.000 37.484 
532.000 37.484 
533.000 38.750 
534.000 36.867 
535.000 38.763 
536.000 38.146 
537.000 38.158 
538.000 38.171 
539.000 38.183 
540.000 38.196 
541.000 38.209 
542.000 38.221 
543.000 38.234 
544.000 38.246 
545.000 38.259 
546.000 37.005 
547.000 37.635 
548.000 37.635 
549.000 37.635 
550.000 38.902 
551.000 38.284 
552.000 38.297 
553.000 38.309 
554.000 38.322 
555.000 37.068 
556.000 37.698 
557.000 37.698 
558.000 37.698 
559.000 37.698 
560.000 37.698 
561.000 37.698 
562.000 38.965 
563.000 38.347 
564.000 38.360 
565.000 38.372 
566.000 38.385 
567.000 38.398 
568.000 38.410 
569.000 38.423 
570.000 38.435 
571.000 38.448 
572.000 38.461 
573.000 38.473 
574.000 37.220 
575.000 37.850 
576.000 37.850 
577.000 37.850 
578.000 37.850 
579.000 37.850 
580.000 37.850 
581.000 37.850 
582.000 37.850 
583.000 37.850 
584.000 37.850 
585.000 37.850 
586.000 37.850 
587.000 37.850 
588.000 37.850 
589.000 37.850 
590.000 37.850 
591.000 37.850 
592.000 37.850 
593.000 37.850 
594.000 37.850 
595.000 37.850 
596.000 37.850 
597.000 37.850 
598.000 37.850 
599.000 37.850 
600.000 37.850 
