1.000 28.000 
2.000 28.000 
3.000 100.000 
4.000 100.000 
5.000 100.000 
6.000 100.000 
7.000 100.000 
8.000 100.000 
9.000 100.000 
10.000 100.000 
11.000 100.000 
12.000 100.000 
13.000 100.000 
14.000 100.000 
15.000 100.000 
16.000 100.000 
17.000 100.000 
18.000 100.000 
19.000 100.000 
20.000 100.000 
21.000 100.000 
22.000 100.000 
23.000 100.000 
24.000 100.000 
25.000 100.000 
26.000 100.000 
27.000 100.000 
28.000 100.000 
29.000 100.000 
30.000 100.000 
31.000 100.000 
32.000 100.000 
33.000 100.000 
34.000 100.000 
35.000 100.000 
36.000 100.000 
37.000 100.000 
38.000 99.950 
39.000 98.252 
40.000 96.509 
41.000 94.721 
42.000 92.887 
43.000 91.009 
44.000 89.086 
45.000 87.117 
46.000 85.104 
47.000 83.591 
48.000 81.499 
49.000 79.361 
50.000 77.815 
51.000 75.600 
52.000 73.886 
53.000 72.137 
54.000 70.354 
55.000 68.628 
56.000 67.324 
57.000 65.451 
58.000 63.635 
59.000 62.240 
60.000 60.914 
61.000 59.475 
62.000 58.103 
63.000 57.164 
64.000 55.759 
65.000 54.240 
66.000 53.335 
67.000 52.419 
68.000 51.492 
69.000 50.463 
70.000 49.513 
71.000 48.551 
72.000 48.125 
73.000 47.153 
74.000 46.079 
75.000 45.629 
76.000 44.634 
77.000 44.173 
78.000 43.712 
79.000 43.251 
80.000 42.791 
81.000 42.330 
82.000 41.869 
83.000 41.408 
84.000 41.493 
85.000 41.043 
86.000 41.229 
87.000 40.792 
88.000 40.900 
89.000 41.018 
90.000 40.603 
91.000 40.732 
92.000 40.964 
93.000 41.117 
94.000 41.826 
95.000 42.102 
96.000 42.845 
97.000 43.065 
98.000 43.386 
99.000 44.175 
100.000 44.439 
101.000 45.351 
102.000 45.650 
103.000 46.596 
104.000 46.929 
105.000 47.818 
106.000 48.274 
107.000 49.198 
108.000 49.597 
109.000 50.644 
110.000 51.078 
111.000 51.522 
112.000 52.069 
113.000 52.537 
114.000 53.015 
115.000 52.960 
116.000 53.449 
117.000 54.041 
118.000 54.554 
119.000 55.077 
120.000 55.612 
121.000 56.248 
122.000 56.261 
123.000 56.819 
124.000 57.388 
125.000 57.967 
126.000 58.012 
127.000 58.057 
128.000 58.739 
129.000 58.796 
130.000 58.854 
131.000 58.911 
132.000 58.969 
133.000 59.027 
134.000 59.084 
135.000 59.142 
136.000 59.199 
137.000 59.257 
138.000 59.315 
139.000 59.372 
140.000 59.430 
141.000 59.487 
142.000 59.545 
143.000 59.603 
144.000 59.024 
145.000 59.069 
146.000 59.114 
147.000 59.159 
148.000 59.204 
149.000 59.249 
150.000 59.294 
151.000 58.793 
152.000 58.828 
153.000 58.862 
154.000 58.896 
155.000 58.930 
156.000 58.419 
157.000 58.442 
158.000 58.466 
159.000 58.489 
160.000 57.967 
161.000 57.980 
162.000 57.356 
163.000 57.356 
164.000 57.356 
165.000 56.811 
166.000 56.800 
167.000 56.789 
168.000 56.233 
169.000 56.211 
170.000 56.190 
171.000 55.623 
172.000 55.590 
173.000 55.558 
174.000 54.889 
175.000 54.844 
176.000 54.799 
177.000 54.754 
178.000 54.164 
179.000 54.108 
180.000 54.052 
181.000 53.996 
182.000 53.941 
183.000 53.885 
184.000 53.829 
185.000 53.773 
186.000 53.717 
187.000 53.662 
188.000 53.606 
189.000 54.095 
190.000 54.050 
191.000 54.005 
192.000 53.960 
193.000 53.915 
194.000 54.507 
195.000 54.474 
196.000 54.442 
197.000 54.410 
198.000 54.377 
199.000 54.345 
200.000 54.858 
201.000 54.836 
202.000 54.815 
203.000 54.793 
204.000 55.317 
205.000 55.306 
206.000 55.295 
207.000 55.284 
208.000 55.274 
209.000 55.263 
210.000 55.797 
211.000 55.797 
212.000 55.797 
213.000 55.797 
214.000 55.797 
215.000 55.797 
216.000 56.434 
217.000 56.446 
218.000 56.459 
219.000 56.471 
220.000 56.484 
221.000 56.497 
222.000 56.509 
223.000 56.522 
224.000 56.534 
225.000 57.092 
226.000 56.570 
227.000 56.583 
228.000 56.596 
229.000 56.608 
230.000 57.166 
231.000 57.190 
232.000 56.668 
233.000 57.226 
234.000 57.249 
235.000 57.272 
236.000 56.750 
237.000 56.763 
238.000 56.776 
239.000 56.788 
240.000 56.801 
241.000 56.177 
242.000 56.177 
243.000 56.177 
244.000 56.177 
245.000 55.632 
246.000 55.621 
247.000 55.610 
248.000 55.054 
249.000 55.032 
250.000 55.011 
251.000 54.444 
252.000 54.957 
253.000 54.935 
254.000 54.368 
255.000 54.336 
256.000 54.303 
257.000 54.271 
258.000 54.239 
259.000 54.206 
260.000 54.174 
261.000 54.141 
262.000 54.109 
263.000 54.077 
264.000 54.044 
265.000 54.012 
266.000 53.979 
267.000 53.947 
268.000 53.915 
269.000 53.882 
270.000 53.850 
271.000 53.817 
272.000 54.330 
273.000 54.309 
274.000 54.287 
275.000 54.266 
276.000 54.244 
277.000 54.222 
278.000 54.201 
279.000 54.725 
280.000 54.714 
281.000 54.703 
282.000 54.692 
283.000 54.681 
284.000 54.671 
285.000 54.660 
286.000 54.649 
287.000 54.638 
288.000 54.627 
289.000 54.617 
290.000 54.606 
291.000 54.595 
292.000 54.584 
293.000 54.573 
294.000 54.563 
295.000 54.552 
296.000 54.541 
297.000 54.530 
298.000 54.519 
299.000 54.509 
300.000 54.498 
301.000 9.037 
302.000 8.126 
303.000 7.215 
304.000 6.850 
305.000 5.950 
306.000 5.050 
307.000 4.150 
308.000 3.250 
309.000 2.986 
310.000 2.644 
311.000 1.768 
312.000 1.436 
313.000 1.752 
314.000 1.455 
315.000 1.169 
316.000 1.530 
317.000 1.823 
318.000 2.229 
319.000 2.568 
320.000 3.019 
321.000 3.402 
322.000 3.898 
323.000 4.872 
324.000 5.423 
325.000 6.544 
326.000 7.062 
327.000 8.239 
328.000 8.813 
329.000 10.045 
330.000 11.311 
331.000 12.612 
332.000 13.856 
333.000 15.223 
334.000 16.624 
335.000 18.059 
336.000 19.438 
337.000 20.395 
338.000 21.920 
339.000 23.389 
340.000 24.436 
341.000 26.051 
342.000 27.065 
343.000 28.191 
344.000 29.795 
345.000 30.976 
346.000 32.727 
347.000 33.875 
348.000 35.136 
349.000 35.784 
350.000 36.988 
351.000 38.305 
352.000 39.554 
353.000 40.370 
354.000 41.654 
355.000 42.413 
356.000 43.275 
357.000 44.058 
358.000 44.852 
359.000 45.111 
360.000 45.915 
361.000 46.185 
362.000 47.092 
363.000 47.374 
364.000 47.657 
365.000 47.939 
366.000 48.222 
367.000 48.505 
368.000 48.787 
369.000 49.070 
370.000 49.352 
371.000 49.635 
372.000 49.281 
373.000 49.551 
374.000 49.276 
375.000 49.535 
376.000 49.249 
377.000 49.497 
378.000 49.200 
379.000 48.802 
380.000 48.481 
381.000 48.695 
382.000 48.364 
383.000 48.022 
384.000 48.215 
385.000 47.771 
386.000 47.406 
387.000 47.030 
388.000 46.643 
389.000 46.154 
390.000 45.743 
391.000 45.868 
392.000 45.446 
393.000 45.014 
394.000 44.481 
395.000 44.025 
396.000 43.559 
397.000 43.082 
398.000 42.503 
399.000 41.458 
400.000 41.481 
401.000 40.959 
402.000 40.335 
403.000 39.790 
404.000 39.779 
405.000 39.223 
406.000 39.201 
407.000 38.634 
408.000 37.966 
409.000 37.921 
410.000 37.330 
411.000 37.274 
412.000 36.673 
413.000 36.607 
414.000 36.540 
415.000 36.473 
416.000 35.861 
417.000 35.784 
418.000 35.707 
419.000 35.629 
420.000 35.552 
421.000 35.474 
422.000 35.397 
423.000 35.320 
424.000 35.788 
425.000 35.721 
426.000 35.654 
427.000 35.588 
428.000 36.067 
429.000 36.011 
430.000 35.955 
431.000 35.899 
432.000 35.843 
433.000 35.788 
434.000 35.732 
435.000 35.676 
436.000 36.166 
437.000 36.121 
438.000 36.076 
439.000 36.667 
440.000 36.635 
441.000 36.602 
442.000 36.570 
443.000 37.083 
444.000 37.061 
445.000 37.040 
446.000 37.018 
447.000 37.542 
448.000 36.986 
449.000 37.509 
450.000 37.499 
451.000 37.488 
452.000 37.477 
453.000 37.466 
454.000 38.001 
455.000 38.001 
456.000 38.637 
457.000 38.650 
458.000 38.662 
459.000 38.675 
460.000 39.233 
461.000 39.256 
462.000 39.280 
463.000 39.303 
464.000 39.326 
465.000 39.350 
466.000 39.919 
467.000 39.953 
468.000 39.987 
469.000 40.021 
470.000 40.055 
471.000 40.090 
472.000 39.578 
473.000 39.602 
474.000 39.625 
475.000 39.649 
476.000 39.672 
477.000 40.241 
478.000 40.275 
479.000 40.309 
480.000 40.343 
481.000 40.378 
482.000 40.412 
483.000 40.446 
484.000 40.480 
485.000 39.969 
486.000 39.992 
487.000 40.016 
488.000 40.039 
489.000 40.063 
490.000 40.086 
491.000 40.109 
492.000 40.133 
493.000 40.156 
494.000 40.180 
495.000 40.203 
496.000 40.226 
497.000 40.250 
498.000 40.273 
499.000 40.297 
500.000 40.320 
501.000 40.343 
502.000 39.821 
503.000 39.834 
504.000 39.847 
505.000 39.859 
506.000 39.872 
507.000 39.884 
508.000 39.897 
509.000 39.910 
510.000 39.922 
511.000 39.935 
512.000 39.947 
513.000 39.960 
514.000 39.973 
515.000 39.985 
516.000 39.998 
517.000 40.010 
518.000 40.023 
519.000 40.036 
520.000 40.048 
521.000 40.606 
522.000 40.084 
523.000 40.642 
524.000 40.120 
525.000 40.678 
526.000 40.702 
527.000 40.725 
528.000 40.748 
529.000 40.772 
530.000 40.795 
531.000 40.819 
532.000 40.842 
533.000 40.865 
534.000 40.889 
535.000 40.912 
536.000 40.936 
537.000 40.414 
538.000 40.426 
539.000 40.439 
540.000 40.451 
541.000 40.464 
542.000 40.477 
543.000 40.489 
544.000 40.502 
545.000 40.514 
546.000 40.527 
547.000 40.540 
548.000 40.552 
549.000 40.565 
550.000 39.941 
551.000 39.941 
552.000 40.577 
553.000 39.954 
554.000 39.954 
555.000 39.954 
556.000 39.954 
557.000 39.954 
558.000 39.954 
559.000 39.954 
560.000 39.954 
561.000 39.954 
562.000 39.408 
563.000 39.398 
564.000 39.387 
565.000 39.376 
566.000 39.365 
567.000 39.354 
568.000 38.798 
569.000 38.777 
570.000 38.755 
571.000 38.733 
572.000 38.712 
573.000 38.690 
574.000 38.669 
575.000 38.647 
576.000 38.625 
577.000 38.604 
578.000 38.582 
579.000 38.561 
580.000 39.084 
581.000 39.074 
582.000 39.063 
583.000 39.052 
584.000 39.041 
585.000 39.030 
586.000 39.565 
587.000 39.565 
588.000 39.565 
589.000 39.565 
590.000 40.201 
591.000 40.214 
592.000 40.226 
593.000 40.239 
594.000 40.252 
595.000 40.264 
596.000 40.277 
597.000 40.289 
598.000 40.302 
599.000 39.678 
600.000 39.678 
