1.000 35.620 
2.000 35.620 
3.000 35.620 
4.000 35.620 
5.000 35.620 
6.000 35.620 
7.000 35.620 
8.000 35.620 
9.000 35.620 
10.000 35.680 
11.000 35.680 
12.000 35.750 
13.000 35.810 
14.000 35.870 
15.000 36.000 
16.000 36.120 
17.000 36.250 
18.000 36.370 
19.000 36.560 
20.000 36.680 
21.000 36.870 
22.000 37.060 
23.000 37.250 
24.000 37.500 
25.000 37.680 
26.000 37.930 
27.000 38.180 
28.000 38.430 
29.000 38.620 
30.000 38.870 
31.000 39.120 
32.000 39.370 
33.000 39.620 
34.000 39.810 
35.000 40.060 
36.000 40.310 
37.000 40.560 
38.000 40.810 
39.000 41.060 
40.000 41.310 
41.000 41.560 
42.000 41.870 
43.000 42.060 
44.000 42.310 
45.000 42.560 
46.000 42.810 
47.000 43.060 
48.000 43.310 
49.000 43.500 
50.000 43.750 
51.000 43.930 
52.000 44.180 
53.000 44.370 
54.000 44.560 
55.000 44.750 
56.000 44.930 
57.000 45.060 
58.000 45.250 
59.000 45.370 
60.000 45.560 
61.000 45.680 
62.000 45.810 
63.000 45.930 
64.000 46.000 
65.000 46.120 
66.000 46.250 
67.000 46.310 
68.000 46.370 
69.000 46.430 
70.000 46.500 
71.000 46.500 
72.000 46.560 
73.000 46.560 
74.000 46.560 
75.000 46.620 
76.000 46.560 
77.000 46.560 
78.000 46.560 
79.000 46.560 
80.000 46.500 
81.000 46.430 
82.000 46.370 
83.000 46.310 
84.000 46.250 
85.000 46.180 
86.000 46.120 
87.000 46.060 
88.000 46.000 
89.000 45.930 
90.000 45.810 
91.000 45.750 
92.000 45.680 
93.000 45.620 
94.000 45.500 
95.000 45.430 
96.000 45.370 
97.000 45.310 
98.000 45.180 
99.000 45.120 
100.000 45.000 
101.000 44.930 
102.000 44.870 
103.000 44.810 
104.000 44.750 
105.000 44.620 
106.000 44.560 
107.000 44.500 
108.000 44.430 
109.000 44.370 
110.000 44.310 
111.000 44.250 
112.000 44.180 
113.000 44.120 
114.000 44.120 
115.000 44.060 
116.000 44.000 
117.000 44.000 
118.000 43.930 
119.000 43.870 
120.000 43.810 
121.000 43.810 
122.000 43.750 
123.000 43.750 
124.000 43.680 
125.000 43.680 
126.000 43.620 
127.000 43.620 
128.000 43.620 
129.000 43.620 
130.000 43.620 
131.000 43.620 
132.000 43.620 
133.000 43.620 
134.000 43.620 
135.000 43.620 
136.000 43.680 
137.000 43.680 
138.000 43.680 
139.000 43.750 
140.000 43.750 
141.000 43.750 
142.000 43.810 
143.000 43.810 
144.000 43.810 
145.000 43.810 
146.000 43.870 
147.000 43.870 
148.000 43.870 
149.000 43.930 
150.000 43.930 
151.000 44.000 
152.000 44.000 
153.000 44.060 
154.000 44.060 
155.000 44.120 
156.000 44.120 
157.000 44.120 
158.000 44.180 
159.000 44.180 
160.000 44.250 
161.000 44.250 
162.000 44.250 
163.000 44.250 
164.000 44.310 
165.000 44.310 
166.000 44.310 
167.000 44.310 
168.000 44.310 
169.000 44.310 
170.000 44.370 
171.000 44.370 
172.000 44.370 
173.000 44.370 
174.000 44.370 
175.000 44.370 
176.000 44.370 
177.000 44.370 
178.000 44.310 
179.000 44.310 
180.000 44.310 
181.000 44.370 
182.000 44.310 
183.000 44.310 
184.000 44.310 
185.000 44.310 
186.000 44.310 
187.000 44.310 
188.000 44.310 
189.000 44.310 
190.000 44.310 
191.000 44.310 
192.000 44.310 
193.000 44.310 
194.000 44.250 
195.000 44.250 
196.000 44.250 
197.000 44.250 
198.000 44.250 
199.000 44.250 
200.000 44.250 
201.000 44.250 
202.000 44.250 
203.000 44.250 
204.000 44.180 
205.000 44.180 
206.000 44.180 
207.000 44.180 
208.000 44.180 
209.000 44.120 
210.000 44.120 
211.000 44.120 
212.000 44.120 
213.000 44.120 
214.000 44.120 
215.000 44.060 
216.000 44.060 
217.000 44.060 
218.000 44.060 
219.000 44.060 
220.000 44.060 
221.000 44.060 
222.000 44.000 
223.000 44.000 
224.000 44.000 
225.000 44.000 
226.000 44.000 
227.000 44.000 
228.000 44.000 
229.000 44.060 
230.000 44.000 
231.000 44.000 
232.000 44.060 
233.000 44.060 
234.000 44.060 
235.000 44.060 
236.000 44.060 
237.000 44.060 
238.000 44.060 
239.000 44.060 
240.000 44.060 
241.000 44.060 
242.000 44.060 
243.000 44.060 
244.000 44.060 
245.000 44.000 
246.000 44.000 
247.000 44.060 
248.000 44.060 
249.000 44.060 
250.000 44.000 
251.000 44.000 
252.000 44.000 
253.000 44.060 
254.000 44.060 
255.000 44.060 
256.000 44.060 
257.000 44.060 
258.000 44.060 
259.000 44.060 
260.000 44.060 
261.000 44.060 
262.000 44.060 
263.000 44.060 
264.000 44.060 
265.000 44.060 
266.000 44.060 
267.000 44.060 
268.000 44.060 
269.000 44.060 
270.000 44.000 
271.000 44.000 
272.000 44.060 
273.000 44.060 
274.000 44.060 
275.000 44.060 
276.000 44.060 
277.000 44.000 
278.000 44.000 
279.000 44.000 
280.000 44.000 
281.000 44.060 
282.000 44.060 
283.000 44.060 
284.000 44.060 
285.000 44.060 
286.000 44.060 
287.000 44.060 
288.000 44.120 
289.000 44.120 
290.000 44.120 
291.000 44.120 
292.000 44.120 
293.000 44.120 
294.000 44.120 
295.000 44.120 
296.000 44.120 
297.000 44.120 
298.000 44.060 
299.000 44.060 
300.000 44.060 
301.000 44.060 
302.000 44.060 
303.000 44.060 
304.000 44.060 
305.000 44.060 
306.000 44.000 
307.000 44.000 
308.000 44.000 
309.000 44.000 
310.000 43.930 
311.000 43.870 
312.000 43.870 
313.000 43.810 
314.000 43.680 
315.000 43.620 
316.000 43.500 
317.000 43.370 
318.000 43.250 
319.000 43.120 
320.000 43.000 
321.000 42.870 
322.000 42.680 
323.000 42.560 
324.000 42.370 
325.000 42.180 
326.000 42.000 
327.000 41.870 
328.000 41.680 
329.000 41.500 
330.000 41.310 
331.000 41.120 
332.000 41.000 
333.000 40.750 
334.000 40.620 
335.000 40.430 
336.000 40.250 
337.000 40.060 
338.000 39.930 
339.000 39.750 
340.000 39.620 
341.000 39.430 
342.000 39.250 
343.000 39.120 
344.000 38.930 
345.000 38.810 
346.000 38.680 
347.000 38.560 
348.000 38.430 
349.000 38.370 
350.000 38.250 
351.000 38.120 
352.000 38.060 
353.000 38.000 
354.000 37.870 
355.000 37.810 
356.000 37.750 
357.000 37.680 
358.000 37.620 
359.000 37.560 
360.000 37.560 
361.000 37.500 
362.000 37.500 
363.000 37.500 
364.000 37.500 
365.000 37.500 
366.000 37.500 
367.000 37.500 
368.000 37.560 
369.000 37.560 
370.000 37.560 
371.000 37.620 
372.000 37.620 
373.000 37.680 
374.000 37.680 
375.000 37.750 
376.000 37.810 
377.000 37.810 
378.000 37.870 
379.000 37.930 
380.000 37.930 
381.000 38.000 
382.000 38.060 
383.000 38.120 
384.000 38.120 
385.000 38.180 
386.000 38.250 
387.000 38.310 
388.000 38.370 
389.000 38.430 
390.000 38.500 
391.000 38.560 
392.000 38.620 
393.000 38.680 
394.000 38.680 
395.000 38.750 
396.000 38.810 
397.000 38.870 
398.000 38.930 
399.000 38.930 
400.000 39.000 
401.000 39.060 
402.000 39.120 
403.000 39.180 
404.000 39.180 
405.000 39.250 
406.000 39.310 
407.000 39.310 
408.000 39.310 
409.000 39.370 
410.000 39.370 
411.000 39.430 
412.000 39.430 
413.000 39.430 
414.000 39.430 
415.000 39.430 
416.000 39.430 
417.000 39.430 
418.000 39.430 
419.000 39.500 
420.000 39.500 
421.000 39.500 
422.000 39.430 
423.000 39.430 
424.000 39.430 
425.000 39.430 
426.000 39.430 
427.000 39.430 
428.000 39.430 
429.000 39.430 
430.000 39.370 
431.000 39.370 
432.000 39.370 
433.000 39.310 
434.000 39.310 
435.000 39.310 
436.000 39.250 
437.000 39.250 
438.000 39.250 
439.000 39.180 
440.000 39.180 
441.000 39.180 
442.000 39.180 
443.000 39.120 
444.000 39.120 
445.000 39.120 
446.000 39.060 
447.000 39.060 
448.000 39.060 
449.000 39.060 
450.000 39.000 
451.000 39.000 
452.000 39.000 
453.000 38.930 
454.000 38.930 
455.000 38.870 
456.000 38.870 
457.000 38.870 
458.000 38.870 
459.000 38.870 
460.000 38.870 
461.000 38.810 
462.000 38.810 
463.000 38.810 
464.000 38.810 
465.000 38.750 
466.000 38.750 
467.000 38.750 
468.000 38.750 
469.000 38.680 
470.000 38.680 
471.000 38.680 
472.000 38.680 
473.000 38.680 
474.000 38.680 
475.000 38.680 
476.000 38.680 
477.000 38.750 
478.000 38.750 
479.000 38.750 
480.000 38.750 
481.000 38.750 
482.000 38.750 
483.000 38.810 
484.000 38.810 
485.000 38.810 
486.000 38.810 
487.000 38.810 
488.000 38.810 
489.000 38.870 
490.000 38.870 
491.000 38.870 
492.000 38.870 
493.000 38.870 
494.000 38.870 
495.000 38.930 
496.000 38.930 
497.000 38.930 
498.000 38.930 
499.000 38.930 
500.000 38.930 
501.000 38.930 
502.000 38.930 
503.000 38.930 
504.000 38.930 
505.000 38.930 
506.000 38.930 
507.000 38.930 
508.000 38.930 
509.000 38.870 
510.000 38.870 
511.000 38.870 
512.000 38.870 
513.000 38.870 
514.000 38.930 
515.000 38.930 
516.000 38.930 
517.000 38.930 
518.000 38.930 
519.000 38.930 
520.000 38.870 
521.000 38.870 
522.000 38.870 
523.000 38.930 
524.000 38.930 
525.000 38.930 
526.000 38.930 
527.000 38.930 
528.000 38.930 
529.000 38.930 
530.000 38.930 
531.000 39.000 
532.000 39.000 
533.000 39.000 
534.000 39.000 
535.000 39.000 
536.000 39.000 
537.000 39.000 
538.000 39.060 
539.000 39.000 
540.000 39.000 
541.000 39.000 
542.000 39.000 
543.000 39.060 
544.000 39.060 
545.000 39.060 
546.000 39.060 
547.000 39.060 
548.000 39.060 
549.000 39.060 
550.000 39.060 
551.000 39.060 
552.000 39.060 
553.000 39.060 
554.000 39.060 
555.000 39.060 
556.000 39.060 
557.000 39.060 
558.000 39.060 
559.000 39.120 
560.000 39.120 
561.000 39.120 
562.000 39.120 
563.000 39.060 
564.000 39.060 
565.000 39.060 
566.000 39.060 
567.000 39.060 
568.000 39.060 
569.000 39.060 
570.000 39.060 
571.000 39.060 
572.000 39.060 
573.000 39.060 
574.000 39.120 
575.000 39.060 
576.000 39.060 
577.000 39.060 
578.000 39.060 
579.000 39.060 
580.000 39.060 
581.000 39.000 
582.000 39.000 
583.000 39.000 
584.000 39.000 
585.000 39.000 
586.000 38.930 
587.000 38.930 
588.000 38.930 
589.000 38.930 
590.000 38.930 
591.000 38.930 
592.000 38.930 
593.000 38.930 
594.000 38.870 
595.000 38.930 
596.000 38.870 
597.000 38.930 
598.000 38.930 
599.000 38.870 
600.000 38.870 
