1.000 35.620 
2.000 35.620 
3.000 35.620 
4.000 35.620 
5.000 35.620 
6.000 35.620 
7.000 35.620 
8.000 35.620 
9.000 35.620 
10.000 35.620 
11.000 35.620 
12.000 35.680 
13.000 35.750 
14.000 35.810 
15.000 35.870 
16.000 36.000 
17.000 36.180 
18.000 36.310 
19.000 36.500 
20.000 36.680 
21.000 36.810 
22.000 37.060 
23.000 37.250 
24.000 37.430 
25.000 37.680 
26.000 37.930 
27.000 38.120 
28.000 38.370 
29.000 38.620 
30.000 38.870 
31.000 39.120 
32.000 39.370 
33.000 39.560 
34.000 39.810 
35.000 40.060 
36.000 40.310 
37.000 40.500 
38.000 40.750 
39.000 41.000 
40.000 41.250 
41.000 41.500 
42.000 41.750 
43.000 42.000 
44.000 42.180 
45.000 42.430 
46.000 42.620 
47.000 42.870 
48.000 43.060 
49.000 43.310 
50.000 43.560 
51.000 43.750 
52.000 44.000 
53.000 44.180 
54.000 44.370 
55.000 44.560 
56.000 44.680 
57.000 44.870 
58.000 45.000 
59.000 45.180 
60.000 45.310 
61.000 45.430 
62.000 45.560 
63.000 45.680 
64.000 45.810 
65.000 45.870 
66.000 46.000 
67.000 46.060 
68.000 46.120 
69.000 46.180 
70.000 46.250 
71.000 46.310 
72.000 46.370 
73.000 46.430 
74.000 46.500 
75.000 46.500 
76.000 46.560 
77.000 46.560 
78.000 46.620 
79.000 46.620 
80.000 46.620 
81.000 46.560 
82.000 46.560 
83.000 46.500 
84.000 46.500 
85.000 46.500 
86.000 46.430 
87.000 46.430 
88.000 46.430 
89.000 46.370 
90.000 46.310 
91.000 46.250 
92.000 46.250 
93.000 46.180 
94.000 46.120 
95.000 46.060 
96.000 46.000 
97.000 45.930 
98.000 45.870 
99.000 45.750 
100.000 45.680 
101.000 45.620 
102.000 45.500 
103.000 45.430 
104.000 45.370 
105.000 45.310 
106.000 45.180 
107.000 45.120 
108.000 45.060 
109.000 45.000 
110.000 44.930 
111.000 44.870 
112.000 44.810 
113.000 44.750 
114.000 44.620 
115.000 44.620 
116.000 44.560 
117.000 44.500 
118.000 44.430 
119.000 44.370 
120.000 44.310 
121.000 44.250 
122.000 44.180 
123.000 44.120 
124.000 44.120 
125.000 44.060 
126.000 44.000 
127.000 44.000 
128.000 43.930 
129.000 43.870 
130.000 43.870 
131.000 43.810 
132.000 43.810 
133.000 43.810 
134.000 43.750 
135.000 43.750 
136.000 43.750 
137.000 43.750 
138.000 43.750 
139.000 43.750 
140.000 43.750 
141.000 43.750 
142.000 43.680 
143.000 43.750 
144.000 43.750 
145.000 43.750 
146.000 43.750 
147.000 43.750 
148.000 43.750 
149.000 43.750 
150.000 43.810 
151.000 43.810 
152.000 43.810 
153.000 43.810 
154.000 43.810 
155.000 43.810 
156.000 43.810 
157.000 43.810 
158.000 43.870 
159.000 43.870 
160.000 43.870 
161.000 43.930 
162.000 43.930 
163.000 43.930 
164.000 43.930 
165.000 44.000 
166.000 44.000 
167.000 44.000 
168.000 44.000 
169.000 44.000 
170.000 44.000 
171.000 44.000 
172.000 44.000 
173.000 44.060 
174.000 44.060 
175.000 44.060 
176.000 44.060 
177.000 44.060 
178.000 44.060 
179.000 44.060 
180.000 44.120 
181.000 44.120 
182.000 44.060 
183.000 44.060 
184.000 44.120 
185.000 44.120 
186.000 44.120 
187.000 44.120 
188.000 44.120 
189.000 44.180 
190.000 44.180 
191.000 44.180 
192.000 44.180 
193.000 44.180 
194.000 44.180 
195.000 44.180 
196.000 44.180 
197.000 44.180 
198.000 44.180 
199.000 44.120 
200.000 44.120 
201.000 44.120 
202.000 44.120 
203.000 44.120 
204.000 44.120 
205.000 44.120 
206.000 44.120 
207.000 44.180 
208.000 44.180 
209.000 44.180 
210.000 44.250 
211.000 44.250 
212.000 44.250 
213.000 44.250 
214.000 44.250 
215.000 44.250 
216.000 44.250 
217.000 44.250 
218.000 44.250 
219.000 44.310 
220.000 44.250 
221.000 44.310 
222.000 44.310 
223.000 44.250 
224.000 44.250 
225.000 44.250 
226.000 44.250 
227.000 44.310 
228.000 44.310 
229.000 44.310 
230.000 44.250 
231.000 44.310 
232.000 44.310 
233.000 44.250 
234.000 44.250 
235.000 44.250 
236.000 44.250 
237.000 44.250 
238.000 44.250 
239.000 44.250 
240.000 44.250 
241.000 44.250 
242.000 44.180 
243.000 44.180 
244.000 44.180 
245.000 44.180 
246.000 44.120 
247.000 44.120 
248.000 44.120 
249.000 44.120 
250.000 44.120 
251.000 44.120 
252.000 44.120 
253.000 44.060 
254.000 44.060 
255.000 44.060 
256.000 44.060 
257.000 44.060 
258.000 44.060 
259.000 44.000 
260.000 44.000 
261.000 44.000 
262.000 44.000 
263.000 44.000 
264.000 44.000 
265.000 44.000 
266.000 44.000 
267.000 44.000 
268.000 44.000 
269.000 44.000 
270.000 43.930 
271.000 43.930 
272.000 43.930 
273.000 43.930 
274.000 43.870 
275.000 43.870 
276.000 43.870 
277.000 43.870 
278.000 43.870 
279.000 43.870 
280.000 43.870 
281.000 43.870 
282.000 43.810 
283.000 43.810 
284.000 43.810 
285.000 43.870 
286.000 43.870 
287.000 43.870 
288.000 43.870 
289.000 43.870 
290.000 43.870 
291.000 43.870 
292.000 43.870 
293.000 43.870 
294.000 43.870 
295.000 43.870 
296.000 43.930 
297.000 43.930 
298.000 43.930 
299.000 44.000 
300.000 44.000 
301.000 44.000 
302.000 44.000 
303.000 44.000 
304.000 44.060 
305.000 44.060 
306.000 44.060 
307.000 44.000 
308.000 44.000 
309.000 44.000 
310.000 44.000 
311.000 43.930 
312.000 43.870 
313.000 43.810 
314.000 43.750 
315.000 43.620 
316.000 43.560 
317.000 43.430 
318.000 43.310 
319.000 43.180 
320.000 43.060 
321.000 42.930 
322.000 42.810 
323.000 42.620 
324.000 42.500 
325.000 42.310 
326.000 42.180 
327.000 42.000 
328.000 41.870 
329.000 41.680 
330.000 41.500 
331.000 41.370 
332.000 41.180 
333.000 41.000 
334.000 40.810 
335.000 40.620 
336.000 40.500 
337.000 40.310 
338.000 40.120 
339.000 39.930 
340.000 39.810 
341.000 39.620 
342.000 39.500 
343.000 39.370 
344.000 39.180 
345.000 39.060 
346.000 38.930 
347.000 38.750 
348.000 38.620 
349.000 38.560 
350.000 38.430 
351.000 38.310 
352.000 38.250 
353.000 38.120 
354.000 38.060 
355.000 37.930 
356.000 37.870 
357.000 37.810 
358.000 37.750 
359.000 37.680 
360.000 37.620 
361.000 37.620 
362.000 37.560 
363.000 37.500 
364.000 37.500 
365.000 37.500 
366.000 37.500 
367.000 37.430 
368.000 37.430 
369.000 37.430 
370.000 37.430 
371.000 37.430 
372.000 37.430 
373.000 37.500 
374.000 37.500 
375.000 37.500 
376.000 37.500 
377.000 37.560 
378.000 37.560 
379.000 37.620 
380.000 37.680 
381.000 37.680 
382.000 37.750 
383.000 37.750 
384.000 37.810 
385.000 37.870 
386.000 37.870 
387.000 37.930 
388.000 38.000 
389.000 38.060 
390.000 38.060 
391.000 38.120 
392.000 38.180 
393.000 38.250 
394.000 38.310 
395.000 38.370 
396.000 38.430 
397.000 38.430 
398.000 38.500 
399.000 38.560 
400.000 38.620 
401.000 38.620 
402.000 38.680 
403.000 38.750 
404.000 38.750 
405.000 38.810 
406.000 38.870 
407.000 38.930 
408.000 38.930 
409.000 39.000 
410.000 39.000 
411.000 39.060 
412.000 39.060 
413.000 39.120 
414.000 39.120 
415.000 39.120 
416.000 39.180 
417.000 39.180 
418.000 39.180 
419.000 39.180 
420.000 39.180 
421.000 39.250 
422.000 39.250 
423.000 39.250 
424.000 39.250 
425.000 39.250 
426.000 39.250 
427.000 39.250 
428.000 39.250 
429.000 39.250 
430.000 39.250 
431.000 39.250 
432.000 39.250 
433.000 39.250 
434.000 39.250 
435.000 39.250 
436.000 39.250 
437.000 39.250 
438.000 39.250 
439.000 39.250 
440.000 39.250 
441.000 39.250 
442.000 39.250 
443.000 39.250 
444.000 39.250 
445.000 39.250 
446.000 39.250 
447.000 39.250 
448.000 39.250 
449.000 39.250 
450.000 39.250 
451.000 39.250 
452.000 39.250 
453.000 39.250 
454.000 39.250 
455.000 39.250 
456.000 39.180 
457.000 39.180 
458.000 39.180 
459.000 39.180 
460.000 39.180 
461.000 39.120 
462.000 39.180 
463.000 39.120 
464.000 39.120 
465.000 39.120 
466.000 39.060 
467.000 39.060 
468.000 39.060 
469.000 39.000 
470.000 39.000 
471.000 39.000 
472.000 39.000 
473.000 39.000 
474.000 39.000 
475.000 38.930 
476.000 38.930 
477.000 38.930 
478.000 38.930 
479.000 38.930 
480.000 38.930 
481.000 38.870 
482.000 38.870 
483.000 38.870 
484.000 38.870 
485.000 38.870 
486.000 38.870 
487.000 38.870 
488.000 38.870 
489.000 38.870 
490.000 38.870 
491.000 38.870 
492.000 38.810 
493.000 38.870 
494.000 38.870 
495.000 38.870 
496.000 38.810 
497.000 38.870 
498.000 38.870 
499.000 38.870 
500.000 38.870 
501.000 38.870 
502.000 38.870 
503.000 38.870 
504.000 38.870 
505.000 38.870 
506.000 38.870 
507.000 38.870 
508.000 38.930 
509.000 38.930 
510.000 38.930 
511.000 38.930 
512.000 38.930 
513.000 38.930 
514.000 38.930 
515.000 38.930 
516.000 38.930 
517.000 38.870 
518.000 38.870 
519.000 38.870 
520.000 38.930 
521.000 38.930 
522.000 38.930 
523.000 38.930 
524.000 38.930 
525.000 39.000 
526.000 39.000 
527.000 39.000 
528.000 39.000 
529.000 39.000 
530.000 39.000 
531.000 39.000 
532.000 39.000 
533.000 38.930 
534.000 39.000 
535.000 38.930 
536.000 38.930 
537.000 38.930 
538.000 38.930 
539.000 38.930 
540.000 38.930 
541.000 38.930 
542.000 38.930 
543.000 38.930 
544.000 38.930 
545.000 38.930 
546.000 39.000 
547.000 39.000 
548.000 39.000 
549.000 39.000 
550.000 38.930 
551.000 38.930 
552.000 38.930 
553.000 38.930 
554.000 38.930 
555.000 39.000 
556.000 39.000 
557.000 39.000 
558.000 39.000 
559.000 39.000 
560.000 39.000 
561.000 39.000 
562.000 38.930 
563.000 38.930 
564.000 38.930 
565.000 38.930 
566.000 38.930 
567.000 38.930 
568.000 38.930 
569.000 38.930 
570.000 38.930 
571.000 38.930 
572.000 38.930 
573.000 38.930 
574.000 39.000 
575.000 39.000 
576.000 39.000 
577.000 39.000 
578.000 39.000 
579.000 39.000 
580.000 39.000 
581.000 39.000 
582.000 39.000 
583.000 39.000 
584.000 39.000 
585.000 39.000 
586.000 39.000 
587.000 39.000 
588.000 39.000 
589.000 39.000 
590.000 39.000 
591.000 39.000 
592.000 39.000 
593.000 39.000 
594.000 39.000 
595.000 39.000 
596.000 39.000 
597.000 39.000 
598.000 39.000 
599.000 39.000 
600.000 39.000 
