1.000 35.620 
2.000 35.620 
3.000 35.560 
4.000 35.560 
5.000 35.560 
6.000 35.500 
7.000 35.500 
8.000 35.500 
9.000 35.500 
10.000 35.560 
11.000 35.560 
12.000 35.620 
13.000 35.680 
14.000 35.810 
15.000 35.870 
16.000 36.000 
17.000 36.120 
18.000 36.310 
19.000 36.430 
20.000 36.620 
21.000 36.810 
22.000 37.060 
23.000 37.250 
24.000 37.430 
25.000 37.680 
26.000 37.870 
27.000 38.120 
28.000 38.370 
29.000 38.620 
30.000 38.870 
31.000 39.120 
32.000 39.310 
33.000 39.620 
34.000 39.870 
35.000 40.120 
36.000 40.370 
37.000 40.620 
38.000 40.810 
39.000 41.060 
40.000 41.310 
41.000 41.560 
42.000 41.810 
43.000 42.060 
44.000 42.310 
45.000 42.560 
46.000 42.810 
47.000 43.000 
48.000 43.250 
49.000 43.500 
50.000 43.680 
51.000 43.930 
52.000 44.120 
53.000 44.310 
54.000 44.500 
55.000 44.680 
56.000 44.810 
57.000 45.000 
58.000 45.180 
59.000 45.310 
60.000 45.430 
61.000 45.560 
62.000 45.680 
63.000 45.750 
64.000 45.870 
65.000 46.000 
66.000 46.060 
67.000 46.120 
68.000 46.180 
69.000 46.250 
70.000 46.310 
71.000 46.370 
72.000 46.370 
73.000 46.430 
74.000 46.500 
75.000 46.500 
76.000 46.560 
77.000 46.560 
78.000 46.560 
79.000 46.560 
80.000 46.560 
81.000 46.560 
82.000 46.560 
83.000 46.560 
84.000 46.500 
85.000 46.500 
86.000 46.430 
87.000 46.430 
88.000 46.370 
89.000 46.310 
90.000 46.310 
91.000 46.250 
92.000 46.180 
93.000 46.120 
94.000 46.000 
95.000 45.930 
96.000 45.810 
97.000 45.750 
98.000 45.680 
99.000 45.560 
100.000 45.500 
101.000 45.370 
102.000 45.310 
103.000 45.180 
104.000 45.120 
105.000 45.000 
106.000 44.930 
107.000 44.810 
108.000 44.750 
109.000 44.620 
110.000 44.560 
111.000 44.500 
112.000 44.430 
113.000 44.370 
114.000 44.310 
115.000 44.310 
116.000 44.250 
117.000 44.180 
118.000 44.120 
119.000 44.060 
120.000 44.000 
121.000 43.930 
122.000 43.930 
123.000 43.870 
124.000 43.810 
125.000 43.750 
126.000 43.750 
127.000 43.750 
128.000 43.680 
129.000 43.680 
130.000 43.680 
131.000 43.680 
132.000 43.680 
133.000 43.680 
134.000 43.680 
135.000 43.680 
136.000 43.680 
137.000 43.680 
138.000 43.680 
139.000 43.680 
140.000 43.680 
141.000 43.680 
142.000 43.680 
143.000 43.680 
144.000 43.750 
145.000 43.750 
146.000 43.750 
147.000 43.750 
148.000 43.750 
149.000 43.750 
150.000 43.750 
151.000 43.810 
152.000 43.810 
153.000 43.810 
154.000 43.810 
155.000 43.810 
156.000 43.870 
157.000 43.870 
158.000 43.870 
159.000 43.870 
160.000 43.930 
161.000 43.930 
162.000 44.000 
163.000 44.000 
164.000 44.000 
165.000 44.060 
166.000 44.060 
167.000 44.060 
168.000 44.120 
169.000 44.120 
170.000 44.120 
171.000 44.180 
172.000 44.180 
173.000 44.180 
174.000 44.250 
175.000 44.250 
176.000 44.250 
177.000 44.250 
178.000 44.310 
179.000 44.310 
180.000 44.310 
181.000 44.310 
182.000 44.310 
183.000 44.310 
184.000 44.310 
185.000 44.310 
186.000 44.310 
187.000 44.310 
188.000 44.310 
189.000 44.250 
190.000 44.250 
191.000 44.250 
192.000 44.250 
193.000 44.250 
194.000 44.180 
195.000 44.180 
196.000 44.180 
197.000 44.180 
198.000 44.180 
199.000 44.180 
200.000 44.120 
201.000 44.120 
202.000 44.120 
203.000 44.120 
204.000 44.060 
205.000 44.060 
206.000 44.060 
207.000 44.060 
208.000 44.060 
209.000 44.060 
210.000 44.000 
211.000 44.000 
212.000 44.000 
213.000 44.000 
214.000 44.000 
215.000 44.000 
216.000 43.930 
217.000 43.930 
218.000 43.930 
219.000 43.930 
220.000 43.930 
221.000 43.930 
222.000 43.930 
223.000 43.930 
224.000 43.930 
225.000 43.870 
226.000 43.930 
227.000 43.930 
228.000 43.930 
229.000 43.930 
230.000 43.870 
231.000 43.870 
232.000 43.930 
233.000 43.870 
234.000 43.870 
235.000 43.870 
236.000 43.930 
237.000 43.930 
238.000 43.930 
239.000 43.930 
240.000 43.930 
241.000 44.000 
242.000 44.000 
243.000 44.000 
244.000 44.000 
245.000 44.060 
246.000 44.060 
247.000 44.060 
248.000 44.120 
249.000 44.120 
250.000 44.120 
251.000 44.180 
252.000 44.120 
253.000 44.120 
254.000 44.180 
255.000 44.180 
256.000 44.180 
257.000 44.180 
258.000 44.180 
259.000 44.180 
260.000 44.180 
261.000 44.180 
262.000 44.180 
263.000 44.180 
264.000 44.180 
265.000 44.180 
266.000 44.180 
267.000 44.180 
268.000 44.180 
269.000 44.180 
270.000 44.180 
271.000 44.180 
272.000 44.120 
273.000 44.120 
274.000 44.120 
275.000 44.120 
276.000 44.120 
277.000 44.120 
278.000 44.120 
279.000 44.060 
280.000 44.060 
281.000 44.060 
282.000 44.060 
283.000 44.060 
284.000 44.060 
285.000 44.060 
286.000 44.060 
287.000 44.060 
288.000 44.060 
289.000 44.060 
290.000 44.060 
291.000 44.060 
292.000 44.060 
293.000 44.060 
294.000 44.060 
295.000 44.060 
296.000 44.060 
297.000 44.060 
298.000 44.060 
299.000 44.060 
300.000 44.060 
301.000 44.060 
302.000 44.060 
303.000 44.060 
304.000 44.000 
305.000 44.000 
306.000 44.000 
307.000 44.000 
308.000 44.000 
309.000 43.930 
310.000 43.870 
311.000 43.870 
312.000 43.810 
313.000 43.680 
314.000 43.620 
315.000 43.560 
316.000 43.430 
317.000 43.310 
318.000 43.180 
319.000 43.060 
320.000 42.930 
321.000 42.810 
322.000 42.680 
323.000 42.500 
324.000 42.370 
325.000 42.180 
326.000 42.060 
327.000 41.870 
328.000 41.750 
329.000 41.560 
330.000 41.370 
331.000 41.180 
332.000 41.000 
333.000 40.810 
334.000 40.620 
335.000 40.430 
336.000 40.250 
337.000 40.120 
338.000 39.930 
339.000 39.750 
340.000 39.620 
341.000 39.430 
342.000 39.310 
343.000 39.180 
344.000 39.000 
345.000 38.870 
346.000 38.680 
347.000 38.560 
348.000 38.430 
349.000 38.370 
350.000 38.250 
351.000 38.120 
352.000 38.000 
353.000 37.930 
354.000 37.810 
355.000 37.750 
356.000 37.680 
357.000 37.620 
358.000 37.560 
359.000 37.560 
360.000 37.500 
361.000 37.500 
362.000 37.430 
363.000 37.430 
364.000 37.430 
365.000 37.430 
366.000 37.430 
367.000 37.430 
368.000 37.430 
369.000 37.430 
370.000 37.430 
371.000 37.430 
372.000 37.500 
373.000 37.500 
374.000 37.560 
375.000 37.560 
376.000 37.620 
377.000 37.620 
378.000 37.680 
379.000 37.750 
380.000 37.810 
381.000 37.810 
382.000 37.870 
383.000 37.930 
384.000 37.930 
385.000 38.000 
386.000 38.060 
387.000 38.120 
388.000 38.180 
389.000 38.250 
390.000 38.310 
391.000 38.310 
392.000 38.370 
393.000 38.430 
394.000 38.500 
395.000 38.560 
396.000 38.620 
397.000 38.680 
398.000 38.750 
399.000 38.870 
400.000 38.870 
401.000 38.930 
402.000 39.000 
403.000 39.060 
404.000 39.060 
405.000 39.120 
406.000 39.120 
407.000 39.180 
408.000 39.250 
409.000 39.250 
410.000 39.310 
411.000 39.310 
412.000 39.370 
413.000 39.370 
414.000 39.370 
415.000 39.370 
416.000 39.430 
417.000 39.430 
418.000 39.430 
419.000 39.430 
420.000 39.430 
421.000 39.430 
422.000 39.430 
423.000 39.430 
424.000 39.370 
425.000 39.370 
426.000 39.370 
427.000 39.370 
428.000 39.310 
429.000 39.310 
430.000 39.310 
431.000 39.310 
432.000 39.310 
433.000 39.310 
434.000 39.310 
435.000 39.310 
436.000 39.250 
437.000 39.250 
438.000 39.250 
439.000 39.180 
440.000 39.180 
441.000 39.180 
442.000 39.180 
443.000 39.120 
444.000 39.120 
445.000 39.120 
446.000 39.120 
447.000 39.060 
448.000 39.120 
449.000 39.060 
450.000 39.060 
451.000 39.060 
452.000 39.060 
453.000 39.060 
454.000 39.000 
455.000 39.000 
456.000 38.930 
457.000 38.930 
458.000 38.930 
459.000 38.930 
460.000 38.870 
461.000 38.870 
462.000 38.870 
463.000 38.870 
464.000 38.870 
465.000 38.870 
466.000 38.810 
467.000 38.810 
468.000 38.810 
469.000 38.810 
470.000 38.810 
471.000 38.810 
472.000 38.870 
473.000 38.870 
474.000 38.870 
475.000 38.870 
476.000 38.870 
477.000 38.810 
478.000 38.810 
479.000 38.810 
480.000 38.810 
481.000 38.810 
482.000 38.810 
483.000 38.810 
484.000 38.810 
485.000 38.870 
486.000 38.870 
487.000 38.870 
488.000 38.870 
489.000 38.870 
490.000 38.870 
491.000 38.870 
492.000 38.870 
493.000 38.870 
494.000 38.870 
495.000 38.870 
496.000 38.870 
497.000 38.870 
498.000 38.870 
499.000 38.870 
500.000 38.870 
501.000 38.870 
502.000 38.930 
503.000 38.930 
504.000 38.930 
505.000 38.930 
506.000 38.930 
507.000 38.930 
508.000 38.930 
509.000 38.930 
510.000 38.930 
511.000 38.930 
512.000 38.930 
513.000 38.930 
514.000 38.930 
515.000 38.930 
516.000 38.930 
517.000 38.930 
518.000 38.930 
519.000 38.930 
520.000 38.930 
521.000 38.870 
522.000 38.930 
523.000 38.870 
524.000 38.930 
525.000 38.870 
526.000 38.870 
527.000 38.870 
528.000 38.870 
529.000 38.870 
530.000 38.870 
531.000 38.870 
532.000 38.870 
533.000 38.870 
534.000 38.870 
535.000 38.870 
536.000 38.870 
537.000 38.930 
538.000 38.930 
539.000 38.930 
540.000 38.930 
541.000 38.930 
542.000 38.930 
543.000 38.930 
544.000 38.930 
545.000 38.930 
546.000 38.930 
547.000 38.930 
548.000 38.930 
549.000 38.930 
550.000 39.000 
551.000 39.000 
552.000 38.930 
553.000 39.000 
554.000 39.000 
555.000 39.000 
556.000 39.000 
557.000 39.000 
558.000 39.000 
559.000 39.000 
560.000 39.000 
561.000 39.000 
562.000 39.060 
563.000 39.060 
564.000 39.060 
565.000 39.060 
566.000 39.060 
567.000 39.060 
568.000 39.120 
569.000 39.120 
570.000 39.120 
571.000 39.120 
572.000 39.120 
573.000 39.120 
574.000 39.120 
575.000 39.120 
576.000 39.120 
577.000 39.120 
578.000 39.120 
579.000 39.120 
580.000 39.060 
581.000 39.060 
582.000 39.060 
583.000 39.060 
584.000 39.060 
585.000 39.060 
586.000 39.000 
587.000 39.000 
588.000 39.000 
589.000 39.000 
590.000 38.930 
591.000 38.930 
592.000 38.930 
593.000 38.930 
594.000 38.930 
595.000 38.930 
596.000 38.930 
597.000 38.930 
598.000 38.930 
599.000 39.000 
600.000 39.000 
