1.000 1.100 
2.000 1.100 
3.000 1.100 
4.000 1.100 
5.000 1.100 
6.000 1.100 
7.000 1.100 
8.000 1.100 
9.000 1.100 
10.000 1.100 
11.000 1.100 
12.000 1.100 
13.000 1.100 
14.000 1.100 
15.000 1.100 
16.000 1.100 
17.000 1.100 
18.000 1.100 
19.000 1.100 
20.000 1.100 
21.000 1.150 
22.000 1.200 
23.000 1.214 
24.000 1.220 
25.000 1.225 
26.000 1.230 
27.000 1.235 
28.000 1.241 
29.000 1.246 
30.000 1.251 
31.000 1.236 
32.000 1.186 
33.000 1.136 
34.000 1.086 
35.000 1.036 
36.000 0.986 
37.000 0.936 
38.000 0.900 
39.000 0.900 
40.000 0.900 
41.000 0.900 
42.000 0.900 
43.000 0.900 
44.000 0.900 
45.000 0.900 
46.000 0.900 
47.000 0.950 
48.000 1.000 
49.000 1.050 
50.000 1.100 
51.000 1.150 
52.000 1.200 
53.000 1.250 
54.000 1.300 
55.000 1.300 
56.000 1.300 
57.000 1.300 
58.000 1.300 
59.000 1.300 
60.000 1.300 
61.000 1.300 
62.000 1.300 
63.000 1.300 
64.000 1.300 
65.000 1.300 
66.000 1.250 
67.000 1.200 
68.000 1.150 
69.000 1.100 
70.000 1.050 
71.000 1.000 
72.000 0.950 
73.000 0.900 
74.000 0.900 
75.000 0.900 
76.000 0.900 
77.000 0.900 
78.000 0.900 
79.000 0.900 
80.000 0.900 
81.000 0.900 
82.000 0.950 
83.000 1.000 
84.000 1.050 
85.000 1.100 
86.000 1.150 
87.000 1.200 
88.000 1.250 
89.000 1.300 
90.000 1.300 
91.000 1.300 
92.000 1.300 
93.000 1.300 
94.000 1.300 
95.000 1.300 
96.000 1.300 
97.000 1.300 
98.000 1.300 
99.000 1.300 
100.000 1.300 
101.000 1.256 
102.000 1.206 
103.000 1.156 
104.000 1.106 
105.000 1.056 
106.000 1.006 
107.000 0.956 
108.000 0.906 
109.000 0.900 
110.000 0.900 
111.000 0.900 
112.000 0.900 
113.000 0.900 
114.000 0.900 
115.000 0.900 
116.000 0.900 
117.000 0.942 
118.000 0.992 
119.000 1.042 
120.000 1.092 
121.000 1.142 
122.000 1.192 
123.000 1.242 
124.000 1.292 
125.000 1.300 
126.000 1.300 
127.000 1.300 
128.000 1.300 
129.000 1.300 
130.000 1.300 
131.000 1.300 
132.000 1.300 
133.000 1.300 
134.000 1.300 
135.000 1.300 
136.000 1.273 
137.000 1.223 
138.000 1.173 
139.000 1.123 
140.000 1.073 
141.000 1.023 
142.000 0.973 
143.000 0.923 
144.000 0.900 
145.000 0.900 
146.000 0.900 
147.000 0.900 
148.000 0.900 
149.000 0.900 
150.000 0.900 
151.000 0.900 
152.000 0.900 
153.000 0.950 
154.000 1.000 
155.000 1.050 
156.000 1.100 
157.000 1.150 
158.000 1.200 
159.000 1.250 
160.000 1.300 
161.000 1.300 
162.000 1.300 
163.000 1.300 
164.000 1.300 
165.000 1.300 
166.000 1.300 
167.000 1.300 
168.000 1.300 
169.000 1.300 
170.000 1.300 
171.000 1.300 
172.000 1.250 
173.000 1.200 
174.000 1.150 
175.000 1.100 
176.000 1.050 
177.000 1.000 
178.000 0.950 
179.000 0.900 
180.000 0.900 
181.000 0.900 
182.000 0.900 
183.000 0.900 
184.000 0.900 
185.000 0.900 
186.000 0.900 
187.000 0.900 
188.000 0.946 
189.000 0.996 
190.000 1.046 
191.000 1.096 
192.000 1.146 
193.000 1.196 
194.000 1.246 
195.000 1.296 
196.000 1.300 
197.000 1.300 
198.000 1.300 
199.000 1.300 
200.000 1.300 
201.000 1.300 
202.000 1.300 
203.000 1.300 
204.000 1.300 
205.000 1.300 
206.000 1.300 
207.000 1.250 
208.000 1.200 
209.000 1.150 
210.000 1.100 
211.000 1.050 
212.000 1.000 
213.000 0.950 
214.000 0.900 
215.000 0.900 
216.000 0.900 
217.000 0.900 
218.000 0.900 
219.000 0.900 
220.000 0.900 
221.000 0.900 
222.000 0.900 
223.000 0.944 
224.000 0.994 
225.000 1.044 
226.000 1.094 
227.000 1.144 
228.000 1.194 
229.000 1.244 
230.000 1.294 
231.000 1.300 
232.000 1.300 
233.000 1.300 
234.000 1.300 
235.000 1.300 
236.000 1.300 
237.000 1.300 
238.000 1.300 
239.000 1.300 
240.000 1.300 
241.000 1.300 
242.000 1.251 
243.000 1.201 
244.000 1.151 
245.000 1.101 
246.000 1.051 
247.000 1.001 
248.000 0.951 
249.000 0.901 
250.000 0.900 
251.000 0.900 
252.000 0.900 
253.000 0.900 
254.000 0.900 
255.000 0.900 
256.000 0.900 
257.000 0.900 
258.000 0.938 
259.000 0.988 
260.000 1.038 
261.000 1.088 
262.000 1.138 
263.000 1.188 
264.000 1.238 
265.000 1.288 
266.000 1.300 
267.000 1.300 
268.000 1.300 
269.000 1.300 
270.000 1.300 
271.000 1.250 
272.000 1.300 
273.000 1.300 
274.000 1.300 
275.000 1.300 
276.000 1.250 
277.000 1.200 
278.000 1.150 
279.000 1.100 
280.000 1.050 
281.000 1.000 
282.000 0.950 
283.000 0.900 
284.000 0.900 
285.000 0.900 
286.000 0.900 
287.000 0.900 
288.000 0.900 
289.000 0.900 
290.000 0.900 
291.000 0.900 
292.000 0.900 
293.000 0.900 
294.000 0.913 
295.000 0.963 
296.000 1.013 
297.000 1.063 
298.000 1.113 
299.000 1.163 
300.000 1.213 
301.000 1.263 
302.000 1.300 
303.000 1.300 
304.000 1.300 
305.000 1.300 
306.000 1.300 
307.000 1.300 
308.000 1.300 
309.000 1.300 
310.000 1.300 
311.000 1.250 
312.000 1.200 
313.000 1.150 
314.000 1.100 
315.000 1.050 
316.000 1.000 
317.000 0.950 
318.000 0.900 
319.000 0.900 
320.000 0.900 
321.000 0.900 
322.000 0.900 
323.000 0.900 
324.000 0.900 
325.000 0.900 
326.000 0.900 
327.000 0.900 
328.000 0.900 
329.000 0.900 
330.000 0.950 
331.000 1.000 
332.000 1.050 
333.000 1.100 
334.000 1.150 
335.000 1.200 
336.000 1.250 
337.000 1.300 
338.000 1.300 
339.000 1.300 
340.000 1.300 
341.000 1.300 
342.000 1.300 
343.000 1.300 
344.000 1.300 
345.000 1.300 
346.000 1.250 
347.000 1.200 
348.000 1.150 
349.000 1.100 
350.000 1.050 
351.000 1.000 
352.000 0.950 
353.000 0.900 
354.000 0.900 
355.000 0.900 
356.000 0.900 
357.000 0.900 
358.000 0.900 
359.000 0.900 
360.000 0.900 
361.000 0.900 
362.000 0.900 
363.000 0.900 
364.000 0.900 
365.000 0.944 
366.000 0.994 
367.000 1.044 
368.000 1.094 
369.000 1.144 
370.000 1.194 
371.000 1.244 
372.000 1.294 
373.000 1.300 
374.000 1.300 
375.000 1.300 
376.000 1.300 
377.000 1.300 
378.000 1.300 
379.000 1.300 
380.000 1.300 
381.000 1.262 
382.000 1.212 
383.000 1.162 
384.000 1.112 
385.000 1.062 
386.000 1.012 
387.000 0.962 
388.000 0.912 
389.000 0.900 
390.000 0.900 
391.000 0.900 
392.000 0.900 
393.000 0.900 
394.000 0.900 
395.000 0.900 
396.000 0.900 
397.000 0.900 
398.000 0.900 
399.000 0.900 
400.000 0.921 
401.000 0.971 
402.000 1.021 
403.000 1.071 
404.000 1.121 
405.000 1.171 
406.000 1.221 
407.000 1.271 
408.000 1.300 
409.000 1.300 
410.000 1.300 
411.000 1.300 
412.000 1.300 
413.000 1.300 
414.000 1.300 
415.000 1.300 
416.000 1.300 
417.000 1.250 
418.000 1.200 
419.000 1.150 
420.000 1.100 
421.000 1.050 
422.000 1.000 
423.000 0.950 
424.000 0.900 
425.000 0.900 
426.000 0.900 
427.000 0.900 
428.000 0.900 
429.000 0.900 
430.000 0.900 
431.000 0.900 
432.000 0.900 
433.000 0.900 
434.000 0.900 
435.000 0.900 
436.000 0.950 
437.000 1.000 
438.000 1.050 
439.000 1.100 
440.000 1.150 
441.000 1.200 
442.000 1.250 
443.000 1.300 
444.000 1.300 
445.000 1.300 
446.000 1.300 
447.000 1.300 
448.000 1.300 
449.000 1.300 
450.000 1.300 
451.000 1.300 
452.000 1.266 
453.000 1.216 
454.000 1.166 
455.000 1.116 
456.000 1.066 
457.000 1.016 
458.000 0.966 
459.000 0.916 
460.000 0.900 
461.000 0.900 
462.000 0.900 
463.000 0.900 
464.000 0.900 
465.000 0.900 
466.000 0.900 
467.000 0.900 
468.000 0.900 
469.000 0.900 
470.000 0.900 
471.000 0.919 
472.000 0.969 
473.000 1.019 
474.000 1.069 
475.000 1.119 
476.000 1.169 
477.000 1.219 
478.000 1.269 
479.000 1.300 
480.000 1.300 
481.000 1.300 
482.000 1.300 
483.000 1.300 
484.000 1.300 
485.000 1.300 
486.000 1.300 
487.000 1.300 
488.000 1.250 
489.000 1.200 
490.000 1.150 
491.000 1.100 
492.000 1.050 
493.000 1.000 
494.000 0.950 
495.000 0.900 
496.000 0.900 
497.000 0.900 
498.000 0.900 
499.000 0.900 
500.000 0.900 
501.000 0.900 
502.000 0.900 
503.000 0.900 
504.000 0.900 
505.000 0.900 
506.000 0.900 
507.000 0.950 
508.000 1.000 
509.000 1.050 
510.000 1.100 
511.000 1.150 
512.000 1.200 
513.000 1.250 
514.000 1.300 
515.000 1.300 
516.000 1.300 
517.000 1.300 
518.000 1.300 
519.000 1.300 
520.000 1.300 
521.000 1.300 
522.000 1.300 
523.000 1.300 
524.000 1.300 
525.000 1.279 
526.000 1.229 
527.000 1.179 
528.000 1.129 
529.000 1.079 
530.000 1.029 
531.000 0.979 
532.000 0.929 
533.000 0.900 
534.000 0.900 
535.000 0.900 
536.000 0.900 
537.000 0.900 
538.000 0.900 
539.000 0.900 
540.000 0.900 
541.000 0.904 
542.000 0.954 
543.000 1.004 
544.000 1.054 
545.000 1.104 
546.000 1.154 
547.000 1.204 
548.000 1.254 
549.000 1.300 
550.000 1.300 
551.000 1.300 
552.000 1.300 
553.000 1.300 
554.000 1.300 
555.000 1.300 
556.000 1.300 
557.000 1.300 
558.000 1.300 
559.000 1.300 
560.000 1.300 
561.000 1.300 
562.000 1.300 
563.000 1.250 
564.000 1.200 
565.000 1.150 
566.000 1.100 
567.000 1.050 
568.000 1.000 
569.000 0.950 
570.000 0.900 
571.000 0.900 
572.000 0.900 
573.000 0.900 
574.000 0.900 
575.000 0.900 
576.000 0.900 
577.000 0.900 
578.000 0.950 
579.000 1.000 
580.000 1.050 
581.000 1.100 
582.000 1.150 
583.000 1.200 
584.000 1.250 
585.000 1.300 
586.000 1.300 
587.000 1.300 
588.000 1.300 
589.000 1.300 
590.000 1.300 
591.000 1.300 
592.000 1.300 
593.000 1.300 
594.000 1.300 
595.000 1.300 
596.000 1.300 
597.000 1.300 
598.000 1.300 
599.000 1.286 
600.000 1.236 
601.000 1.186 
602.000 1.136 
603.000 1.086 
604.000 1.036 
605.000 0.986 
606.000 0.936 
607.000 0.900 
608.000 0.900 
609.000 0.900 
610.000 0.900 
611.000 0.900 
612.000 0.900 
613.000 0.900 
614.000 0.934 
615.000 0.984 
616.000 1.034 
617.000 1.084 
618.000 1.134 
619.000 1.184 
620.000 1.234 
621.000 1.284 
622.000 1.300 
623.000 1.300 
624.000 1.300 
625.000 1.300 
626.000 1.300 
627.000 1.300 
628.000 1.300 
629.000 1.300 
630.000 1.300 
631.000 1.300 
632.000 1.300 
633.000 1.300 
634.000 1.300 
635.000 1.263 
636.000 1.213 
637.000 1.163 
638.000 1.113 
639.000 1.063 
640.000 1.013 
641.000 0.963 
642.000 0.913 
643.000 0.900 
644.000 0.900 
645.000 0.900 
646.000 0.900 
647.000 0.900 
648.000 0.900 
649.000 0.900 
650.000 0.950 
651.000 1.000 
652.000 1.050 
653.000 1.100 
654.000 1.150 
655.000 1.200 
656.000 1.250 
657.000 1.300 
658.000 1.300 
659.000 1.300 
660.000 1.300 
661.000 1.300 
662.000 1.300 
663.000 1.300 
664.000 1.300 
665.000 1.300 
666.000 1.300 
667.000 1.300 
668.000 1.300 
669.000 1.300 
670.000 1.294 
671.000 1.244 
672.000 1.194 
673.000 1.144 
674.000 1.094 
675.000 1.044 
676.000 0.994 
677.000 0.944 
678.000 0.900 
679.000 0.900 
680.000 0.900 
681.000 0.900 
682.000 0.900 
683.000 0.900 
684.000 0.900 
685.000 0.900 
686.000 0.950 
687.000 1.000 
688.000 1.050 
689.000 1.100 
690.000 1.150 
691.000 1.200 
692.000 1.250 
693.000 1.300 
694.000 1.300 
695.000 1.300 
696.000 1.300 
697.000 1.300 
698.000 1.300 
699.000 1.300 
700.000 1.300 
701.000 1.300 
702.000 1.300 
703.000 1.300 
704.000 1.300 
705.000 1.300 
706.000 1.273 
707.000 1.223 
708.000 1.173 
709.000 1.123 
710.000 1.073 
711.000 1.023 
712.000 0.973 
713.000 0.923 
714.000 0.900 
715.000 0.900 
716.000 0.900 
717.000 0.900 
718.000 0.900 
719.000 0.900 
720.000 0.900 
721.000 0.900 
722.000 0.950 
723.000 1.000 
724.000 1.050 
725.000 1.100 
726.000 1.150 
727.000 1.200 
728.000 1.250 
729.000 1.300 
730.000 1.300 
731.000 1.300 
732.000 1.300 
733.000 1.300 
734.000 1.300 
735.000 1.300 
736.000 1.300 
737.000 1.300 
738.000 1.300 
739.000 1.300 
740.000 1.300 
741.000 1.300 
742.000 1.300 
743.000 1.250 
744.000 1.200 
745.000 1.150 
746.000 1.100 
747.000 1.050 
748.000 1.000 
749.000 0.950 
750.000 0.900 
751.000 0.900 
752.000 0.900 
753.000 0.900 
754.000 0.900 
755.000 0.900 
756.000 0.900 
757.000 0.900 
758.000 0.950 
759.000 1.000 
760.000 1.050 
761.000 1.100 
762.000 1.150 
763.000 1.200 
764.000 1.250 
765.000 1.300 
766.000 1.300 
767.000 1.300 
768.000 1.300 
769.000 1.300 
770.000 1.300 
771.000 1.250 
772.000 1.300 
773.000 1.300 
774.000 1.300 
775.000 1.250 
776.000 1.200 
777.000 1.150 
778.000 1.100 
779.000 1.050 
780.000 1.000 
781.000 0.950 
782.000 0.900 
783.000 0.900 
784.000 0.900 
785.000 0.900 
786.000 0.900 
787.000 0.900 
788.000 0.900 
789.000 0.900 
790.000 0.900 
791.000 0.900 
792.000 0.900 
793.000 0.900 
794.000 0.902 
795.000 0.952 
796.000 1.002 
797.000 1.052 
798.000 1.102 
799.000 1.152 
800.000 1.202 
801.000 1.252 
802.000 1.300 
803.000 1.300 
804.000 1.300 
805.000 1.300 
806.000 1.300 
807.000 1.300 
808.000 1.300 
809.000 1.300 
810.000 1.250 
811.000 1.200 
812.000 1.150 
813.000 1.100 
814.000 1.050 
815.000 1.000 
816.000 0.950 
817.000 0.900 
818.000 0.900 
819.000 0.900 
820.000 0.900 
821.000 0.900 
822.000 0.900 
823.000 0.900 
824.000 0.900 
825.000 0.900 
826.000 0.900 
827.000 0.900 
828.000 0.900 
829.000 0.900 
830.000 0.900 
831.000 0.941 
832.000 0.991 
833.000 1.041 
834.000 1.091 
835.000 1.141 
836.000 1.191 
837.000 1.241 
838.000 1.291 
839.000 1.300 
840.000 1.300 
841.000 1.300 
842.000 1.300 
843.000 1.300 
844.000 1.300 
845.000 1.300 
846.000 1.250 
847.000 1.200 
848.000 1.150 
849.000 1.100 
850.000 1.050 
851.000 1.000 
852.000 0.950 
853.000 0.900 
854.000 0.900 
855.000 0.900 
856.000 0.900 
857.000 0.900 
858.000 0.900 
859.000 0.900 
860.000 0.900 
861.000 0.900 
862.000 0.900 
863.000 0.900 
864.000 0.900 
865.000 0.900 
866.000 0.900 
867.000 0.940 
868.000 0.990 
869.000 1.040 
870.000 1.090 
871.000 1.140 
872.000 1.190 
873.000 1.240 
874.000 1.290 
875.000 1.300 
876.000 1.300 
877.000 1.300 
878.000 1.300 
879.000 1.300 
880.000 1.300 
881.000 1.300 
882.000 1.250 
883.000 1.200 
884.000 1.150 
885.000 1.100 
886.000 1.050 
887.000 1.000 
888.000 0.950 
889.000 0.900 
890.000 0.900 
891.000 0.900 
892.000 0.900 
893.000 0.900 
894.000 0.900 
895.000 0.900 
896.000 0.900 
897.000 0.900 
898.000 0.900 
899.000 0.900 
900.000 0.900 
901.000 0.900 
902.000 0.900 
903.000 0.950 
904.000 1.000 
905.000 1.050 
906.000 1.100 
907.000 1.150 
908.000 1.200 
909.000 1.250 
910.000 1.300 
911.000 1.300 
912.000 1.300 
913.000 1.300 
914.000 1.300 
915.000 1.300 
916.000 1.300 
917.000 1.300 
918.000 1.250 
919.000 1.200 
920.000 1.150 
921.000 1.100 
922.000 1.050 
923.000 1.000 
924.000 0.950 
925.000 0.900 
926.000 0.900 
927.000 0.900 
928.000 0.900 
929.000 0.900 
930.000 0.900 
931.000 0.900 
932.000 0.900 
933.000 0.900 
934.000 0.900 
935.000 0.900 
936.000 0.900 
937.000 0.900 
938.000 0.900 
939.000 0.950 
940.000 1.000 
941.000 1.050 
942.000 1.100 
943.000 1.150 
944.000 1.200 
945.000 1.250 
946.000 1.300 
947.000 1.300 
948.000 1.300 
949.000 1.300 
950.000 1.300 
951.000 1.300 
952.000 1.300 
953.000 1.300 
954.000 1.250 
955.000 1.200 
956.000 1.150 
957.000 1.100 
958.000 1.050 
959.000 1.000 
960.000 0.950 
961.000 0.900 
962.000 0.900 
963.000 0.900 
964.000 0.900 
965.000 0.900 
966.000 0.900 
967.000 0.900 
968.000 0.900 
969.000 0.900 
970.000 0.900 
971.000 0.900 
972.000 0.900 
973.000 0.900 
974.000 0.922 
975.000 0.972 
976.000 1.022 
977.000 1.072 
978.000 1.122 
979.000 1.172 
980.000 1.222 
981.000 1.272 
982.000 1.300 
983.000 1.300 
984.000 1.300 
985.000 1.300 
986.000 1.300 
987.000 1.300 
988.000 1.300 
989.000 1.300 
990.000 1.250 
991.000 1.200 
992.000 1.150 
993.000 1.100 
994.000 1.050 
995.000 1.000 
996.000 0.950 
997.000 0.900 
998.000 0.900 
999.000 0.900 
1000.000 0.900 
1001.000 0.900 
1002.000 0.900 
1003.000 0.900 
1004.000 0.900 
1005.000 0.900 
1006.000 0.900 
1007.000 0.900 
1008.000 0.900 
1009.000 0.900 
1010.000 0.905 
1011.000 0.955 
1012.000 1.005 
1013.000 1.055 
1014.000 1.105 
1015.000 1.155 
1016.000 1.205 
1017.000 1.255 
1018.000 1.300 
1019.000 1.300 
1020.000 1.300 
1021.000 1.300 
1022.000 1.300 
1023.000 1.300 
1024.000 1.300 
1025.000 1.300 
1026.000 1.300 
1027.000 1.300 
1028.000 1.300 
1029.000 1.300 
1030.000 1.283 
1031.000 1.233 
1032.000 1.183 
1033.000 1.133 
1034.000 1.083 
1035.000 1.033 
1036.000 0.983 
1037.000 0.933 
1038.000 0.900 
1039.000 0.900 
1040.000 0.900 
1041.000 0.900 
1042.000 0.900 
1043.000 0.900 
1044.000 0.900 
1045.000 0.950 
1046.000 1.000 
1047.000 1.050 
1048.000 1.100 
1049.000 1.150 
1050.000 1.200 
1051.000 1.250 
1052.000 1.300 
1053.000 1.300 
1054.000 1.300 
1055.000 1.300 
1056.000 1.300 
1057.000 1.300 
1058.000 1.300 
1059.000 1.300 
1060.000 1.300 
1061.000 1.300 
1062.000 1.300 
1063.000 1.300 
1064.000 1.300 
1065.000 1.300 
1066.000 1.300 
1067.000 1.300 
1068.000 1.300 
1069.000 1.250 
1070.000 1.200 
1071.000 1.150 
1072.000 1.100 
1073.000 1.050 
1074.000 1.000 
1075.000 0.950 
1076.000 0.900 
1077.000 0.900 
1078.000 0.900 
1079.000 0.900 
1080.000 0.900 
1081.000 0.909 
1082.000 0.959 
1083.000 1.009 
1084.000 1.059 
1085.000 1.109 
1086.000 1.159 
1087.000 1.209 
1088.000 1.259 
1089.000 1.300 
1090.000 1.300 
1091.000 1.300 
1092.000 1.300 
1093.000 1.300 
1094.000 1.300 
1095.000 1.300 
1096.000 1.300 
1097.000 1.300 
1098.000 1.300 
1099.000 1.300 
1100.000 1.300 
1101.000 1.300 
1102.000 1.300 
1103.000 1.300 
1104.000 1.300 
1105.000 1.266 
1106.000 1.216 
1107.000 1.166 
1108.000 1.116 
1109.000 1.066 
1110.000 1.016 
1111.000 0.966 
1112.000 0.916 
1113.000 0.900 
1114.000 0.900 
1115.000 0.900 
1116.000 0.900 
1117.000 0.900 
1118.000 0.902 
1119.000 0.952 
1120.000 1.002 
1121.000 1.052 
1122.000 1.102 
1123.000 1.152 
1124.000 1.202 
1125.000 1.252 
1126.000 1.300 
1127.000 1.300 
1128.000 1.300 
1129.000 1.300 
1130.000 1.300 
1131.000 1.300 
1132.000 1.300 
1133.000 1.300 
1134.000 1.300 
1135.000 1.300 
1136.000 1.300 
1137.000 1.300 
1138.000 1.300 
1139.000 1.300 
1140.000 1.300 
1141.000 1.282 
1142.000 1.232 
1143.000 1.182 
1144.000 1.132 
1145.000 1.082 
1146.000 1.032 
1147.000 0.982 
1148.000 0.932 
1149.000 0.900 
1150.000 0.900 
1151.000 0.900 
1152.000 0.900 
1153.000 0.900 
1154.000 0.900 
1155.000 0.915 
1156.000 0.965 
1157.000 1.015 
1158.000 1.065 
1159.000 1.115 
1160.000 1.165 
1161.000 1.215 
1162.000 1.265 
1163.000 1.300 
1164.000 1.300 
1165.000 1.300 
1166.000 1.300 
1167.000 1.300 
1168.000 1.300 
1169.000 1.300 
1170.000 1.300 
1171.000 1.300 
1172.000 1.300 
1173.000 1.300 
1174.000 1.300 
1175.000 1.300 
1176.000 1.300 
1177.000 1.300 
1178.000 1.250 
1179.000 1.200 
1180.000 1.150 
1181.000 1.100 
1182.000 1.050 
1183.000 1.000 
1184.000 0.950 
1185.000 0.900 
1186.000 0.900 
1187.000 0.900 
1188.000 0.900 
1189.000 0.900 
1190.000 0.900 
1191.000 0.900 
1192.000 0.950 
1193.000 1.000 
1194.000 1.050 
1195.000 1.100 
1196.000 1.150 
1197.000 1.200 
1198.000 1.250 
1199.000 1.300 
1200.000 1.300 
1201.000 1.300 
1202.000 1.300 
1203.000 1.300 
1204.000 1.300 
1205.000 1.300 
1206.000 1.300 
1207.000 1.300 
1208.000 1.300 
1209.000 1.300 
1210.000 1.300 
1211.000 1.300 
1212.000 1.300 
1213.000 1.300 
1214.000 1.273 
1215.000 1.223 
1216.000 1.173 
1217.000 1.123 
1218.000 1.073 
1219.000 1.023 
1220.000 0.973 
1221.000 0.923 
1222.000 0.900 
1223.000 0.900 
1224.000 0.900 
1225.000 0.900 
1226.000 0.900 
1227.000 0.900 
1228.000 0.947 
1229.000 0.997 
1230.000 1.047 
1231.000 1.097 
1232.000 1.147 
1233.000 1.197 
1234.000 1.247 
1235.000 1.297 
1236.000 1.300 
1237.000 1.300 
1238.000 1.300 
1239.000 1.300 
1240.000 1.300 
1241.000 1.300 
1242.000 1.300 
1243.000 1.300 
1244.000 1.300 
1245.000 1.300 
1246.000 1.300 
1247.000 1.300 
1248.000 1.300 
1249.000 1.300 
1250.000 1.269 
1251.000 1.219 
1252.000 1.169 
1253.000 1.119 
1254.000 1.069 
1255.000 1.019 
1256.000 0.969 
1257.000 0.919 
1258.000 0.900 
1259.000 0.900 
1260.000 0.900 
1261.000 0.900 
1262.000 0.900 
1263.000 0.900 
1264.000 0.947 
1265.000 0.997 
1266.000 1.047 
1267.000 1.097 
1268.000 1.147 
1269.000 1.197 
1270.000 1.247 
