1.000 1.100 
2.000 1.100 
3.000 1.100 
4.000 1.100 
5.000 1.100 
6.000 1.100 
7.000 1.100 
8.000 1.100 
9.000 1.100 
10.000 1.100 
11.000 1.100 
12.000 1.100 
13.000 1.100 
14.000 1.100 
15.000 1.100 
16.000 1.100 
17.000 1.100 
18.000 1.100 
19.000 1.100 
20.000 1.100 
21.000 1.150 
22.000 1.136 
23.000 1.137 
24.000 1.138 
25.000 1.139 
26.000 1.140 
27.000 1.141 
28.000 1.141 
29.000 1.142 
30.000 1.143 
31.000 1.140 
32.000 1.136 
33.000 1.132 
34.000 1.128 
35.000 1.125 
36.000 1.122 
37.000 1.118 
38.000 1.115 
39.000 1.112 
40.000 1.109 
41.000 1.106 
42.000 1.104 
43.000 1.102 
44.000 1.101 
45.000 1.101 
46.000 1.101 
47.000 1.101 
48.000 1.102 
49.000 1.103 
50.000 1.104 
51.000 1.106 
52.000 1.108 
53.000 1.110 
54.000 1.112 
55.000 1.114 
56.000 1.116 
57.000 1.118 
58.000 1.120 
59.000 1.121 
60.000 1.123 
61.000 1.124 
62.000 1.124 
63.000 1.125 
64.000 1.125 
65.000 1.125 
66.000 1.124 
67.000 1.124 
68.000 1.123 
69.000 1.122 
70.000 1.121 
71.000 1.120 
72.000 1.118 
73.000 1.117 
74.000 1.116 
75.000 1.115 
76.000 1.114 
77.000 1.113 
78.000 1.112 
79.000 1.111 
80.000 1.111 
81.000 1.111 
82.000 1.111 
83.000 1.111 
84.000 1.111 
85.000 1.111 
86.000 1.112 
87.000 1.112 
88.000 1.113 
89.000 1.113 
90.000 1.114 
91.000 1.115 
92.000 1.116 
93.000 1.116 
94.000 1.117 
95.000 1.117 
96.000 1.118 
97.000 1.118 
98.000 1.119 
99.000 1.119 
100.000 1.119 
101.000 1.119 
102.000 1.119 
103.000 1.119 
104.000 1.118 
105.000 1.118 
106.000 1.118 
107.000 1.117 
108.000 1.117 
109.000 1.116 
110.000 1.116 
111.000 1.116 
112.000 1.115 
113.000 1.115 
114.000 1.115 
115.000 1.114 
116.000 1.114 
117.000 1.114 
118.000 1.114 
119.000 1.114 
120.000 1.114 
121.000 1.114 
122.000 1.114 
123.000 1.114 
124.000 1.115 
125.000 1.115 
126.000 1.115 
127.000 1.115 
128.000 1.116 
129.000 1.116 
130.000 1.116 
131.000 1.116 
132.000 1.116 
133.000 1.117 
134.000 1.117 
135.000 1.117 
136.000 1.117 
137.000 1.117 
138.000 1.117 
139.000 1.117 
140.000 1.117 
141.000 1.117 
142.000 1.116 
143.000 1.116 
144.000 1.116 
145.000 1.116 
146.000 1.116 
147.000 1.116 
148.000 1.116 
149.000 1.116 
150.000 1.115 
151.000 1.115 
152.000 1.115 
153.000 1.115 
154.000 1.115 
155.000 1.115 
156.000 1.115 
157.000 1.115 
158.000 1.115 
159.000 1.115 
160.000 1.115 
161.000 1.115 
162.000 1.115 
163.000 1.116 
164.000 1.116 
165.000 1.116 
166.000 1.116 
167.000 1.116 
168.000 1.116 
169.000 1.116 
170.000 1.116 
171.000 1.116 
172.000 1.116 
173.000 1.116 
174.000 1.116 
175.000 1.116 
176.000 1.116 
177.000 1.116 
178.000 1.116 
179.000 1.116 
180.000 1.116 
181.000 1.116 
182.000 1.116 
183.000 1.116 
184.000 1.116 
185.000 1.116 
186.000 1.116 
187.000 1.116 
188.000 1.116 
189.000 1.116 
190.000 1.116 
191.000 1.116 
192.000 1.116 
193.000 1.116 
194.000 1.116 
195.000 1.116 
196.000 1.116 
197.000 1.116 
198.000 1.116 
199.000 1.116 
200.000 1.116 
201.000 1.116 
202.000 1.116 
203.000 1.116 
204.000 1.116 
205.000 1.116 
206.000 1.116 
207.000 1.116 
208.000 1.116 
209.000 1.116 
210.000 1.116 
211.000 1.116 
212.000 1.116 
213.000 1.116 
214.000 1.116 
215.000 1.116 
216.000 1.116 
217.000 1.116 
218.000 1.116 
219.000 1.116 
220.000 1.116 
221.000 1.116 
222.000 1.116 
223.000 1.116 
224.000 1.116 
225.000 1.116 
226.000 1.116 
227.000 1.116 
228.000 1.116 
229.000 1.116 
230.000 1.116 
231.000 1.116 
232.000 1.116 
233.000 1.116 
234.000 1.116 
235.000 1.116 
236.000 1.116 
237.000 1.116 
238.000 1.116 
239.000 1.116 
240.000 1.116 
241.000 1.116 
242.000 1.116 
243.000 1.116 
244.000 1.116 
245.000 1.116 
246.000 1.116 
247.000 1.116 
248.000 1.116 
249.000 1.116 
250.000 1.116 
251.000 1.116 
252.000 1.116 
253.000 1.116 
254.000 1.116 
255.000 1.116 
256.000 1.116 
257.000 1.116 
258.000 1.116 
259.000 1.116 
260.000 1.116 
261.000 1.116 
262.000 1.116 
263.000 1.116 
264.000 1.116 
265.000 1.116 
266.000 1.116 
267.000 1.116 
268.000 1.116 
269.000 1.116 
270.000 1.116 
271.000 1.066 
272.000 1.043 
273.000 1.041 
274.000 1.040 
275.000 1.038 
276.000 1.036 
277.000 1.035 
278.000 1.033 
279.000 1.031 
280.000 1.030 
281.000 1.031 
282.000 1.038 
283.000 1.046 
284.000 1.053 
285.000 1.060 
286.000 1.067 
287.000 1.074 
288.000 1.081 
289.000 1.087 
290.000 1.093 
291.000 1.100 
292.000 1.105 
293.000 1.109 
294.000 1.112 
295.000 1.114 
296.000 1.114 
297.000 1.114 
298.000 1.113 
299.000 1.112 
300.000 1.109 
301.000 1.106 
302.000 1.103 
303.000 1.099 
304.000 1.094 
305.000 1.090 
306.000 1.086 
307.000 1.082 
308.000 1.078 
309.000 1.075 
310.000 1.072 
311.000 1.069 
312.000 1.068 
313.000 1.066 
314.000 1.066 
315.000 1.065 
316.000 1.066 
317.000 1.067 
318.000 1.068 
319.000 1.070 
320.000 1.072 
321.000 1.074 
322.000 1.077 
323.000 1.079 
324.000 1.082 
325.000 1.084 
326.000 1.087 
327.000 1.089 
328.000 1.090 
329.000 1.092 
330.000 1.093 
331.000 1.094 
332.000 1.094 
333.000 1.095 
334.000 1.094 
335.000 1.094 
336.000 1.093 
337.000 1.092 
338.000 1.091 
339.000 1.090 
340.000 1.088 
341.000 1.087 
342.000 1.086 
343.000 1.084 
344.000 1.083 
345.000 1.082 
346.000 1.080 
347.000 1.080 
348.000 1.079 
349.000 1.078 
350.000 1.078 
351.000 1.078 
352.000 1.078 
353.000 1.078 
354.000 1.079 
355.000 1.079 
356.000 1.080 
357.000 1.080 
358.000 1.081 
359.000 1.082 
360.000 1.083 
361.000 1.084 
362.000 1.085 
363.000 1.085 
364.000 1.086 
365.000 1.087 
366.000 1.087 
367.000 1.087 
368.000 1.088 
369.000 1.088 
370.000 1.088 
371.000 1.088 
372.000 1.087 
373.000 1.087 
374.000 1.087 
375.000 1.086 
376.000 1.086 
377.000 1.085 
378.000 1.085 
379.000 1.084 
380.000 1.084 
381.000 1.084 
382.000 1.083 
383.000 1.083 
384.000 1.083 
385.000 1.082 
386.000 1.082 
387.000 1.082 
388.000 1.082 
389.000 1.082 
390.000 1.082 
391.000 1.082 
392.000 1.083 
393.000 1.083 
394.000 1.083 
395.000 1.083 
396.000 1.084 
397.000 1.084 
398.000 1.084 
399.000 1.085 
400.000 1.085 
401.000 1.085 
402.000 1.085 
403.000 1.085 
404.000 1.085 
405.000 1.085 
406.000 1.085 
407.000 1.085 
408.000 1.085 
409.000 1.085 
410.000 1.085 
411.000 1.085 
412.000 1.085 
413.000 1.085 
414.000 1.085 
415.000 1.084 
416.000 1.084 
417.000 1.084 
418.000 1.084 
419.000 1.084 
420.000 1.084 
421.000 1.084 
422.000 1.084 
423.000 1.084 
424.000 1.084 
425.000 1.084 
426.000 1.084 
427.000 1.084 
428.000 1.084 
429.000 1.084 
430.000 1.084 
431.000 1.084 
432.000 1.084 
433.000 1.084 
434.000 1.084 
435.000 1.084 
436.000 1.084 
437.000 1.084 
438.000 1.085 
439.000 1.085 
440.000 1.085 
441.000 1.085 
442.000 1.085 
443.000 1.085 
444.000 1.085 
445.000 1.085 
446.000 1.085 
447.000 1.085 
448.000 1.085 
449.000 1.084 
450.000 1.084 
451.000 1.084 
452.000 1.084 
453.000 1.084 
454.000 1.084 
455.000 1.084 
456.000 1.084 
457.000 1.084 
458.000 1.084 
459.000 1.084 
460.000 1.084 
461.000 1.084 
462.000 1.084 
463.000 1.084 
464.000 1.084 
465.000 1.084 
466.000 1.084 
467.000 1.084 
468.000 1.084 
469.000 1.084 
470.000 1.084 
471.000 1.084 
472.000 1.084 
473.000 1.084 
474.000 1.084 
475.000 1.084 
476.000 1.084 
477.000 1.084 
478.000 1.084 
479.000 1.084 
480.000 1.084 
481.000 1.084 
482.000 1.084 
483.000 1.084 
484.000 1.084 
485.000 1.084 
486.000 1.084 
487.000 1.084 
488.000 1.084 
489.000 1.084 
490.000 1.084 
491.000 1.084 
492.000 1.084 
493.000 1.084 
494.000 1.084 
495.000 1.084 
496.000 1.084 
497.000 1.084 
498.000 1.084 
499.000 1.084 
500.000 1.084 
501.000 1.084 
502.000 1.084 
503.000 1.084 
504.000 1.084 
505.000 1.084 
506.000 1.084 
507.000 1.084 
508.000 1.084 
509.000 1.084 
510.000 1.084 
511.000 1.084 
512.000 1.084 
513.000 1.084 
514.000 1.084 
515.000 1.084 
516.000 1.084 
517.000 1.084 
518.000 1.084 
519.000 1.084 
520.000 1.084 
521.000 1.134 
522.000 1.184 
523.000 1.196 
524.000 1.198 
525.000 1.201 
526.000 1.203 
527.000 1.206 
528.000 1.208 
529.000 1.211 
530.000 1.213 
531.000 1.213 
532.000 1.205 
533.000 1.194 
534.000 1.183 
535.000 1.172 
536.000 1.161 
537.000 1.151 
538.000 1.140 
539.000 1.131 
540.000 1.121 
541.000 1.111 
542.000 1.103 
543.000 1.096 
544.000 1.091 
545.000 1.088 
546.000 1.086 
547.000 1.086 
548.000 1.087 
549.000 1.089 
550.000 1.093 
551.000 1.097 
552.000 1.102 
553.000 1.108 
554.000 1.114 
555.000 1.121 
556.000 1.127 
557.000 1.133 
558.000 1.139 
559.000 1.144 
560.000 1.149 
561.000 1.153 
562.000 1.156 
563.000 1.158 
564.000 1.159 
565.000 1.160 
566.000 1.160 
567.000 1.158 
568.000 1.156 
569.000 1.154 
570.000 1.151 
571.000 1.148 
572.000 1.144 
573.000 1.140 
574.000 1.136 
575.000 1.133 
576.000 1.129 
577.000 1.126 
578.000 1.123 
579.000 1.121 
580.000 1.119 
581.000 1.117 
582.000 1.116 
583.000 1.116 
584.000 1.116 
585.000 1.117 
586.000 1.118 
587.000 1.119 
588.000 1.121 
589.000 1.123 
590.000 1.125 
591.000 1.127 
592.000 1.129 
593.000 1.131 
594.000 1.133 
595.000 1.135 
596.000 1.137 
597.000 1.138 
598.000 1.139 
599.000 1.140 
600.000 1.141 
601.000 1.141 
602.000 1.141 
603.000 1.141 
604.000 1.140 
605.000 1.140 
606.000 1.139 
607.000 1.138 
608.000 1.136 
609.000 1.135 
610.000 1.134 
611.000 1.133 
612.000 1.131 
613.000 1.130 
614.000 1.129 
615.000 1.128 
616.000 1.127 
617.000 1.127 
618.000 1.127 
619.000 1.126 
620.000 1.126 
621.000 1.126 
622.000 1.127 
623.000 1.127 
624.000 1.127 
625.000 1.128 
626.000 1.129 
627.000 1.129 
628.000 1.130 
629.000 1.131 
630.000 1.132 
631.000 1.132 
632.000 1.133 
633.000 1.134 
634.000 1.134 
635.000 1.134 
636.000 1.135 
637.000 1.135 
638.000 1.135 
639.000 1.135 
640.000 1.135 
641.000 1.134 
642.000 1.134 
643.000 1.134 
644.000 1.133 
645.000 1.133 
646.000 1.133 
647.000 1.132 
648.000 1.132 
649.000 1.131 
650.000 1.131 
651.000 1.131 
652.000 1.130 
653.000 1.130 
654.000 1.130 
655.000 1.130 
656.000 1.130 
657.000 1.130 
658.000 1.130 
659.000 1.130 
660.000 1.130 
661.000 1.130 
662.000 1.130 
663.000 1.131 
664.000 1.131 
665.000 1.131 
666.000 1.131 
667.000 1.132 
668.000 1.132 
669.000 1.132 
670.000 1.132 
671.000 1.132 
672.000 1.133 
673.000 1.133 
674.000 1.133 
675.000 1.133 
676.000 1.133 
677.000 1.133 
678.000 1.132 
679.000 1.132 
680.000 1.132 
681.000 1.132 
682.000 1.132 
683.000 1.132 
684.000 1.132 
685.000 1.131 
686.000 1.131 
687.000 1.131 
688.000 1.131 
689.000 1.131 
690.000 1.131 
691.000 1.131 
692.000 1.131 
693.000 1.131 
694.000 1.131 
695.000 1.131 
696.000 1.131 
697.000 1.131 
698.000 1.131 
699.000 1.131 
700.000 1.131 
701.000 1.131 
702.000 1.131 
703.000 1.131 
704.000 1.132 
705.000 1.132 
706.000 1.132 
707.000 1.132 
708.000 1.132 
709.000 1.132 
710.000 1.132 
711.000 1.132 
712.000 1.132 
713.000 1.132 
714.000 1.132 
715.000 1.132 
716.000 1.132 
717.000 1.132 
718.000 1.132 
719.000 1.132 
720.000 1.132 
721.000 1.131 
722.000 1.131 
723.000 1.131 
724.000 1.131 
725.000 1.131 
726.000 1.131 
727.000 1.131 
728.000 1.131 
729.000 1.131 
730.000 1.131 
731.000 1.131 
732.000 1.131 
733.000 1.131 
734.000 1.131 
735.000 1.131 
736.000 1.131 
737.000 1.131 
738.000 1.131 
739.000 1.131 
740.000 1.131 
741.000 1.132 
742.000 1.132 
743.000 1.132 
744.000 1.132 
745.000 1.132 
746.000 1.132 
747.000 1.132 
748.000 1.132 
749.000 1.132 
750.000 1.132 
751.000 1.132 
752.000 1.132 
753.000 1.132 
754.000 1.132 
755.000 1.132 
756.000 1.132 
757.000 1.131 
758.000 1.131 
759.000 1.131 
760.000 1.131 
761.000 1.131 
762.000 1.131 
763.000 1.131 
764.000 1.131 
765.000 1.131 
766.000 1.131 
767.000 1.131 
768.000 1.131 
769.000 1.131 
770.000 1.131 
771.000 1.081 
772.000 1.031 
773.000 0.983 
774.000 0.979 
775.000 0.976 
776.000 0.973 
777.000 0.969 
778.000 0.966 
779.000 0.963 
780.000 0.959 
781.000 0.959 
782.000 0.966 
783.000 0.979 
784.000 0.994 
785.000 1.009 
786.000 1.024 
787.000 1.038 
788.000 1.051 
789.000 1.065 
790.000 1.078 
791.000 1.091 
792.000 1.103 
793.000 1.112 
794.000 1.120 
795.000 1.125 
796.000 1.128 
797.000 1.129 
798.000 1.128 
799.000 1.126 
800.000 1.122 
801.000 1.117 
802.000 1.110 
803.000 1.103 
804.000 1.094 
805.000 1.086 
806.000 1.077 
807.000 1.069 
808.000 1.061 
809.000 1.053 
810.000 1.047 
811.000 1.041 
812.000 1.037 
813.000 1.034 
814.000 1.031 
815.000 1.030 
816.000 1.031 
817.000 1.032 
818.000 1.034 
819.000 1.037 
820.000 1.041 
821.000 1.045 
822.000 1.050 
823.000 1.055 
824.000 1.060 
825.000 1.065 
826.000 1.070 
827.000 1.074 
828.000 1.078 
829.000 1.082 
830.000 1.085 
831.000 1.087 
832.000 1.088 
833.000 1.089 
834.000 1.089 
835.000 1.089 
836.000 1.088 
837.000 1.086 
838.000 1.084 
839.000 1.081 
840.000 1.079 
841.000 1.076 
842.000 1.073 
843.000 1.070 
844.000 1.067 
845.000 1.065 
846.000 1.062 
847.000 1.060 
848.000 1.058 
849.000 1.057 
850.000 1.056 
851.000 1.056 
852.000 1.055 
853.000 1.056 
854.000 1.056 
855.000 1.057 
856.000 1.058 
857.000 1.060 
858.000 1.061 
859.000 1.063 
860.000 1.065 
861.000 1.066 
862.000 1.068 
863.000 1.070 
864.000 1.071 
865.000 1.072 
866.000 1.073 
867.000 1.074 
868.000 1.075 
869.000 1.075 
870.000 1.076 
871.000 1.075 
872.000 1.075 
873.000 1.075 
874.000 1.074 
875.000 1.073 
876.000 1.072 
877.000 1.071 
878.000 1.071 
879.000 1.070 
880.000 1.069 
881.000 1.068 
882.000 1.067 
883.000 1.066 
884.000 1.065 
885.000 1.065 
886.000 1.064 
887.000 1.064 
888.000 1.064 
889.000 1.064 
890.000 1.064 
891.000 1.064 
892.000 1.065 
893.000 1.065 
894.000 1.066 
895.000 1.066 
896.000 1.067 
897.000 1.067 
898.000 1.068 
899.000 1.069 
900.000 1.069 
901.000 1.070 
902.000 1.070 
903.000 1.070 
904.000 1.071 
905.000 1.071 
906.000 1.071 
907.000 1.071 
908.000 1.071 
909.000 1.071 
910.000 1.071 
911.000 1.070 
912.000 1.070 
913.000 1.070 
914.000 1.069 
915.000 1.069 
916.000 1.069 
917.000 1.068 
918.000 1.068 
919.000 1.068 
920.000 1.068 
921.000 1.067 
922.000 1.067 
923.000 1.067 
924.000 1.067 
925.000 1.067 
926.000 1.067 
927.000 1.067 
928.000 1.067 
929.000 1.067 
930.000 1.067 
931.000 1.068 
932.000 1.068 
933.000 1.068 
934.000 1.068 
935.000 1.068 
936.000 1.069 
937.000 1.069 
938.000 1.069 
939.000 1.069 
940.000 1.069 
941.000 1.069 
942.000 1.069 
943.000 1.069 
944.000 1.069 
945.000 1.069 
946.000 1.069 
947.000 1.069 
948.000 1.069 
949.000 1.069 
950.000 1.069 
951.000 1.069 
952.000 1.069 
953.000 1.069 
954.000 1.068 
955.000 1.068 
956.000 1.068 
957.000 1.068 
958.000 1.068 
959.000 1.068 
960.000 1.068 
961.000 1.068 
962.000 1.068 
963.000 1.068 
964.000 1.068 
965.000 1.068 
966.000 1.068 
967.000 1.068 
968.000 1.068 
969.000 1.068 
970.000 1.068 
971.000 1.068 
972.000 1.069 
973.000 1.069 
974.000 1.069 
975.000 1.069 
976.000 1.069 
977.000 1.069 
978.000 1.069 
979.000 1.069 
980.000 1.069 
981.000 1.069 
982.000 1.069 
983.000 1.069 
984.000 1.069 
985.000 1.069 
986.000 1.069 
987.000 1.069 
988.000 1.069 
989.000 1.069 
990.000 1.069 
991.000 1.068 
992.000 1.068 
993.000 1.068 
994.000 1.068 
995.000 1.068 
996.000 1.068 
997.000 1.068 
998.000 1.068 
999.000 1.068 
1000.000 1.068 
1001.000 1.068 
1002.000 1.068 
1003.000 1.068 
1004.000 1.068 
1005.000 1.068 
1006.000 1.068 
1007.000 1.068 
1008.000 1.069 
1009.000 1.069 
1010.000 1.069 
1011.000 1.069 
1012.000 1.069 
1013.000 1.069 
1014.000 1.069 
1015.000 1.069 
1016.000 1.069 
1017.000 1.069 
1018.000 1.069 
1019.000 1.069 
1020.000 1.069 
1021.000 1.119 
1022.000 1.169 
1023.000 1.219 
1024.000 1.259 
1025.000 1.263 
1026.000 1.267 
1027.000 1.271 
1028.000 1.275 
1029.000 1.280 
1030.000 1.284 
1031.000 1.285 
1032.000 1.279 
1033.000 1.267 
1034.000 1.249 
1035.000 1.230 
1036.000 1.212 
1037.000 1.194 
1038.000 1.176 
1039.000 1.159 
1040.000 1.142 
1041.000 1.126 
1042.000 1.111 
1043.000 1.098 
1044.000 1.087 
1045.000 1.079 
1046.000 1.074 
1047.000 1.072 
1048.000 1.072 
1049.000 1.074 
1050.000 1.078 
1051.000 1.084 
1052.000 1.092 
1053.000 1.101 
1054.000 1.111 
1055.000 1.121 
1056.000 1.132 
1057.000 1.143 
1058.000 1.153 
1059.000 1.163 
1060.000 1.171 
1061.000 1.179 
1062.000 1.185 
1063.000 1.190 
1064.000 1.193 
1065.000 1.195 
1066.000 1.195 
1067.000 1.194 
1068.000 1.192 
1069.000 1.189 
1070.000 1.184 
1071.000 1.179 
1072.000 1.173 
1073.000 1.167 
1074.000 1.161 
1075.000 1.154 
1076.000 1.148 
1077.000 1.142 
1078.000 1.137 
1079.000 1.133 
1080.000 1.129 
1081.000 1.126 
1082.000 1.123 
1083.000 1.122 
1084.000 1.121 
1085.000 1.122 
1086.000 1.123 
1087.000 1.125 
1088.000 1.127 
1089.000 1.130 
1090.000 1.133 
1091.000 1.137 
1092.000 1.140 
1093.000 1.144 
1094.000 1.147 
1095.000 1.151 
1096.000 1.154 
1097.000 1.157 
1098.000 1.159 
1099.000 1.161 
1100.000 1.162 
1101.000 1.163 
1102.000 1.164 
1103.000 1.164 
1104.000 1.163 
1105.000 1.162 
1106.000 1.161 
1107.000 1.159 
1108.000 1.157 
1109.000 1.155 
1110.000 1.153 
1111.000 1.151 
1112.000 1.149 
1113.000 1.147 
1114.000 1.145 
1115.000 1.143 
1116.000 1.142 
1117.000 1.140 
1118.000 1.139 
1119.000 1.139 
1120.000 1.139 
1121.000 1.139 
1122.000 1.139 
1123.000 1.139 
1124.000 1.140 
1125.000 1.141 
1126.000 1.142 
1127.000 1.143 
1128.000 1.144 
1129.000 1.145 
1130.000 1.147 
1131.000 1.148 
1132.000 1.149 
1133.000 1.150 
1134.000 1.151 
1135.000 1.152 
1136.000 1.152 
1137.000 1.153 
1138.000 1.153 
1139.000 1.153 
1140.000 1.153 
1141.000 1.152 
1142.000 1.152 
1143.000 1.152 
1144.000 1.151 
1145.000 1.150 
1146.000 1.150 
1147.000 1.149 
1148.000 1.148 
1149.000 1.147 
1150.000 1.147 
1151.000 1.146 
1152.000 1.146 
1153.000 1.145 
1154.000 1.145 
1155.000 1.144 
1156.000 1.144 
1157.000 1.144 
1158.000 1.144 
1159.000 1.144 
1160.000 1.145 
1161.000 1.145 
1162.000 1.145 
1163.000 1.146 
1164.000 1.146 
1165.000 1.146 
1166.000 1.147 
1167.000 1.147 
1168.000 1.148 
1169.000 1.148 
1170.000 1.148 
1171.000 1.149 
1172.000 1.149 
1173.000 1.149 
1174.000 1.149 
1175.000 1.149 
1176.000 1.149 
1177.000 1.149 
1178.000 1.149 
1179.000 1.149 
1180.000 1.149 
1181.000 1.148 
1182.000 1.148 
1183.000 1.148 
1184.000 1.148 
1185.000 1.147 
1186.000 1.147 
1187.000 1.147 
1188.000 1.147 
1189.000 1.147 
1190.000 1.146 
1191.000 1.146 
1192.000 1.146 
1193.000 1.146 
1194.000 1.146 
1195.000 1.146 
1196.000 1.146 
1197.000 1.146 
1198.000 1.146 
1199.000 1.147 
1200.000 1.147 
1201.000 1.147 
1202.000 1.147 
1203.000 1.147 
1204.000 1.147 
1205.000 1.147 
1206.000 1.148 
1207.000 1.148 
1208.000 1.148 
1209.000 1.148 
1210.000 1.148 
1211.000 1.148 
1212.000 1.148 
1213.000 1.148 
1214.000 1.148 
1215.000 1.148 
1216.000 1.148 
1217.000 1.148 
1218.000 1.148 
1219.000 1.147 
1220.000 1.147 
1221.000 1.147 
1222.000 1.147 
1223.000 1.147 
1224.000 1.147 
1225.000 1.147 
1226.000 1.147 
1227.000 1.147 
1228.000 1.147 
1229.000 1.147 
1230.000 1.147 
1231.000 1.147 
1232.000 1.147 
1233.000 1.147 
1234.000 1.147 
1235.000 1.147 
1236.000 1.147 
1237.000 1.147 
1238.000 1.147 
1239.000 1.147 
1240.000 1.147 
1241.000 1.147 
1242.000 1.147 
1243.000 1.147 
1244.000 1.147 
1245.000 1.147 
1246.000 1.147 
1247.000 1.147 
1248.000 1.147 
1249.000 1.147 
1250.000 1.147 
1251.000 1.147 
1252.000 1.147 
1253.000 1.147 
1254.000 1.147 
1255.000 1.147 
1256.000 1.147 
1257.000 1.147 
1258.000 1.147 
1259.000 1.147 
1260.000 1.147 
1261.000 1.147 
1262.000 1.147 
1263.000 1.147 
1264.000 1.147 
1265.000 1.147 
1266.000 1.147 
1267.000 1.147 
1268.000 1.147 
1269.000 1.147 
1270.000 1.147 
