1.000 2.000 
2.000 2.000 
3.000 2.000 
4.000 2.000 
5.000 2.000 
6.000 2.000 
7.000 2.000 
8.000 2.000 
9.000 2.000 
10.000 2.000 
11.000 2.000 
12.000 2.000 
13.000 2.000 
14.000 2.000 
15.000 2.000 
16.000 2.000 
17.000 2.000 
18.000 2.000 
19.000 2.000 
20.000 2.000 
21.000 2.000 
22.000 2.000 
23.000 2.000 
24.000 2.000 
25.000 2.000 
26.000 2.000 
27.000 2.000 
28.000 2.000 
29.000 2.000 
30.000 2.000 
31.000 2.001 
32.000 2.002 
33.000 2.006 
34.000 2.012 
35.000 2.018 
36.000 2.027 
37.000 2.036 
38.000 2.047 
39.000 2.058 
40.000 2.070 
41.000 2.083 
42.000 2.095 
43.000 2.106 
44.000 2.115 
45.000 2.121 
46.000 2.124 
47.000 2.123 
48.000 2.117 
49.000 2.108 
50.000 2.096 
51.000 2.080 
52.000 2.063 
53.000 2.044 
54.000 2.024 
55.000 2.003 
56.000 1.981 
57.000 1.960 
58.000 1.939 
59.000 1.920 
60.000 1.905 
61.000 1.892 
62.000 1.884 
63.000 1.881 
64.000 1.882 
65.000 1.887 
66.000 1.896 
67.000 1.909 
68.000 1.924 
69.000 1.941 
70.000 1.960 
71.000 1.980 
72.000 2.001 
73.000 2.023 
74.000 2.045 
75.000 2.067 
76.000 2.089 
77.000 2.110 
78.000 2.128 
79.000 2.143 
80.000 2.154 
81.000 2.161 
82.000 2.164 
83.000 2.162 
84.000 2.155 
85.000 2.144 
86.000 2.130 
87.000 2.114 
88.000 2.095 
89.000 2.075 
90.000 2.054 
91.000 2.031 
92.000 2.009 
93.000 1.987 
94.000 1.967 
95.000 1.950 
96.000 1.937 
97.000 1.927 
98.000 1.922 
99.000 1.921 
100.000 1.925 
101.000 1.933 
102.000 1.944 
103.000 1.958 
104.000 1.973 
105.000 1.991 
106.000 2.009 
107.000 2.029 
108.000 2.049 
109.000 2.070 
110.000 2.091 
111.000 2.112 
112.000 2.132 
113.000 2.149 
114.000 2.163 
115.000 2.174 
116.000 2.181 
117.000 2.183 
118.000 2.180 
119.000 2.173 
120.000 2.162 
121.000 2.148 
122.000 2.131 
123.000 2.112 
124.000 2.091 
125.000 2.069 
126.000 2.046 
127.000 2.023 
128.000 2.000 
129.000 1.979 
130.000 1.961 
131.000 1.947 
132.000 1.936 
133.000 1.930 
134.000 1.928 
135.000 1.931 
136.000 1.938 
137.000 1.948 
138.000 1.960 
139.000 1.975 
140.000 1.992 
141.000 2.010 
142.000 2.029 
143.000 2.049 
144.000 2.070 
145.000 2.091 
146.000 2.112 
147.000 2.132 
148.000 2.149 
149.000 2.165 
150.000 2.176 
151.000 2.184 
152.000 2.188 
153.000 2.186 
154.000 2.180 
155.000 2.170 
156.000 2.157 
157.000 2.141 
158.000 2.122 
159.000 2.101 
160.000 2.080 
161.000 2.057 
162.000 2.033 
163.000 2.009 
164.000 1.987 
165.000 1.966 
166.000 1.949 
167.000 1.935 
168.000 1.925 
169.000 1.919 
170.000 1.918 
171.000 1.922 
172.000 1.930 
173.000 1.941 
174.000 1.954 
175.000 1.970 
176.000 1.987 
177.000 2.006 
178.000 2.025 
179.000 2.046 
180.000 2.067 
181.000 2.088 
182.000 2.109 
183.000 2.128 
184.000 2.145 
185.000 2.160 
186.000 2.170 
187.000 2.176 
188.000 2.178 
189.000 2.175 
190.000 2.167 
191.000 2.156 
192.000 2.141 
193.000 2.124 
194.000 2.105 
195.000 2.084 
196.000 2.062 
197.000 2.039 
198.000 2.016 
199.000 1.994 
200.000 1.974 
201.000 1.956 
202.000 1.942 
203.000 1.932 
204.000 1.926 
205.000 1.925 
206.000 1.928 
207.000 1.935 
208.000 1.946 
209.000 1.959 
210.000 1.974 
211.000 1.991 
212.000 2.010 
213.000 2.029 
214.000 2.049 
215.000 2.070 
216.000 2.091 
217.000 2.112 
218.000 2.131 
219.000 2.148 
220.000 2.162 
221.000 2.172 
222.000 2.178 
223.000 2.180 
224.000 2.177 
225.000 2.169 
226.000 2.158 
227.000 2.143 
228.000 2.126 
229.000 2.106 
230.000 2.086 
231.000 2.063 
232.000 2.040 
233.000 2.017 
234.000 1.995 
235.000 1.974 
236.000 1.957 
237.000 1.942 
238.000 1.932 
239.000 1.926 
240.000 1.924 
241.000 1.927 
242.000 1.935 
243.000 1.945 
244.000 1.958 
245.000 1.973 
246.000 1.990 
247.000 2.008 
248.000 2.028 
249.000 2.048 
250.000 2.069 
251.000 2.090 
252.000 2.110 
253.000 2.130 
254.000 2.147 
255.000 2.161 
256.000 2.171 
257.000 2.177 
258.000 2.179 
259.000 2.176 
260.000 2.168 
261.000 2.157 
262.000 2.142 
263.000 2.125 
264.000 2.106 
265.000 2.085 
266.000 2.063 
267.000 2.040 
268.000 2.017 
269.000 1.994 
270.000 1.974 
271.000 1.956 
272.000 1.941 
273.000 1.930 
274.000 1.924 
275.000 1.922 
276.000 1.925 
277.000 1.931 
278.000 1.941 
279.000 1.954 
280.000 1.969 
281.000 1.986 
282.000 2.003 
283.000 2.022 
284.000 2.041 
285.000 2.061 
286.000 2.081 
287.000 2.100 
288.000 2.117 
289.000 2.132 
290.000 2.142 
291.000 2.149 
292.000 2.151 
293.000 2.148 
294.000 2.141 
295.000 2.131 
296.000 2.117 
297.000 2.101 
298.000 2.082 
299.000 2.062 
300.000 2.041 
301.000 2.019 
302.000 1.996 
303.000 1.973 
304.000 1.950 
305.000 1.927 
306.000 1.906 
307.000 1.888 
308.000 1.873 
309.000 1.862 
310.000 1.855 
311.000 1.853 
312.000 1.856 
313.000 1.863 
314.000 1.874 
315.000 1.887 
316.000 1.904 
317.000 1.922 
318.000 1.942 
319.000 1.963 
320.000 1.985 
321.000 2.007 
322.000 2.029 
323.000 2.048 
324.000 2.064 
325.000 2.077 
326.000 2.086 
327.000 2.091 
328.000 2.091 
329.000 2.086 
330.000 2.078 
331.000 2.067 
332.000 2.053 
333.000 2.037 
334.000 2.019 
335.000 2.000 
336.000 1.980 
337.000 1.959 
338.000 1.937 
339.000 1.916 
340.000 1.895 
341.000 1.875 
342.000 1.858 
343.000 1.843 
344.000 1.833 
345.000 1.826 
346.000 1.824 
347.000 1.827 
348.000 1.835 
349.000 1.846 
350.000 1.860 
351.000 1.877 
352.000 1.896 
353.000 1.917 
354.000 1.939 
355.000 1.962 
356.000 1.985 
357.000 2.007 
358.000 2.027 
359.000 2.044 
360.000 2.058 
361.000 2.068 
362.000 2.074 
363.000 2.074 
364.000 2.071 
365.000 2.063 
366.000 2.052 
367.000 2.039 
368.000 2.024 
369.000 2.006 
370.000 1.988 
371.000 1.968 
372.000 1.948 
373.000 1.927 
374.000 1.906 
375.000 1.886 
376.000 1.866 
377.000 1.849 
378.000 1.835 
379.000 1.824 
380.000 1.818 
381.000 1.816 
382.000 1.819 
383.000 1.826 
384.000 1.837 
385.000 1.852 
386.000 1.869 
387.000 1.888 
388.000 1.909 
389.000 1.931 
390.000 1.954 
391.000 1.977 
392.000 2.000 
393.000 2.021 
394.000 2.039 
395.000 2.054 
396.000 2.065 
397.000 2.071 
398.000 2.073 
399.000 2.071 
400.000 2.064 
401.000 2.054 
402.000 2.042 
403.000 2.027 
404.000 2.010 
405.000 1.992 
406.000 1.973 
407.000 1.953 
408.000 1.932 
409.000 1.911 
410.000 1.891 
411.000 1.871 
412.000 1.852 
413.000 1.837 
414.000 1.825 
415.000 1.816 
416.000 1.812 
417.000 1.813 
418.000 1.818 
419.000 1.828 
420.000 1.841 
421.000 1.857 
422.000 1.875 
423.000 1.896 
424.000 1.917 
425.000 1.940 
426.000 1.964 
427.000 1.987 
428.000 2.010 
429.000 2.030 
430.000 2.048 
431.000 2.062 
432.000 2.072 
433.000 2.078 
434.000 2.079 
435.000 2.075 
436.000 2.067 
437.000 2.057 
438.000 2.043 
439.000 2.028 
440.000 2.010 
441.000 1.992 
442.000 1.972 
443.000 1.952 
444.000 1.931 
445.000 1.910 
446.000 1.889 
447.000 1.870 
448.000 1.853 
449.000 1.839 
450.000 1.829 
451.000 1.822 
452.000 1.821 
453.000 1.824 
454.000 1.831 
455.000 1.843 
456.000 1.858 
457.000 1.875 
458.000 1.894 
459.000 1.915 
460.000 1.937 
461.000 1.960 
462.000 1.983 
463.000 2.006 
464.000 2.027 
465.000 2.045 
466.000 2.060 
467.000 2.071 
468.000 2.078 
469.000 2.080 
470.000 2.078 
471.000 2.071 
472.000 2.061 
473.000 2.049 
474.000 2.034 
475.000 2.017 
476.000 1.999 
477.000 1.979 
478.000 1.959 
479.000 1.938 
480.000 1.917 
481.000 1.896 
482.000 1.876 
483.000 1.858 
484.000 1.842 
485.000 1.829 
486.000 1.821 
487.000 1.816 
488.000 1.817 
489.000 1.822 
490.000 1.831 
491.000 1.844 
492.000 1.859 
493.000 1.878 
494.000 1.898 
495.000 1.919 
496.000 1.942 
497.000 1.965 
498.000 1.989 
499.000 2.011 
500.000 2.031 
501.000 2.049 
502.000 2.063 
503.000 2.073 
504.000 2.079 
505.000 2.079 
506.000 2.075 
507.000 2.068 
508.000 2.057 
509.000 2.044 
510.000 2.028 
511.000 2.011 
512.000 1.992 
513.000 1.973 
514.000 1.952 
515.000 1.931 
516.000 1.910 
517.000 1.889 
518.000 1.870 
519.000 1.853 
520.000 1.839 
521.000 1.829 
522.000 1.822 
523.000 1.821 
524.000 1.824 
525.000 1.832 
526.000 1.843 
527.000 1.858 
528.000 1.875 
529.000 1.894 
530.000 1.915 
531.000 1.937 
532.000 1.960 
533.000 1.984 
534.000 2.008 
535.000 2.032 
536.000 2.055 
537.000 2.076 
538.000 2.095 
539.000 2.110 
540.000 2.121 
541.000 2.128 
542.000 2.130 
543.000 2.128 
544.000 2.121 
545.000 2.110 
546.000 2.097 
547.000 2.081 
548.000 2.063 
549.000 2.043 
550.000 2.022 
551.000 2.001 
552.000 1.979 
553.000 1.959 
554.000 1.940 
555.000 1.925 
556.000 1.912 
557.000 1.904 
558.000 1.900 
559.000 1.901 
560.000 1.907 
561.000 1.916 
562.000 1.928 
563.000 1.942 
564.000 1.959 
565.000 1.977 
566.000 1.997 
567.000 2.017 
568.000 2.038 
569.000 2.060 
570.000 2.082 
571.000 2.104 
572.000 2.125 
573.000 2.147 
574.000 2.166 
575.000 2.183 
576.000 2.196 
577.000 2.206 
578.000 2.212 
579.000 2.213 
580.000 2.209 
581.000 2.200 
582.000 2.188 
583.000 2.172 
584.000 2.154 
585.000 2.134 
586.000 2.112 
587.000 2.088 
588.000 2.065 
589.000 2.042 
590.000 2.021 
591.000 2.003 
592.000 1.988 
593.000 1.976 
594.000 1.969 
595.000 1.967 
596.000 1.970 
597.000 1.976 
598.000 1.985 
599.000 1.997 
600.000 2.011 
601.000 2.026 
602.000 2.043 
603.000 2.061 
604.000 2.080 
605.000 2.100 
606.000 2.119 
607.000 2.139 
608.000 2.159 
609.000 2.179 
610.000 2.197 
611.000 2.214 
612.000 2.228 
613.000 2.239 
614.000 2.246 
615.000 2.248 
616.000 2.246 
617.000 2.239 
618.000 2.228 
619.000 2.213 
620.000 2.195 
621.000 2.175 
622.000 2.153 
623.000 2.129 
624.000 2.105 
625.000 2.081 
626.000 2.058 
627.000 2.038 
628.000 2.021 
629.000 2.007 
630.000 1.998 
631.000 1.993 
632.000 1.993 
633.000 1.997 
634.000 2.004 
635.000 2.014 
636.000 2.026 
637.000 2.040 
638.000 2.056 
639.000 2.073 
640.000 2.091 
641.000 2.109 
642.000 2.128 
643.000 2.147 
644.000 2.166 
645.000 2.185 
646.000 2.202 
647.000 2.217 
648.000 2.230 
649.000 2.238 
650.000 2.243 
651.000 2.243 
652.000 2.239 
653.000 2.230 
654.000 2.217 
655.000 2.201 
656.000 2.182 
657.000 2.161 
658.000 2.138 
659.000 2.114 
660.000 2.089 
661.000 2.066 
662.000 2.044 
663.000 2.024 
664.000 2.008 
665.000 1.996 
666.000 1.988 
667.000 1.985 
668.000 1.987 
669.000 1.992 
670.000 2.000 
671.000 2.011 
672.000 2.025 
673.000 2.039 
674.000 2.056 
675.000 2.073 
676.000 2.091 
677.000 2.110 
678.000 2.129 
679.000 2.149 
680.000 2.168 
681.000 2.187 
682.000 2.204 
683.000 2.218 
684.000 2.229 
685.000 2.237 
686.000 2.240 
687.000 2.239 
688.000 2.232 
689.000 2.222 
690.000 2.208 
691.000 2.190 
692.000 2.171 
693.000 2.149 
694.000 2.126 
695.000 2.102 
696.000 2.077 
697.000 2.053 
698.000 2.031 
699.000 2.012 
700.000 1.996 
701.000 1.984 
702.000 1.977 
703.000 1.974 
704.000 1.976 
705.000 1.981 
706.000 1.990 
707.000 2.002 
708.000 2.015 
709.000 2.030 
710.000 2.047 
711.000 2.065 
712.000 2.083 
713.000 2.103 
714.000 2.122 
715.000 2.142 
716.000 2.161 
717.000 2.180 
718.000 2.196 
719.000 2.209 
720.000 2.220 
721.000 2.226 
722.000 2.227 
723.000 2.225 
724.000 2.217 
725.000 2.205 
726.000 2.190 
727.000 2.173 
728.000 2.152 
729.000 2.131 
730.000 2.107 
731.000 2.083 
732.000 2.059 
733.000 2.035 
734.000 2.013 
735.000 1.995 
736.000 1.979 
737.000 1.968 
738.000 1.961 
739.000 1.958 
740.000 1.961 
741.000 1.967 
742.000 1.976 
743.000 1.988 
744.000 2.002 
745.000 2.018 
746.000 2.035 
747.000 2.054 
748.000 2.073 
749.000 2.092 
750.000 2.112 
751.000 2.133 
752.000 2.153 
753.000 2.172 
754.000 2.190 
755.000 2.206 
756.000 2.218 
757.000 2.226 
758.000 2.231 
759.000 2.231 
760.000 2.226 
761.000 2.216 
762.000 2.203 
763.000 2.186 
764.000 2.167 
765.000 2.146 
766.000 2.123 
767.000 2.099 
768.000 2.075 
769.000 2.052 
770.000 2.030 
771.000 2.011 
772.000 1.995 
773.000 1.984 
774.000 1.976 
775.000 1.974 
776.000 1.976 
777.000 1.981 
778.000 1.990 
779.000 2.002 
780.000 2.015 
781.000 2.030 
782.000 2.046 
783.000 2.063 
784.000 2.081 
785.000 2.099 
786.000 2.116 
787.000 2.132 
788.000 2.144 
789.000 2.153 
790.000 2.159 
791.000 2.160 
792.000 2.157 
793.000 2.149 
794.000 2.137 
795.000 2.123 
796.000 2.106 
797.000 2.087 
798.000 2.066 
799.000 2.045 
800.000 2.022 
801.000 1.999 
802.000 1.975 
803.000 1.952 
804.000 1.928 
805.000 1.905 
806.000 1.884 
807.000 1.865 
808.000 1.850 
809.000 1.838 
810.000 1.831 
811.000 1.828 
812.000 1.830 
813.000 1.837 
814.000 1.848 
815.000 1.862 
816.000 1.879 
817.000 1.898 
818.000 1.918 
819.000 1.940 
820.000 1.962 
821.000 1.983 
822.000 2.003 
823.000 2.020 
824.000 2.034 
825.000 2.044 
826.000 2.050 
827.000 2.051 
828.000 2.048 
829.000 2.041 
830.000 2.031 
831.000 2.018 
832.000 2.003 
833.000 1.987 
834.000 1.969 
835.000 1.950 
836.000 1.931 
837.000 1.911 
838.000 1.890 
839.000 1.870 
840.000 1.850 
841.000 1.830 
842.000 1.811 
843.000 1.795 
844.000 1.782 
845.000 1.773 
846.000 1.768 
847.000 1.767 
848.000 1.771 
849.000 1.780 
850.000 1.793 
851.000 1.809 
852.000 1.827 
853.000 1.848 
854.000 1.871 
855.000 1.894 
856.000 1.918 
857.000 1.942 
858.000 1.964 
859.000 1.983 
860.000 1.998 
861.000 2.010 
862.000 2.017 
863.000 2.020 
864.000 2.019 
865.000 2.013 
866.000 2.004 
867.000 1.993 
868.000 1.980 
869.000 1.964 
870.000 1.948 
871.000 1.930 
872.000 1.912 
873.000 1.893 
874.000 1.874 
875.000 1.854 
876.000 1.835 
877.000 1.816 
878.000 1.798 
879.000 1.783 
880.000 1.770 
881.000 1.762 
882.000 1.757 
883.000 1.757 
884.000 1.761 
885.000 1.771 
886.000 1.784 
887.000 1.800 
888.000 1.819 
889.000 1.840 
890.000 1.863 
891.000 1.887 
892.000 1.912 
893.000 1.936 
894.000 1.957 
895.000 1.977 
896.000 1.993 
897.000 2.005 
898.000 2.013 
899.000 2.016 
900.000 2.014 
901.000 2.009 
902.000 2.001 
903.000 1.989 
904.000 1.976 
905.000 1.961 
906.000 1.945 
907.000 1.927 
908.000 1.909 
909.000 1.890 
910.000 1.871 
911.000 1.852 
912.000 1.832 
913.000 1.814 
914.000 1.796 
915.000 1.782 
916.000 1.770 
917.000 1.762 
918.000 1.758 
919.000 1.759 
920.000 1.765 
921.000 1.775 
922.000 1.789 
923.000 1.806 
924.000 1.825 
925.000 1.847 
926.000 1.870 
927.000 1.894 
928.000 1.919 
929.000 1.943 
930.000 1.965 
931.000 1.984 
932.000 2.000 
933.000 2.012 
934.000 2.019 
935.000 2.022 
936.000 2.021 
937.000 2.015 
938.000 2.007 
939.000 1.995 
940.000 1.982 
941.000 1.967 
942.000 1.950 
943.000 1.932 
944.000 1.914 
945.000 1.895 
946.000 1.876 
947.000 1.856 
948.000 1.836 
949.000 1.817 
950.000 1.800 
951.000 1.785 
952.000 1.773 
953.000 1.765 
954.000 1.761 
955.000 1.762 
956.000 1.767 
957.000 1.777 
958.000 1.791 
959.000 1.808 
960.000 1.827 
961.000 1.849 
962.000 1.872 
963.000 1.896 
964.000 1.920 
965.000 1.944 
966.000 1.966 
967.000 1.985 
968.000 2.001 
969.000 2.013 
970.000 2.020 
971.000 2.023 
972.000 2.022 
973.000 2.016 
974.000 2.007 
975.000 1.996 
976.000 1.983 
977.000 1.967 
978.000 1.951 
979.000 1.933 
980.000 1.915 
981.000 1.895 
982.000 1.876 
983.000 1.856 
984.000 1.837 
985.000 1.819 
986.000 1.802 
987.000 1.788 
988.000 1.778 
989.000 1.772 
990.000 1.769 
991.000 1.772 
992.000 1.779 
993.000 1.790 
994.000 1.805 
995.000 1.823 
996.000 1.843 
997.000 1.865 
998.000 1.888 
999.000 1.912 
1000.000 1.937 
1001.000 1.960 
1002.000 1.982 
1003.000 2.001 
1004.000 2.016 
1005.000 2.028 
1006.000 2.035 
1007.000 2.038 
1008.000 2.035 
1009.000 2.029 
1010.000 2.020 
1011.000 2.008 
1012.000 1.994 
1013.000 1.979 
1014.000 1.962 
1015.000 1.943 
1016.000 1.925 
1017.000 1.905 
1018.000 1.885 
1019.000 1.865 
1020.000 1.845 
1021.000 1.826 
1022.000 1.808 
1023.000 1.793 
1024.000 1.781 
1025.000 1.773 
1026.000 1.769 
1027.000 1.770 
1028.000 1.776 
1029.000 1.786 
1030.000 1.799 
1031.000 1.816 
1032.000 1.835 
1033.000 1.857 
1034.000 1.879 
1035.000 1.903 
1036.000 1.928 
1037.000 1.954 
1038.000 1.979 
1039.000 2.005 
1040.000 2.031 
1041.000 2.055 
1042.000 2.078 
1043.000 2.098 
1044.000 2.114 
1045.000 2.126 
1046.000 2.134 
1047.000 2.137 
1048.000 2.135 
1049.000 2.128 
1050.000 2.118 
1051.000 2.105 
1052.000 2.089 
1053.000 2.071 
1054.000 2.052 
1055.000 2.032 
1056.000 2.012 
1057.000 1.994 
1058.000 1.978 
1059.000 1.965 
1060.000 1.956 
1061.000 1.951 
1062.000 1.950 
1063.000 1.954 
1064.000 1.962 
1065.000 1.972 
1066.000 1.985 
1067.000 2.000 
1068.000 2.017 
1069.000 2.035 
1070.000 2.053 
1071.000 2.073 
1072.000 2.093 
1073.000 2.113 
1074.000 2.134 
1075.000 2.154 
1076.000 2.174 
1077.000 2.194 
1078.000 2.214 
1079.000 2.233 
1080.000 2.250 
1081.000 2.264 
1082.000 2.275 
1083.000 2.282 
1084.000 2.284 
1085.000 2.282 
1086.000 2.275 
1087.000 2.264 
1088.000 2.249 
1089.000 2.230 
1090.000 2.210 
1091.000 2.187 
1092.000 2.163 
1093.000 2.140 
1094.000 2.118 
1095.000 2.098 
1096.000 2.082 
1097.000 2.069 
1098.000 2.060 
1099.000 2.056 
1100.000 2.056 
1101.000 2.060 
1102.000 2.067 
1103.000 2.076 
1104.000 2.087 
1105.000 2.100 
1106.000 2.114 
1107.000 2.129 
1108.000 2.145 
1109.000 2.162 
1110.000 2.179 
1111.000 2.196 
1112.000 2.213 
1113.000 2.231 
1114.000 2.248 
1115.000 2.264 
1116.000 2.279 
1117.000 2.292 
1118.000 2.302 
1119.000 2.308 
1120.000 2.311 
1121.000 2.308 
1122.000 2.301 
1123.000 2.290 
1124.000 2.275 
1125.000 2.256 
1126.000 2.235 
1127.000 2.211 
1128.000 2.186 
1129.000 2.160 
1130.000 2.135 
1131.000 2.111 
1132.000 2.090 
1133.000 2.072 
1134.000 2.058 
1135.000 2.049 
1136.000 2.044 
1137.000 2.043 
1138.000 2.046 
1139.000 2.052 
1140.000 2.061 
1141.000 2.072 
1142.000 2.085 
1143.000 2.099 
1144.000 2.115 
1145.000 2.131 
1146.000 2.148 
1147.000 2.165 
1148.000 2.183 
1149.000 2.200 
1150.000 2.218 
1151.000 2.235 
1152.000 2.252 
1153.000 2.266 
1154.000 2.278 
1155.000 2.286 
1156.000 2.290 
1157.000 2.290 
1158.000 2.286 
1159.000 2.276 
1160.000 2.263 
1161.000 2.246 
1162.000 2.226 
1163.000 2.204 
1164.000 2.180 
1165.000 2.155 
1166.000 2.130 
1167.000 2.105 
1168.000 2.083 
1169.000 2.063 
1170.000 2.047 
1171.000 2.034 
1172.000 2.027 
1173.000 2.023 
1174.000 2.024 
1175.000 2.029 
1176.000 2.037 
1177.000 2.047 
1178.000 2.059 
1179.000 2.073 
1180.000 2.089 
1181.000 2.105 
1182.000 2.122 
1183.000 2.140 
1184.000 2.158 
1185.000 2.176 
1186.000 2.194 
1187.000 2.212 
1188.000 2.230 
1189.000 2.246 
1190.000 2.259 
1191.000 2.269 
1192.000 2.276 
1193.000 2.278 
1194.000 2.276 
1195.000 2.268 
1196.000 2.257 
1197.000 2.242 
1198.000 2.223 
1199.000 2.202 
1200.000 2.179 
1201.000 2.155 
1202.000 2.130 
1203.000 2.106 
1204.000 2.083 
1205.000 2.063 
1206.000 2.046 
1207.000 2.032 
1208.000 2.023 
1209.000 2.019 
1210.000 2.019 
1211.000 2.023 
1212.000 2.031 
1213.000 2.040 
1214.000 2.052 
1215.000 2.066 
1216.000 2.081 
1217.000 2.097 
1218.000 2.115 
1219.000 2.132 
1220.000 2.150 
1221.000 2.169 
1222.000 2.187 
1223.000 2.205 
1224.000 2.223 
1225.000 2.240 
1226.000 2.254 
1227.000 2.266 
1228.000 2.274 
1229.000 2.278 
1230.000 2.278 
1231.000 2.273 
1232.000 2.264 
1233.000 2.250 
1234.000 2.233 
1235.000 2.213 
1236.000 2.191 
1237.000 2.168 
1238.000 2.143 
1239.000 2.119 
1240.000 2.096 
1241.000 2.076 
1242.000 2.059 
1243.000 2.045 
1244.000 2.036 
1245.000 2.031 
1246.000 2.031 
1247.000 2.034 
1248.000 2.041 
1249.000 2.050 
1250.000 2.062 
1251.000 2.075 
1252.000 2.090 
1253.000 2.106 
1254.000 2.122 
1255.000 2.139 
1256.000 2.157 
1257.000 2.175 
1258.000 2.193 
1259.000 2.211 
1260.000 2.229 
1261.000 2.245 
1262.000 2.259 
1263.000 2.270 
1264.000 2.278 
1265.000 2.282 
1266.000 2.281 
1267.000 2.275 
1268.000 2.265 
1269.000 2.251 
1270.000 2.234 
