1.000 36.065 
2.000 43.511 
3.000 50.364 
4.000 56.649 
5.000 62.388 
6.000 67.608 
7.000 72.331 
8.000 76.580 
9.000 80.376 
10.000 83.742 
11.000 86.701 
12.000 89.273 
13.000 91.482 
14.000 93.348 
15.000 94.893 
16.000 96.139 
17.000 97.104 
18.000 97.810 
19.000 98.274 
20.000 98.517 
21.000 98.555 
22.000 98.405 
23.000 98.085 
24.000 97.611 
25.000 96.996 
26.000 96.257 
27.000 95.405 
28.000 94.455 
29.000 93.418 
30.000 92.306 
31.000 91.131 
32.000 89.901 
33.000 88.627 
34.000 87.318 
35.000 85.981 
36.000 84.625 
37.000 83.256 
38.000 81.882 
39.000 80.508 
40.000 79.139 
41.000 77.782 
42.000 76.439 
43.000 75.115 
44.000 73.815 
45.000 72.540 
46.000 71.294 
47.000 70.080 
48.000 68.900 
49.000 67.754 
50.000 66.646 
51.000 65.576 
52.000 64.545 
53.000 63.554 
54.000 62.604 
55.000 61.694 
56.000 60.825 
57.000 59.997 
58.000 59.210 
59.000 58.463 
60.000 57.755 
61.000 57.087 
62.000 56.458 
63.000 55.866 
64.000 55.310 
65.000 54.791 
66.000 54.306 
67.000 53.856 
68.000 53.437 
69.000 53.051 
70.000 52.694 
71.000 52.367 
72.000 52.068 
73.000 51.795 
74.000 51.548 
75.000 51.325 
76.000 51.125 
77.000 50.947 
78.000 50.790 
79.000 50.652 
80.000 50.532 
81.000 50.430 
82.000 50.344 
83.000 50.274 
84.000 50.217 
85.000 50.173 
86.000 50.142 
87.000 50.122 
88.000 50.112 
89.000 50.111 
90.000 50.119 
91.000 50.136 
92.000 50.159 
93.000 50.188 
94.000 50.224 
95.000 50.264 
96.000 50.309 
97.000 50.358 
98.000 50.410 
99.000 50.465 
100.000 50.523 
101.000 50.583 
102.000 50.644 
103.000 50.706 
104.000 50.769 
105.000 50.833 
106.000 50.897 
107.000 50.960 
108.000 51.024 
109.000 51.087 
110.000 51.149 
111.000 51.210 
112.000 51.270 
113.000 51.329 
114.000 51.386 
115.000 51.442 
116.000 51.496 
117.000 51.549 
118.000 51.600 
119.000 51.649 
120.000 51.697 
121.000 51.742 
122.000 51.786 
123.000 51.827 
124.000 51.867 
125.000 51.905 
126.000 51.941 
127.000 51.975 
128.000 52.008 
129.000 52.038 
130.000 52.067 
131.000 52.094 
132.000 52.119 
133.000 52.143 
134.000 52.165 
135.000 52.185 
136.000 52.204 
137.000 52.222 
138.000 52.238 
139.000 52.253 
140.000 52.266 
141.000 52.278 
142.000 52.289 
143.000 52.299 
144.000 52.308 
145.000 52.316 
146.000 52.323 
147.000 52.330 
148.000 52.335 
149.000 52.339 
150.000 52.343 
151.000 52.346 
152.000 52.349 
153.000 52.350 
154.000 52.352 
155.000 52.353 
156.000 52.353 
157.000 52.353 
158.000 52.352 
159.000 52.351 
160.000 52.350 
161.000 52.349 
162.000 52.347 
163.000 52.345 
164.000 52.343 
165.000 52.341 
166.000 52.338 
167.000 52.335 
168.000 52.333 
169.000 52.330 
170.000 52.327 
171.000 52.324 
172.000 52.321 
173.000 52.318 
174.000 52.315 
175.000 52.312 
176.000 52.309 
177.000 52.306 
178.000 52.304 
179.000 52.301 
180.000 52.298 
181.000 52.295 
182.000 52.293 
183.000 52.290 
184.000 52.288 
185.000 52.285 
186.000 52.283 
187.000 52.280 
188.000 52.278 
189.000 52.276 
190.000 52.274 
191.000 52.272 
192.000 52.270 
193.000 52.269 
194.000 52.267 
195.000 52.266 
196.000 52.264 
197.000 52.263 
198.000 52.261 
199.000 52.260 
200.000 52.259 
201.000 52.258 
202.000 52.257 
203.000 52.256 
204.000 52.255 
205.000 52.254 
206.000 52.254 
207.000 52.253 
208.000 52.252 
209.000 52.252 
210.000 52.251 
211.000 52.251 
212.000 52.250 
213.000 52.250 
214.000 52.250 
215.000 52.249 
216.000 52.249 
217.000 52.249 
218.000 52.249 
219.000 52.249 
220.000 52.249 
221.000 52.249 
222.000 52.249 
223.000 52.248 
224.000 52.248 
225.000 52.248 
226.000 52.249 
227.000 52.249 
228.000 52.249 
229.000 52.249 
230.000 52.249 
231.000 52.249 
232.000 52.249 
233.000 52.249 
234.000 52.249 
235.000 52.249 
236.000 52.249 
237.000 52.250 
238.000 52.250 
239.000 52.250 
240.000 52.250 
241.000 52.250 
242.000 52.250 
243.000 52.250 
244.000 52.251 
245.000 52.251 
246.000 52.251 
247.000 52.251 
248.000 52.251 
249.000 52.251 
250.000 52.251 
251.000 52.251 
252.000 52.252 
253.000 52.252 
254.000 52.252 
255.000 52.252 
256.000 52.252 
257.000 52.252 
258.000 52.252 
259.000 52.252 
260.000 52.252 
261.000 52.252 
262.000 52.252 
263.000 52.253 
264.000 52.253 
265.000 52.253 
266.000 52.253 
267.000 52.253 
268.000 52.253 
269.000 52.253 
270.000 52.253 
271.000 52.253 
272.000 52.253 
273.000 52.253 
274.000 52.253 
275.000 52.253 
276.000 52.253 
277.000 52.253 
278.000 52.253 
279.000 52.253 
280.000 52.253 
281.000 52.253 
282.000 52.253 
283.000 52.253 
284.000 52.253 
285.000 52.253 
286.000 52.253 
287.000 52.253 
288.000 52.253 
289.000 52.253 
290.000 52.253 
291.000 52.253 
292.000 52.253 
293.000 52.253 
294.000 52.253 
295.000 52.253 
296.000 52.253 
297.000 52.253 
298.000 52.253 
299.000 52.253 
300.000 52.253 
301.000 47.441 
302.000 42.998 
303.000 38.909 
304.000 35.160 
305.000 31.735 
306.000 28.621 
307.000 25.803 
308.000 23.268 
309.000 21.003 
310.000 18.994 
311.000 17.229 
312.000 15.694 
313.000 14.376 
314.000 13.263 
315.000 12.341 
316.000 11.598 
317.000 11.022 
318.000 10.601 
319.000 10.323 
320.000 10.179 
321.000 10.156 
322.000 10.245 
323.000 10.436 
324.000 10.719 
325.000 11.086 
326.000 11.527 
327.000 12.035 
328.000 12.602 
329.000 13.221 
330.000 13.884 
331.000 14.586 
332.000 15.319 
333.000 16.080 
334.000 16.861 
335.000 17.658 
336.000 18.467 
337.000 19.284 
338.000 20.104 
339.000 20.924 
340.000 21.740 
341.000 22.551 
342.000 23.352 
343.000 24.141 
344.000 24.917 
345.000 25.678 
346.000 26.421 
347.000 27.146 
348.000 27.850 
349.000 28.533 
350.000 29.195 
351.000 29.833 
352.000 30.448 
353.000 31.039 
354.000 31.606 
355.000 32.149 
356.000 32.668 
357.000 33.162 
358.000 33.631 
359.000 34.077 
360.000 34.499 
361.000 34.898 
362.000 35.274 
363.000 35.627 
364.000 35.958 
365.000 36.268 
366.000 36.557 
367.000 36.826 
368.000 37.076 
369.000 37.306 
370.000 37.519 
371.000 37.714 
372.000 37.893 
373.000 38.056 
374.000 38.203 
375.000 38.336 
376.000 38.455 
377.000 38.562 
378.000 38.655 
379.000 38.738 
380.000 38.809 
381.000 38.870 
382.000 38.921 
383.000 38.963 
384.000 38.997 
385.000 39.023 
386.000 39.042 
387.000 39.054 
388.000 39.060 
389.000 39.060 
390.000 39.055 
391.000 39.046 
392.000 39.032 
393.000 39.014 
394.000 38.993 
395.000 38.969 
396.000 38.942 
397.000 38.913 
398.000 38.882 
399.000 38.849 
400.000 38.815 
401.000 38.779 
402.000 38.743 
403.000 38.705 
404.000 38.668 
405.000 38.630 
406.000 38.592 
407.000 38.554 
408.000 38.516 
409.000 38.478 
410.000 38.441 
411.000 38.405 
412.000 38.369 
413.000 38.334 
414.000 38.300 
415.000 38.266 
416.000 38.234 
417.000 38.202 
418.000 38.172 
419.000 38.143 
420.000 38.114 
421.000 38.087 
422.000 38.061 
423.000 38.036 
424.000 38.013 
425.000 37.990 
426.000 37.968 
427.000 37.948 
428.000 37.929 
429.000 37.911 
430.000 37.893 
431.000 37.877 
432.000 37.862 
433.000 37.848 
434.000 37.835 
435.000 37.823 
436.000 37.812 
437.000 37.801 
438.000 37.791 
439.000 37.783 
440.000 37.775 
441.000 37.767 
442.000 37.761 
443.000 37.755 
444.000 37.749 
445.000 37.745 
446.000 37.740 
447.000 37.737 
448.000 37.734 
449.000 37.731 
450.000 37.729 
451.000 37.727 
452.000 37.725 
453.000 37.724 
454.000 37.723 
455.000 37.723 
456.000 37.723 
457.000 37.723 
458.000 37.723 
459.000 37.724 
460.000 37.724 
461.000 37.725 
462.000 37.726 
463.000 37.727 
464.000 37.729 
465.000 37.730 
466.000 37.732 
467.000 37.733 
468.000 37.735 
469.000 37.736 
470.000 37.738 
471.000 37.740 
472.000 37.742 
473.000 37.743 
474.000 37.745 
475.000 37.747 
476.000 37.749 
477.000 37.750 
478.000 37.752 
479.000 37.754 
480.000 37.756 
481.000 37.757 
482.000 37.759 
483.000 37.760 
484.000 37.762 
485.000 37.763 
486.000 37.765 
487.000 37.766 
488.000 37.767 
489.000 37.768 
490.000 37.770 
491.000 37.771 
492.000 37.772 
493.000 37.773 
494.000 37.774 
495.000 37.775 
496.000 37.776 
497.000 37.777 
498.000 37.777 
499.000 37.778 
500.000 37.779 
501.000 37.779 
502.000 37.780 
503.000 37.781 
504.000 37.781 
505.000 37.782 
506.000 37.782 
507.000 37.782 
508.000 37.783 
509.000 37.783 
510.000 37.783 
511.000 37.784 
512.000 37.784 
513.000 37.784 
514.000 37.784 
515.000 37.784 
516.000 37.785 
517.000 37.785 
518.000 37.785 
519.000 37.785 
520.000 37.785 
521.000 37.785 
522.000 37.785 
523.000 37.785 
524.000 37.785 
525.000 37.785 
526.000 37.785 
527.000 37.785 
528.000 37.785 
529.000 37.785 
530.000 37.785 
531.000 37.785 
532.000 37.785 
533.000 37.785 
534.000 37.785 
535.000 37.785 
536.000 37.784 
537.000 37.784 
538.000 37.784 
539.000 37.784 
540.000 37.784 
541.000 37.784 
542.000 37.784 
543.000 37.784 
544.000 37.784 
545.000 37.784 
546.000 37.784 
547.000 37.784 
548.000 37.784 
549.000 37.783 
550.000 37.783 
551.000 37.783 
552.000 37.783 
553.000 37.783 
554.000 37.783 
555.000 37.783 
556.000 37.783 
557.000 37.783 
558.000 37.783 
559.000 37.783 
560.000 37.783 
561.000 37.783 
562.000 37.783 
563.000 37.783 
564.000 37.783 
565.000 37.783 
566.000 37.783 
567.000 37.782 
568.000 37.782 
569.000 37.782 
570.000 37.782 
571.000 37.782 
572.000 37.782 
573.000 37.782 
574.000 37.782 
575.000 37.782 
576.000 37.782 
577.000 37.782 
578.000 37.782 
579.000 37.782 
580.000 37.782 
581.000 37.782 
582.000 37.782 
583.000 37.782 
584.000 37.782 
585.000 37.782 
586.000 37.782 
587.000 37.782 
588.000 37.782 
589.000 37.782 
590.000 37.782 
591.000 37.782 
592.000 37.782 
593.000 37.782 
594.000 37.782 
595.000 37.782 
596.000 37.782 
597.000 37.782 
598.000 37.782 
599.000 37.782 
600.000 37.782 
