1.000 34.196 
2.000 39.981 
3.000 45.370 
4.000 50.376 
5.000 55.014 
6.000 59.299 
7.000 63.242 
8.000 66.858 
9.000 70.159 
10.000 73.159 
11.000 75.869 
12.000 78.304 
13.000 80.476 
14.000 82.398 
15.000 84.084 
16.000 85.544 
17.000 86.793 
18.000 87.842 
19.000 88.702 
20.000 89.387 
21.000 89.905 
22.000 90.270 
23.000 90.491 
24.000 90.578 
25.000 90.541 
26.000 90.391 
27.000 90.135 
28.000 89.783 
29.000 89.344 
30.000 88.824 
31.000 88.233 
32.000 87.577 
33.000 86.863 
34.000 86.098 
35.000 85.288 
36.000 84.439 
37.000 83.557 
38.000 82.646 
39.000 81.712 
40.000 80.760 
41.000 79.794 
42.000 78.817 
43.000 77.834 
44.000 76.848 
45.000 75.863 
46.000 74.881 
47.000 73.905 
48.000 72.938 
49.000 71.981 
50.000 71.038 
51.000 70.110 
52.000 69.198 
53.000 68.305 
54.000 67.431 
55.000 66.578 
56.000 65.746 
57.000 64.937 
58.000 64.151 
59.000 63.390 
60.000 62.653 
61.000 61.940 
62.000 61.253 
63.000 60.591 
64.000 59.955 
65.000 59.343 
66.000 58.758 
67.000 58.197 
68.000 57.661 
69.000 57.150 
70.000 56.663 
71.000 56.201 
72.000 55.761 
73.000 55.345 
74.000 54.952 
75.000 54.580 
76.000 54.230 
77.000 53.901 
78.000 53.592 
79.000 53.303 
80.000 53.033 
81.000 52.781 
82.000 52.547 
83.000 52.330 
84.000 52.130 
85.000 51.946 
86.000 51.776 
87.000 51.622 
88.000 51.481 
89.000 51.353 
90.000 51.238 
91.000 51.135 
92.000 51.043 
93.000 50.963 
94.000 50.892 
95.000 50.831 
96.000 50.779 
97.000 50.736 
98.000 50.700 
99.000 50.672 
100.000 50.652 
101.000 50.637 
102.000 50.629 
103.000 50.626 
104.000 50.629 
105.000 50.636 
106.000 50.648 
107.000 50.664 
108.000 50.684 
109.000 50.706 
110.000 50.732 
111.000 50.761 
112.000 50.792 
113.000 50.825 
114.000 50.860 
115.000 50.896 
116.000 50.934 
117.000 50.973 
118.000 51.013 
119.000 51.053 
120.000 51.095 
121.000 51.136 
122.000 51.178 
123.000 51.220 
124.000 51.262 
125.000 51.304 
126.000 51.345 
127.000 51.386 
128.000 51.426 
129.000 51.466 
130.000 51.506 
131.000 51.544 
132.000 51.582 
133.000 51.619 
134.000 51.655 
135.000 51.690 
136.000 51.724 
137.000 51.757 
138.000 51.789 
139.000 51.820 
140.000 51.850 
141.000 51.879 
142.000 51.907 
143.000 51.934 
144.000 51.959 
145.000 51.984 
146.000 52.008 
147.000 52.030 
148.000 52.051 
149.000 52.072 
150.000 52.091 
151.000 52.110 
152.000 52.127 
153.000 52.143 
154.000 52.159 
155.000 52.174 
156.000 52.187 
157.000 52.200 
158.000 52.212 
159.000 52.223 
160.000 52.234 
161.000 52.244 
162.000 52.253 
163.000 52.261 
164.000 52.269 
165.000 52.276 
166.000 52.282 
167.000 52.288 
168.000 52.293 
169.000 52.298 
170.000 52.302 
171.000 52.306 
172.000 52.309 
173.000 52.312 
174.000 52.314 
175.000 52.316 
176.000 52.318 
177.000 52.320 
178.000 52.321 
179.000 52.321 
180.000 52.322 
181.000 52.322 
182.000 52.322 
183.000 52.322 
184.000 52.322 
185.000 52.321 
186.000 52.320 
187.000 52.320 
188.000 52.319 
189.000 52.317 
190.000 52.316 
191.000 52.315 
192.000 52.313 
193.000 52.312 
194.000 52.310 
195.000 52.309 
196.000 52.307 
197.000 52.305 
198.000 52.304 
199.000 52.302 
200.000 52.300 
201.000 52.298 
202.000 52.297 
203.000 52.295 
204.000 52.293 
205.000 52.291 
206.000 52.289 
207.000 52.288 
208.000 52.286 
209.000 52.284 
210.000 52.283 
211.000 52.281 
212.000 52.280 
213.000 52.278 
214.000 52.277 
215.000 52.275 
216.000 52.274 
217.000 52.272 
218.000 52.271 
219.000 52.270 
220.000 52.269 
221.000 52.267 
222.000 52.266 
223.000 52.265 
224.000 52.264 
225.000 52.263 
226.000 52.262 
227.000 52.261 
228.000 52.261 
229.000 52.260 
230.000 52.259 
231.000 52.258 
232.000 52.258 
233.000 52.257 
234.000 52.256 
235.000 52.256 
236.000 52.255 
237.000 52.255 
238.000 52.254 
239.000 52.254 
240.000 52.253 
241.000 52.253 
242.000 52.253 
243.000 52.252 
244.000 52.252 
245.000 52.252 
246.000 52.252 
247.000 52.251 
248.000 52.251 
249.000 52.251 
250.000 52.251 
251.000 52.251 
252.000 52.251 
253.000 52.250 
254.000 52.250 
255.000 52.250 
256.000 52.250 
257.000 52.250 
258.000 52.250 
259.000 52.250 
260.000 52.250 
261.000 52.250 
262.000 52.250 
263.000 52.250 
264.000 52.250 
265.000 52.250 
266.000 52.250 
267.000 52.250 
268.000 52.250 
269.000 52.250 
270.000 52.251 
271.000 52.251 
272.000 52.251 
273.000 52.251 
274.000 52.251 
275.000 52.251 
276.000 52.251 
277.000 52.251 
278.000 52.251 
279.000 52.251 
280.000 52.251 
281.000 52.251 
282.000 52.251 
283.000 52.251 
284.000 52.252 
285.000 52.252 
286.000 52.252 
287.000 52.252 
288.000 52.252 
289.000 52.252 
290.000 52.252 
291.000 52.252 
292.000 52.252 
293.000 52.252 
294.000 52.252 
295.000 52.252 
296.000 52.252 
297.000 52.252 
298.000 52.252 
299.000 52.252 
300.000 52.253 
301.000 48.556 
302.000 45.104 
303.000 41.889 
304.000 38.902 
305.000 36.134 
306.000 33.578 
307.000 31.225 
308.000 29.068 
309.000 27.098 
310.000 25.309 
311.000 23.691 
312.000 22.239 
313.000 20.943 
314.000 19.796 
315.000 18.790 
316.000 17.919 
317.000 17.174 
318.000 16.548 
319.000 16.034 
320.000 15.626 
321.000 15.317 
322.000 15.099 
323.000 14.968 
324.000 14.916 
325.000 14.937 
326.000 15.027 
327.000 15.180 
328.000 15.390 
329.000 15.652 
330.000 15.962 
331.000 16.315 
332.000 16.706 
333.000 17.132 
334.000 17.589 
335.000 18.072 
336.000 18.578 
337.000 19.105 
338.000 19.648 
339.000 20.205 
340.000 20.773 
341.000 21.350 
342.000 21.933 
343.000 22.519 
344.000 23.107 
345.000 23.695 
346.000 24.281 
347.000 24.864 
348.000 25.441 
349.000 26.011 
350.000 26.574 
351.000 27.128 
352.000 27.672 
353.000 28.205 
354.000 28.726 
355.000 29.236 
356.000 29.732 
357.000 30.214 
358.000 30.683 
359.000 31.138 
360.000 31.577 
361.000 32.002 
362.000 32.412 
363.000 32.807 
364.000 33.187 
365.000 33.552 
366.000 33.901 
367.000 34.236 
368.000 34.556 
369.000 34.861 
370.000 35.151 
371.000 35.427 
372.000 35.689 
373.000 35.937 
374.000 36.172 
375.000 36.394 
376.000 36.603 
377.000 36.799 
378.000 36.984 
379.000 37.156 
380.000 37.317 
381.000 37.467 
382.000 37.607 
383.000 37.736 
384.000 37.856 
385.000 37.966 
386.000 38.067 
387.000 38.159 
388.000 38.243 
389.000 38.319 
390.000 38.388 
391.000 38.449 
392.000 38.504 
393.000 38.552 
394.000 38.594 
395.000 38.631 
396.000 38.662 
397.000 38.688 
398.000 38.709 
399.000 38.725 
400.000 38.738 
401.000 38.746 
402.000 38.751 
403.000 38.753 
404.000 38.751 
405.000 38.747 
406.000 38.740 
407.000 38.730 
408.000 38.719 
409.000 38.705 
410.000 38.690 
411.000 38.673 
412.000 38.654 
413.000 38.635 
414.000 38.614 
415.000 38.592 
416.000 38.569 
417.000 38.546 
418.000 38.522 
419.000 38.498 
420.000 38.473 
421.000 38.449 
422.000 38.424 
423.000 38.399 
424.000 38.374 
425.000 38.349 
426.000 38.324 
427.000 38.300 
428.000 38.275 
429.000 38.252 
430.000 38.228 
431.000 38.205 
432.000 38.183 
433.000 38.161 
434.000 38.139 
435.000 38.118 
436.000 38.098 
437.000 38.078 
438.000 38.059 
439.000 38.041 
440.000 38.023 
441.000 38.005 
442.000 37.989 
443.000 37.973 
444.000 37.958 
445.000 37.943 
446.000 37.929 
447.000 37.915 
448.000 37.903 
449.000 37.890 
450.000 37.879 
451.000 37.868 
452.000 37.858 
453.000 37.848 
454.000 37.838 
455.000 37.830 
456.000 37.822 
457.000 37.814 
458.000 37.807 
459.000 37.800 
460.000 37.794 
461.000 37.788 
462.000 37.783 
463.000 37.778 
464.000 37.773 
465.000 37.769 
466.000 37.765 
467.000 37.762 
468.000 37.758 
469.000 37.756 
470.000 37.753 
471.000 37.751 
472.000 37.749 
473.000 37.747 
474.000 37.746 
475.000 37.744 
476.000 37.743 
477.000 37.743 
478.000 37.742 
479.000 37.741 
480.000 37.741 
481.000 37.741 
482.000 37.741 
483.000 37.741 
484.000 37.741 
485.000 37.742 
486.000 37.742 
487.000 37.743 
488.000 37.743 
489.000 37.744 
490.000 37.745 
491.000 37.745 
492.000 37.746 
493.000 37.747 
494.000 37.748 
495.000 37.749 
496.000 37.750 
497.000 37.751 
498.000 37.752 
499.000 37.753 
500.000 37.754 
501.000 37.755 
502.000 37.756 
503.000 37.757 
504.000 37.759 
505.000 37.760 
506.000 37.761 
507.000 37.762 
508.000 37.763 
509.000 37.764 
510.000 37.765 
511.000 37.766 
512.000 37.766 
513.000 37.767 
514.000 37.768 
515.000 37.769 
516.000 37.770 
517.000 37.771 
518.000 37.772 
519.000 37.772 
520.000 37.773 
521.000 37.774 
522.000 37.774 
523.000 37.775 
524.000 37.776 
525.000 37.776 
526.000 37.777 
527.000 37.777 
528.000 37.778 
529.000 37.778 
530.000 37.779 
531.000 37.779 
532.000 37.780 
533.000 37.780 
534.000 37.780 
535.000 37.781 
536.000 37.781 
537.000 37.781 
538.000 37.782 
539.000 37.782 
540.000 37.782 
541.000 37.782 
542.000 37.783 
543.000 37.783 
544.000 37.783 
545.000 37.783 
546.000 37.783 
547.000 37.783 
548.000 37.783 
549.000 37.784 
550.000 37.784 
551.000 37.784 
552.000 37.784 
553.000 37.784 
554.000 37.784 
555.000 37.784 
556.000 37.784 
557.000 37.784 
558.000 37.784 
559.000 37.784 
560.000 37.784 
561.000 37.784 
562.000 37.784 
563.000 37.784 
564.000 37.784 
565.000 37.784 
566.000 37.784 
567.000 37.784 
568.000 37.784 
569.000 37.784 
570.000 37.784 
571.000 37.784 
572.000 37.784 
573.000 37.784 
574.000 37.784 
575.000 37.784 
576.000 37.784 
577.000 37.784 
578.000 37.783 
579.000 37.783 
580.000 37.783 
581.000 37.783 
582.000 37.783 
583.000 37.783 
584.000 37.783 
585.000 37.783 
586.000 37.783 
587.000 37.783 
588.000 37.783 
589.000 37.783 
590.000 37.783 
591.000 37.783 
592.000 37.783 
593.000 37.783 
594.000 37.783 
595.000 37.782 
596.000 37.782 
597.000 37.782 
598.000 37.782 
599.000 37.782 
600.000 37.782 
