1.000 61.425 
2.000 89.209 
3.000 100.000 
4.000 100.000 
5.000 100.000 
6.000 100.000 
7.000 100.000 
8.000 100.000 
9.000 100.000 
10.000 100.000 
11.000 100.000 
12.000 100.000 
13.000 100.000 
14.000 100.000 
15.000 100.000 
16.000 100.000 
17.000 100.000 
18.000 100.000 
19.000 100.000 
20.000 100.000 
21.000 100.000 
22.000 100.000 
23.000 100.000 
24.000 100.000 
25.000 100.000 
26.000 100.000 
27.000 99.554 
28.000 98.415 
29.000 96.714 
30.000 94.570 
31.000 92.089 
32.000 89.366 
33.000 86.482 
34.000 83.509 
35.000 80.509 
36.000 77.534 
37.000 74.630 
38.000 71.833 
39.000 69.170 
40.000 66.665 
41.000 64.333 
42.000 62.184 
43.000 60.225 
44.000 58.457 
45.000 56.878 
46.000 55.485 
47.000 54.269 
48.000 53.223 
49.000 52.336 
50.000 51.597 
51.000 50.994 
52.000 50.515 
53.000 50.147 
54.000 49.879 
55.000 49.698 
56.000 49.593 
57.000 49.553 
58.000 49.568 
59.000 49.629 
60.000 49.727 
61.000 49.854 
62.000 50.003 
63.000 50.167 
64.000 50.342 
65.000 50.521 
66.000 50.703 
67.000 50.882 
68.000 51.056 
69.000 51.223 
70.000 51.381 
71.000 51.528 
72.000 51.665 
73.000 51.789 
74.000 51.902 
75.000 52.002 
76.000 52.091 
77.000 52.168 
78.000 52.234 
79.000 52.290 
80.000 52.336 
81.000 52.373 
82.000 52.402 
83.000 52.424 
84.000 52.440 
85.000 52.449 
86.000 52.454 
87.000 52.455 
88.000 52.452 
89.000 52.446 
90.000 52.438 
91.000 52.428 
92.000 52.416 
93.000 52.404 
94.000 52.391 
95.000 52.378 
96.000 52.364 
97.000 52.351 
98.000 52.339 
99.000 52.327 
100.000 52.316 
101.000 52.305 
102.000 52.295 
103.000 52.287 
104.000 52.279 
105.000 52.271 
106.000 52.265 
107.000 52.260 
108.000 52.255 
109.000 52.251 
110.000 52.248 
111.000 52.245 
112.000 52.243 
113.000 52.242 
114.000 52.241 
115.000 52.240 
116.000 52.239 
117.000 52.239 
118.000 52.240 
119.000 52.240 
120.000 52.241 
121.000 52.241 
122.000 52.242 
123.000 52.243 
124.000 52.244 
125.000 52.245 
126.000 52.246 
127.000 52.246 
128.000 52.247 
129.000 52.248 
130.000 52.249 
131.000 52.250 
132.000 52.250 
133.000 52.251 
134.000 52.251 
135.000 52.252 
136.000 52.252 
137.000 52.253 
138.000 52.253 
139.000 52.253 
140.000 52.254 
141.000 52.254 
142.000 52.254 
143.000 52.254 
144.000 52.254 
145.000 52.254 
146.000 52.254 
147.000 52.254 
148.000 52.254 
149.000 52.254 
150.000 52.254 
151.000 52.254 
152.000 52.254 
153.000 52.254 
154.000 52.254 
155.000 52.254 
156.000 52.254 
157.000 52.254 
158.000 52.254 
159.000 52.253 
160.000 52.253 
161.000 52.253 
162.000 52.253 
163.000 52.253 
164.000 52.253 
165.000 52.253 
166.000 52.253 
167.000 52.253 
168.000 52.253 
169.000 52.253 
170.000 52.253 
171.000 52.253 
172.000 52.253 
173.000 52.253 
174.000 52.253 
175.000 52.253 
176.000 52.253 
177.000 52.253 
178.000 52.253 
179.000 52.253 
180.000 52.253 
181.000 52.253 
182.000 52.253 
183.000 52.253 
184.000 52.253 
185.000 52.253 
186.000 52.253 
187.000 52.253 
188.000 52.253 
189.000 52.253 
190.000 52.253 
191.000 52.253 
192.000 52.253 
193.000 52.253 
194.000 52.253 
195.000 52.253 
196.000 52.253 
197.000 52.253 
198.000 52.253 
199.000 52.253 
200.000 52.253 
201.000 52.253 
202.000 52.253 
203.000 52.253 
204.000 52.253 
205.000 52.253 
206.000 52.253 
207.000 52.253 
208.000 52.253 
209.000 52.253 
210.000 52.253 
211.000 52.253 
212.000 52.253 
213.000 52.253 
214.000 52.253 
215.000 52.253 
216.000 52.253 
217.000 52.253 
218.000 52.253 
219.000 52.253 
220.000 52.253 
221.000 52.253 
222.000 52.253 
223.000 52.253 
224.000 52.253 
225.000 52.253 
226.000 52.253 
227.000 52.253 
228.000 52.253 
229.000 52.253 
230.000 52.253 
231.000 52.253 
232.000 52.253 
233.000 52.253 
234.000 52.253 
235.000 52.253 
236.000 52.253 
237.000 52.253 
238.000 52.253 
239.000 52.253 
240.000 52.253 
241.000 52.253 
242.000 52.253 
243.000 52.253 
244.000 52.253 
245.000 52.253 
246.000 52.253 
247.000 52.253 
248.000 52.253 
249.000 52.253 
250.000 52.253 
251.000 52.253 
252.000 52.253 
253.000 52.253 
254.000 52.253 
255.000 52.253 
256.000 52.253 
257.000 52.253 
258.000 52.253 
259.000 52.253 
260.000 52.253 
261.000 52.253 
262.000 52.253 
263.000 52.253 
264.000 52.253 
265.000 52.253 
266.000 52.253 
267.000 52.253 
268.000 52.253 
269.000 52.253 
270.000 52.253 
271.000 52.253 
272.000 52.253 
273.000 52.253 
274.000 52.253 
275.000 52.253 
276.000 52.253 
277.000 52.253 
278.000 52.253 
279.000 52.253 
280.000 52.253 
281.000 52.253 
282.000 52.253 
283.000 52.253 
284.000 52.253 
285.000 52.253 
286.000 52.253 
287.000 52.253 
288.000 52.253 
289.000 52.253 
290.000 52.253 
291.000 52.253 
292.000 52.253 
293.000 52.253 
294.000 52.253 
295.000 52.253 
296.000 52.253 
297.000 52.253 
298.000 52.253 
299.000 52.253 
300.000 52.253 
301.000 32.310 
302.000 15.732 
303.000 2.213 
304.000 0.000 
305.000 0.000 
306.000 0.000 
307.000 0.000 
308.000 0.000 
309.000 0.000 
310.000 0.000 
311.000 0.000 
312.000 0.000 
313.000 0.000 
314.000 0.000 
315.000 0.000 
316.000 0.000 
317.000 0.000 
318.000 0.000 
319.000 0.000 
320.000 0.359 
321.000 1.268 
322.000 2.624 
323.000 4.330 
324.000 6.303 
325.000 8.468 
326.000 10.758 
327.000 13.119 
328.000 15.499 
329.000 17.858 
330.000 20.160 
331.000 22.377 
332.000 24.486 
333.000 26.469 
334.000 28.314 
335.000 30.013 
336.000 31.561 
337.000 32.957 
338.000 34.202 
339.000 35.301 
340.000 36.259 
341.000 37.082 
342.000 37.779 
343.000 38.359 
344.000 38.831 
345.000 39.205 
346.000 39.492 
347.000 39.699 
348.000 39.838 
349.000 39.917 
350.000 39.944 
351.000 39.929 
352.000 39.877 
353.000 39.797 
354.000 39.694 
355.000 39.573 
356.000 39.441 
357.000 39.301 
358.000 39.157 
359.000 39.012 
360.000 38.869 
361.000 38.730 
362.000 38.597 
363.000 38.472 
364.000 38.354 
365.000 38.246 
366.000 38.147 
367.000 38.058 
368.000 37.978 
369.000 37.908 
370.000 37.847 
371.000 37.795 
372.000 37.751 
373.000 37.714 
374.000 37.685 
375.000 37.662 
376.000 37.645 
377.000 37.633 
378.000 37.625 
379.000 37.622 
380.000 37.622 
381.000 37.624 
382.000 37.629 
383.000 37.636 
384.000 37.644 
385.000 37.653 
386.000 37.663 
387.000 37.673 
388.000 37.684 
389.000 37.694 
390.000 37.705 
391.000 37.715 
392.000 37.724 
393.000 37.733 
394.000 37.741 
395.000 37.749 
396.000 37.756 
397.000 37.762 
398.000 37.768 
399.000 37.773 
400.000 37.777 
401.000 37.781 
402.000 37.784 
403.000 37.787 
404.000 37.789 
405.000 37.790 
406.000 37.792 
407.000 37.792 
408.000 37.793 
409.000 37.793 
410.000 37.793 
411.000 37.793 
412.000 37.793 
413.000 37.792 
414.000 37.792 
415.000 37.791 
416.000 37.790 
417.000 37.790 
418.000 37.789 
419.000 37.788 
420.000 37.788 
421.000 37.787 
422.000 37.786 
423.000 37.786 
424.000 37.785 
425.000 37.785 
426.000 37.784 
427.000 37.784 
428.000 37.783 
429.000 37.783 
430.000 37.783 
431.000 37.782 
432.000 37.782 
433.000 37.782 
434.000 37.782 
435.000 37.782 
436.000 37.782 
437.000 37.782 
438.000 37.782 
439.000 37.782 
440.000 37.782 
441.000 37.782 
442.000 37.782 
443.000 37.782 
444.000 37.782 
445.000 37.782 
446.000 37.782 
447.000 37.782 
448.000 37.782 
449.000 37.782 
450.000 37.782 
451.000 37.782 
452.000 37.782 
453.000 37.782 
454.000 37.782 
455.000 37.782 
456.000 37.782 
457.000 37.782 
458.000 37.782 
459.000 37.782 
460.000 37.782 
461.000 37.782 
462.000 37.782 
463.000 37.782 
464.000 37.782 
465.000 37.782 
466.000 37.782 
467.000 37.782 
468.000 37.782 
469.000 37.782 
470.000 37.782 
471.000 37.782 
472.000 37.782 
473.000 37.782 
474.000 37.782 
475.000 37.782 
476.000 37.782 
477.000 37.782 
478.000 37.782 
479.000 37.782 
480.000 37.782 
481.000 37.782 
482.000 37.782 
483.000 37.782 
484.000 37.782 
485.000 37.782 
486.000 37.782 
487.000 37.782 
488.000 37.782 
489.000 37.782 
490.000 37.782 
491.000 37.782 
492.000 37.782 
493.000 37.782 
494.000 37.782 
495.000 37.782 
496.000 37.782 
497.000 37.782 
498.000 37.782 
499.000 37.782 
500.000 37.782 
501.000 37.782 
502.000 37.782 
503.000 37.782 
504.000 37.782 
505.000 37.782 
506.000 37.782 
507.000 37.782 
508.000 37.782 
509.000 37.782 
510.000 37.782 
511.000 37.782 
512.000 37.782 
513.000 37.782 
514.000 37.782 
515.000 37.782 
516.000 37.782 
517.000 37.782 
518.000 37.782 
519.000 37.782 
520.000 37.782 
521.000 37.782 
522.000 37.782 
523.000 37.782 
524.000 37.782 
525.000 37.782 
526.000 37.782 
527.000 37.782 
528.000 37.782 
529.000 37.782 
530.000 37.782 
531.000 37.782 
532.000 37.782 
533.000 37.782 
534.000 37.782 
535.000 37.782 
536.000 37.782 
537.000 37.782 
538.000 37.782 
539.000 37.782 
540.000 37.782 
541.000 37.782 
542.000 37.782 
543.000 37.782 
544.000 37.782 
545.000 37.782 
546.000 37.782 
547.000 37.782 
548.000 37.782 
549.000 37.782 
550.000 37.782 
551.000 37.782 
552.000 37.782 
553.000 37.782 
554.000 37.782 
555.000 37.782 
556.000 37.782 
557.000 37.782 
558.000 37.782 
559.000 37.782 
560.000 37.782 
561.000 37.782 
562.000 37.782 
563.000 37.782 
564.000 37.782 
565.000 37.782 
566.000 37.782 
567.000 37.782 
568.000 37.782 
569.000 37.782 
570.000 37.782 
571.000 37.782 
572.000 37.782 
573.000 37.782 
574.000 37.782 
575.000 37.782 
576.000 37.782 
577.000 37.782 
578.000 37.782 
579.000 37.782 
580.000 37.782 
581.000 37.782 
582.000 37.782 
583.000 37.782 
584.000 37.782 
585.000 37.782 
586.000 37.782 
587.000 37.782 
588.000 37.782 
589.000 37.782 
590.000 37.782 
591.000 37.782 
592.000 37.782 
593.000 37.782 
594.000 37.782 
595.000 37.782 
596.000 37.782 
597.000 37.782 
598.000 37.782 
599.000 37.782 
600.000 37.782 
