1.000 35.620 
2.000 35.620 
3.000 35.620 
4.000 35.620 
5.000 35.620 
6.000 35.620 
7.000 35.620 
8.000 35.629 
9.000 35.662 
10.000 35.725 
11.000 35.818 
12.000 35.935 
13.000 36.073 
14.000 36.230 
15.000 36.401 
16.000 36.585 
17.000 36.780 
18.000 36.983 
19.000 37.194 
20.000 37.411 
21.000 37.633 
22.000 37.858 
23.000 38.087 
24.000 38.317 
25.000 38.549 
26.000 38.782 
27.000 39.016 
28.000 39.249 
29.000 39.482 
30.000 39.715 
31.000 39.947 
32.000 40.177 
33.000 40.406 
34.000 40.634 
35.000 40.859 
36.000 41.081 
37.000 41.300 
38.000 41.514 
39.000 41.721 
40.000 41.922 
41.000 42.115 
42.000 42.299 
43.000 42.475 
44.000 42.640 
45.000 42.796 
46.000 42.941 
47.000 43.075 
48.000 43.199 
49.000 43.313 
50.000 43.416 
51.000 43.510 
52.000 43.594 
53.000 43.668 
54.000 43.735 
55.000 43.793 
56.000 43.843 
57.000 43.887 
58.000 43.924 
59.000 43.955 
60.000 43.981 
61.000 44.002 
62.000 44.019 
63.000 44.032 
64.000 44.041 
65.000 44.048 
66.000 44.053 
67.000 44.055 
68.000 44.056 
69.000 44.055 
70.000 44.053 
71.000 44.050 
72.000 44.047 
73.000 44.043 
74.000 44.039 
75.000 44.035 
76.000 44.030 
77.000 44.026 
78.000 44.022 
79.000 44.018 
80.000 44.014 
81.000 44.011 
82.000 44.008 
83.000 44.005 
84.000 44.002 
85.000 44.000 
86.000 43.998 
87.000 43.997 
88.000 43.996 
89.000 43.995 
90.000 43.994 
91.000 43.993 
92.000 43.993 
93.000 43.993 
94.000 43.993 
95.000 43.993 
96.000 43.993 
97.000 43.993 
98.000 43.993 
99.000 43.994 
100.000 43.994 
101.000 43.995 
102.000 43.995 
103.000 43.996 
104.000 43.996 
105.000 43.996 
106.000 43.997 
107.000 43.997 
108.000 43.998 
109.000 43.998 
110.000 43.998 
111.000 43.999 
112.000 43.999 
113.000 43.999 
114.000 43.999 
115.000 44.000 
116.000 44.000 
117.000 44.000 
118.000 44.000 
119.000 44.000 
120.000 44.000 
121.000 44.000 
122.000 44.000 
123.000 44.000 
124.000 44.000 
125.000 44.000 
126.000 44.000 
127.000 44.000 
128.000 44.000 
129.000 44.000 
130.000 44.000 
131.000 44.000 
132.000 44.000 
133.000 44.000 
134.000 44.000 
135.000 44.000 
136.000 44.000 
137.000 44.000 
138.000 44.000 
139.000 44.000 
140.000 44.000 
141.000 44.000 
142.000 44.000 
143.000 44.000 
144.000 44.000 
145.000 44.000 
146.000 44.000 
147.000 44.000 
148.000 44.000 
149.000 44.000 
150.000 44.000 
151.000 44.000 
152.000 44.000 
153.000 44.000 
154.000 44.000 
155.000 44.000 
156.000 44.000 
157.000 44.000 
158.000 44.000 
159.000 44.000 
160.000 44.000 
161.000 44.000 
162.000 44.000 
163.000 44.000 
164.000 44.000 
165.000 44.000 
166.000 44.000 
167.000 44.000 
168.000 44.000 
169.000 44.000 
170.000 44.000 
171.000 44.000 
172.000 44.000 
173.000 44.000 
174.000 44.000 
175.000 44.000 
176.000 44.000 
177.000 44.000 
178.000 44.000 
179.000 44.000 
180.000 44.000 
181.000 44.000 
182.000 44.000 
183.000 44.000 
184.000 44.000 
185.000 44.000 
186.000 44.000 
187.000 44.000 
188.000 44.000 
189.000 44.000 
190.000 44.000 
191.000 44.000 
192.000 44.000 
193.000 44.000 
194.000 44.000 
195.000 44.000 
196.000 44.000 
197.000 44.000 
198.000 44.000 
199.000 44.000 
200.000 44.000 
201.000 44.000 
202.000 44.000 
203.000 44.000 
204.000 44.000 
205.000 44.000 
206.000 44.000 
207.000 44.000 
208.000 44.000 
209.000 44.000 
210.000 44.000 
211.000 44.000 
212.000 44.000 
213.000 44.000 
214.000 44.000 
215.000 44.000 
216.000 44.000 
217.000 44.000 
218.000 44.000 
219.000 44.000 
220.000 44.000 
221.000 44.000 
222.000 44.000 
223.000 44.000 
224.000 44.000 
225.000 44.000 
226.000 44.000 
227.000 44.000 
228.000 44.000 
229.000 44.000 
230.000 44.000 
231.000 44.000 
232.000 44.000 
233.000 44.000 
234.000 44.000 
235.000 44.000 
236.000 44.000 
237.000 44.000 
238.000 44.000 
239.000 44.000 
240.000 44.000 
241.000 44.000 
242.000 44.000 
243.000 44.000 
244.000 44.000 
245.000 44.000 
246.000 44.000 
247.000 44.000 
248.000 44.000 
249.000 44.000 
250.000 44.000 
251.000 44.000 
252.000 44.000 
253.000 44.000 
254.000 44.000 
255.000 44.000 
256.000 44.000 
257.000 44.000 
258.000 44.000 
259.000 44.000 
260.000 44.000 
261.000 44.000 
262.000 44.000 
263.000 44.000 
264.000 44.000 
265.000 44.000 
266.000 44.000 
267.000 44.000 
268.000 44.000 
269.000 44.000 
270.000 44.000 
271.000 44.000 
272.000 44.000 
273.000 44.000 
274.000 44.000 
275.000 44.000 
276.000 44.000 
277.000 44.000 
278.000 44.000 
279.000 44.000 
280.000 44.000 
281.000 44.000 
282.000 44.000 
283.000 44.000 
284.000 44.000 
285.000 44.000 
286.000 44.000 
287.000 44.000 
288.000 44.000 
289.000 44.000 
290.000 44.000 
291.000 44.000 
292.000 44.000 
293.000 44.000 
294.000 44.000 
295.000 44.000 
296.000 44.000 
297.000 44.000 
298.000 44.000 
299.000 44.000 
300.000 44.000 
301.000 44.000 
302.000 44.000 
303.000 44.000 
304.000 44.000 
305.000 44.000 
306.000 44.000 
307.000 44.000 
308.000 43.995 
309.000 43.975 
310.000 43.935 
311.000 43.874 
312.000 43.794 
313.000 43.698 
314.000 43.588 
315.000 43.467 
316.000 43.336 
317.000 43.197 
318.000 43.051 
319.000 42.900 
320.000 42.743 
321.000 42.583 
322.000 42.421 
323.000 42.255 
324.000 42.089 
325.000 41.920 
326.000 41.752 
327.000 41.582 
328.000 41.413 
329.000 41.246 
330.000 41.080 
331.000 40.917 
332.000 40.758 
333.000 40.604 
334.000 40.456 
335.000 40.314 
336.000 40.178 
337.000 40.050 
338.000 39.930 
339.000 39.817 
340.000 39.713 
341.000 39.617 
342.000 39.528 
343.000 39.448 
344.000 39.375 
345.000 39.310 
346.000 39.252 
347.000 39.201 
348.000 39.156 
349.000 39.117 
350.000 39.083 
351.000 39.054 
352.000 39.030 
353.000 39.011 
354.000 38.994 
355.000 38.982 
356.000 38.972 
357.000 38.964 
358.000 38.959 
359.000 38.956 
360.000 38.955 
361.000 38.954 
362.000 38.955 
363.000 38.957 
364.000 38.959 
365.000 38.962 
366.000 38.965 
367.000 38.969 
368.000 38.972 
369.000 38.976 
370.000 38.979 
371.000 38.982 
372.000 38.986 
373.000 38.989 
374.000 38.991 
375.000 38.994 
376.000 38.996 
377.000 38.998 
378.000 39.000 
379.000 39.001 
380.000 39.002 
381.000 39.003 
382.000 39.004 
383.000 39.005 
384.000 39.005 
385.000 39.006 
386.000 39.006 
387.000 39.006 
388.000 39.006 
389.000 39.006 
390.000 39.005 
391.000 39.005 
392.000 39.005 
393.000 39.005 
394.000 39.004 
395.000 39.004 
396.000 39.003 
397.000 39.003 
398.000 39.003 
399.000 39.002 
400.000 39.002 
401.000 39.002 
402.000 39.001 
403.000 39.001 
404.000 39.001 
405.000 39.001 
406.000 39.001 
407.000 39.000 
408.000 39.000 
409.000 39.000 
410.000 39.000 
411.000 39.000 
412.000 39.000 
413.000 39.000 
414.000 39.000 
415.000 39.000 
416.000 39.000 
417.000 39.000 
418.000 39.000 
419.000 39.000 
420.000 39.000 
421.000 39.000 
422.000 39.000 
423.000 39.000 
424.000 39.000 
425.000 39.000 
426.000 39.000 
427.000 39.000 
428.000 39.000 
429.000 39.000 
430.000 39.000 
431.000 39.000 
432.000 39.000 
433.000 39.000 
434.000 39.000 
435.000 39.000 
436.000 39.000 
437.000 39.000 
438.000 39.000 
439.000 39.000 
440.000 39.000 
441.000 39.000 
442.000 39.000 
443.000 39.000 
444.000 39.000 
445.000 39.000 
446.000 39.000 
447.000 39.000 
448.000 39.000 
449.000 39.000 
450.000 39.000 
451.000 39.000 
452.000 39.000 
453.000 39.000 
454.000 39.000 
455.000 39.000 
456.000 39.000 
457.000 39.000 
458.000 39.000 
459.000 39.000 
460.000 39.000 
461.000 39.000 
462.000 39.000 
463.000 39.000 
464.000 39.000 
465.000 39.000 
466.000 39.000 
467.000 39.000 
468.000 39.000 
469.000 39.000 
470.000 39.000 
471.000 39.000 
472.000 39.000 
473.000 39.000 
474.000 39.000 
475.000 39.000 
476.000 39.000 
477.000 39.000 
478.000 39.000 
479.000 39.000 
480.000 39.000 
481.000 39.000 
482.000 39.000 
483.000 39.000 
484.000 39.000 
485.000 39.000 
486.000 39.000 
487.000 39.000 
488.000 39.000 
489.000 39.000 
490.000 39.000 
491.000 39.000 
492.000 39.000 
493.000 39.000 
494.000 39.000 
495.000 39.000 
496.000 39.000 
497.000 39.000 
498.000 39.000 
499.000 39.000 
500.000 39.000 
501.000 39.000 
502.000 39.000 
503.000 39.000 
504.000 39.000 
505.000 39.000 
506.000 39.000 
507.000 39.000 
508.000 39.000 
509.000 39.000 
510.000 39.000 
511.000 39.000 
512.000 39.000 
513.000 39.000 
514.000 39.000 
515.000 39.000 
516.000 39.000 
517.000 39.000 
518.000 39.000 
519.000 39.000 
520.000 39.000 
521.000 39.000 
522.000 39.000 
523.000 39.000 
524.000 39.000 
525.000 39.000 
526.000 39.000 
527.000 39.000 
528.000 39.000 
529.000 39.000 
530.000 39.000 
531.000 39.000 
532.000 39.000 
533.000 39.000 
534.000 39.000 
535.000 39.000 
536.000 39.000 
537.000 39.000 
538.000 39.000 
539.000 39.000 
540.000 39.000 
541.000 39.000 
542.000 39.000 
543.000 39.000 
544.000 39.000 
545.000 39.000 
546.000 39.000 
547.000 39.000 
548.000 39.000 
549.000 39.000 
550.000 39.000 
551.000 39.000 
552.000 39.000 
553.000 39.000 
554.000 39.000 
555.000 39.000 
556.000 39.000 
557.000 39.000 
558.000 39.000 
559.000 39.000 
560.000 39.000 
561.000 39.000 
562.000 39.000 
563.000 39.000 
564.000 39.000 
565.000 39.000 
566.000 39.000 
567.000 39.000 
568.000 39.000 
569.000 39.000 
570.000 39.000 
571.000 39.000 
572.000 39.000 
573.000 39.000 
574.000 39.000 
575.000 39.000 
576.000 39.000 
577.000 39.000 
578.000 39.000 
579.000 39.000 
580.000 39.000 
581.000 39.000 
582.000 39.000 
583.000 39.000 
584.000 39.000 
585.000 39.000 
586.000 39.000 
587.000 39.000 
588.000 39.000 
589.000 39.000 
590.000 39.000 
591.000 39.000 
592.000 39.000 
593.000 39.000 
594.000 39.000 
595.000 39.000 
596.000 39.000 
597.000 39.000 
598.000 39.000 
599.000 39.000 
600.000 39.000 
