1.000 35.620 
2.000 35.620 
3.000 35.620 
4.000 35.620 
5.000 35.620 
6.000 35.620 
7.000 35.620 
8.000 35.622 
9.000 35.630 
10.000 35.647 
11.000 35.675 
12.000 35.716 
13.000 35.771 
14.000 35.839 
15.000 35.923 
16.000 36.021 
17.000 36.133 
18.000 36.258 
19.000 36.397 
20.000 36.548 
21.000 36.711 
22.000 36.884 
23.000 37.066 
24.000 37.257 
25.000 37.455 
26.000 37.659 
27.000 37.869 
28.000 38.083 
29.000 38.301 
30.000 38.521 
31.000 38.742 
32.000 38.964 
33.000 39.186 
34.000 39.408 
35.000 39.627 
36.000 39.845 
37.000 40.060 
38.000 40.271 
39.000 40.479 
40.000 40.682 
41.000 40.881 
42.000 41.074 
43.000 41.263 
44.000 41.445 
45.000 41.622 
46.000 41.794 
47.000 41.958 
48.000 42.117 
49.000 42.270 
50.000 42.416 
51.000 42.555 
52.000 42.689 
53.000 42.815 
54.000 42.936 
55.000 43.051 
56.000 43.159 
57.000 43.261 
58.000 43.357 
59.000 43.448 
60.000 43.533 
61.000 43.612 
62.000 43.686 
63.000 43.755 
64.000 43.819 
65.000 43.878 
66.000 43.932 
67.000 43.982 
68.000 44.028 
69.000 44.069 
70.000 44.107 
71.000 44.141 
72.000 44.171 
73.000 44.199 
74.000 44.223 
75.000 44.244 
76.000 44.262 
77.000 44.277 
78.000 44.290 
79.000 44.301 
80.000 44.310 
81.000 44.316 
82.000 44.321 
83.000 44.324 
84.000 44.326 
85.000 44.326 
86.000 44.325 
87.000 44.322 
88.000 44.319 
89.000 44.314 
90.000 44.309 
91.000 44.303 
92.000 44.296 
93.000 44.288 
94.000 44.280 
95.000 44.272 
96.000 44.263 
97.000 44.254 
98.000 44.245 
99.000 44.235 
100.000 44.226 
101.000 44.216 
102.000 44.206 
103.000 44.197 
104.000 44.187 
105.000 44.177 
106.000 44.168 
107.000 44.159 
108.000 44.150 
109.000 44.141 
110.000 44.132 
111.000 44.123 
112.000 44.115 
113.000 44.107 
114.000 44.099 
115.000 44.092 
116.000 44.085 
117.000 44.078 
118.000 44.071 
119.000 44.065 
120.000 44.059 
121.000 44.053 
122.000 44.047 
123.000 44.042 
124.000 44.037 
125.000 44.033 
126.000 44.028 
127.000 44.024 
128.000 44.020 
129.000 44.017 
130.000 44.013 
131.000 44.010 
132.000 44.007 
133.000 44.005 
134.000 44.002 
135.000 44.000 
136.000 43.998 
137.000 43.996 
138.000 43.994 
139.000 43.993 
140.000 43.992 
141.000 43.990 
142.000 43.989 
143.000 43.988 
144.000 43.988 
145.000 43.987 
146.000 43.986 
147.000 43.986 
148.000 43.985 
149.000 43.985 
150.000 43.985 
151.000 43.985 
152.000 43.985 
153.000 43.985 
154.000 43.985 
155.000 43.985 
156.000 43.985 
157.000 43.985 
158.000 43.986 
159.000 43.986 
160.000 43.986 
161.000 43.987 
162.000 43.987 
163.000 43.987 
164.000 43.988 
165.000 43.988 
166.000 43.989 
167.000 43.989 
168.000 43.990 
169.000 43.990 
170.000 43.991 
171.000 43.991 
172.000 43.991 
173.000 43.992 
174.000 43.992 
175.000 43.993 
176.000 43.993 
177.000 43.994 
178.000 43.994 
179.000 43.994 
180.000 43.995 
181.000 43.995 
182.000 43.995 
183.000 43.996 
184.000 43.996 
185.000 43.996 
186.000 43.997 
187.000 43.997 
188.000 43.997 
189.000 43.998 
190.000 43.998 
191.000 43.998 
192.000 43.998 
193.000 43.999 
194.000 43.999 
195.000 43.999 
196.000 43.999 
197.000 43.999 
198.000 43.999 
199.000 44.000 
200.000 44.000 
201.000 44.000 
202.000 44.000 
203.000 44.000 
204.000 44.000 
205.000 44.000 
206.000 44.000 
207.000 44.000 
208.000 44.000 
209.000 44.000 
210.000 44.001 
211.000 44.001 
212.000 44.001 
213.000 44.001 
214.000 44.001 
215.000 44.001 
216.000 44.001 
217.000 44.001 
218.000 44.001 
219.000 44.001 
220.000 44.001 
221.000 44.001 
222.000 44.001 
223.000 44.001 
224.000 44.001 
225.000 44.001 
226.000 44.001 
227.000 44.001 
228.000 44.001 
229.000 44.001 
230.000 44.001 
231.000 44.001 
232.000 44.001 
233.000 44.001 
234.000 44.001 
235.000 44.000 
236.000 44.000 
237.000 44.000 
238.000 44.000 
239.000 44.000 
240.000 44.000 
241.000 44.000 
242.000 44.000 
243.000 44.000 
244.000 44.000 
245.000 44.000 
246.000 44.000 
247.000 44.000 
248.000 44.000 
249.000 44.000 
250.000 44.000 
251.000 44.000 
252.000 44.000 
253.000 44.000 
254.000 44.000 
255.000 44.000 
256.000 44.000 
257.000 44.000 
258.000 44.000 
259.000 44.000 
260.000 44.000 
261.000 44.000 
262.000 44.000 
263.000 44.000 
264.000 44.000 
265.000 44.000 
266.000 44.000 
267.000 44.000 
268.000 44.000 
269.000 44.000 
270.000 44.000 
271.000 44.000 
272.000 44.000 
273.000 44.000 
274.000 44.000 
275.000 44.000 
276.000 44.000 
277.000 44.000 
278.000 44.000 
279.000 44.000 
280.000 44.000 
281.000 44.000 
282.000 44.000 
283.000 44.000 
284.000 44.000 
285.000 44.000 
286.000 44.000 
287.000 44.000 
288.000 44.000 
289.000 44.000 
290.000 44.000 
291.000 44.000 
292.000 44.000 
293.000 44.000 
294.000 44.000 
295.000 44.000 
296.000 44.000 
297.000 44.000 
298.000 44.000 
299.000 44.000 
300.000 44.000 
301.000 44.000 
302.000 44.000 
303.000 44.000 
304.000 44.000 
305.000 44.000 
306.000 44.000 
307.000 44.000 
308.000 43.999 
309.000 43.994 
310.000 43.984 
311.000 43.967 
312.000 43.943 
313.000 43.910 
314.000 43.869 
315.000 43.819 
316.000 43.761 
317.000 43.694 
318.000 43.619 
319.000 43.536 
320.000 43.446 
321.000 43.349 
322.000 43.246 
323.000 43.137 
324.000 43.023 
325.000 42.905 
326.000 42.783 
327.000 42.658 
328.000 42.530 
329.000 42.400 
330.000 42.269 
331.000 42.137 
332.000 42.005 
333.000 41.872 
334.000 41.740 
335.000 41.609 
336.000 41.479 
337.000 41.351 
338.000 41.225 
339.000 41.101 
340.000 40.980 
341.000 40.861 
342.000 40.746 
343.000 40.633 
344.000 40.524 
345.000 40.419 
346.000 40.317 
347.000 40.218 
348.000 40.123 
349.000 40.032 
350.000 39.945 
351.000 39.862 
352.000 39.782 
353.000 39.707 
354.000 39.635 
355.000 39.567 
356.000 39.502 
357.000 39.441 
358.000 39.383 
359.000 39.329 
360.000 39.279 
361.000 39.232 
362.000 39.187 
363.000 39.146 
364.000 39.108 
365.000 39.073 
366.000 39.041 
367.000 39.011 
368.000 38.984 
369.000 38.959 
370.000 38.936 
371.000 38.916 
372.000 38.898 
373.000 38.882 
374.000 38.867 
375.000 38.855 
376.000 38.844 
377.000 38.835 
378.000 38.827 
379.000 38.820 
380.000 38.815 
381.000 38.811 
382.000 38.808 
383.000 38.806 
384.000 38.806 
385.000 38.806 
386.000 38.806 
387.000 38.808 
388.000 38.810 
389.000 38.813 
390.000 38.816 
391.000 38.819 
392.000 38.824 
393.000 38.828 
394.000 38.833 
395.000 38.838 
396.000 38.843 
397.000 38.848 
398.000 38.854 
399.000 38.860 
400.000 38.865 
401.000 38.871 
402.000 38.877 
403.000 38.883 
404.000 38.888 
405.000 38.894 
406.000 38.900 
407.000 38.905 
408.000 38.911 
409.000 38.916 
410.000 38.921 
411.000 38.926 
412.000 38.931 
413.000 38.936 
414.000 38.941 
415.000 38.945 
416.000 38.949 
417.000 38.954 
418.000 38.958 
419.000 38.961 
420.000 38.965 
421.000 38.968 
422.000 38.972 
423.000 38.975 
424.000 38.978 
425.000 38.980 
426.000 38.983 
427.000 38.986 
428.000 38.988 
429.000 38.990 
430.000 38.992 
431.000 38.994 
432.000 38.996 
433.000 38.997 
434.000 38.999 
435.000 39.000 
436.000 39.001 
437.000 39.002 
438.000 39.003 
439.000 39.004 
440.000 39.005 
441.000 39.006 
442.000 39.006 
443.000 39.007 
444.000 39.007 
445.000 39.008 
446.000 39.008 
447.000 39.008 
448.000 39.009 
449.000 39.009 
450.000 39.009 
451.000 39.009 
452.000 39.009 
453.000 39.009 
454.000 39.009 
455.000 39.009 
456.000 39.009 
457.000 39.009 
458.000 39.009 
459.000 39.008 
460.000 39.008 
461.000 39.008 
462.000 39.008 
463.000 39.007 
464.000 39.007 
465.000 39.007 
466.000 39.007 
467.000 39.006 
468.000 39.006 
469.000 39.006 
470.000 39.006 
471.000 39.005 
472.000 39.005 
473.000 39.005 
474.000 39.005 
475.000 39.004 
476.000 39.004 
477.000 39.004 
478.000 39.004 
479.000 39.003 
480.000 39.003 
481.000 39.003 
482.000 39.003 
483.000 39.002 
484.000 39.002 
485.000 39.002 
486.000 39.002 
487.000 39.002 
488.000 39.002 
489.000 39.001 
490.000 39.001 
491.000 39.001 
492.000 39.001 
493.000 39.001 
494.000 39.001 
495.000 39.001 
496.000 39.001 
497.000 39.000 
498.000 39.000 
499.000 39.000 
500.000 39.000 
501.000 39.000 
502.000 39.000 
503.000 39.000 
504.000 39.000 
505.000 39.000 
506.000 39.000 
507.000 39.000 
508.000 39.000 
509.000 39.000 
510.000 39.000 
511.000 39.000 
512.000 39.000 
513.000 39.000 
514.000 39.000 
515.000 39.000 
516.000 39.000 
517.000 39.000 
518.000 39.000 
519.000 39.000 
520.000 39.000 
521.000 39.000 
522.000 39.000 
523.000 39.000 
524.000 39.000 
525.000 39.000 
526.000 39.000 
527.000 39.000 
528.000 39.000 
529.000 39.000 
530.000 39.000 
531.000 39.000 
532.000 39.000 
533.000 39.000 
534.000 39.000 
535.000 39.000 
536.000 39.000 
537.000 39.000 
538.000 39.000 
539.000 39.000 
540.000 39.000 
541.000 39.000 
542.000 39.000 
543.000 39.000 
544.000 39.000 
545.000 39.000 
546.000 39.000 
547.000 39.000 
548.000 39.000 
549.000 39.000 
550.000 39.000 
551.000 39.000 
552.000 39.000 
553.000 39.000 
554.000 39.000 
555.000 39.000 
556.000 39.000 
557.000 39.000 
558.000 39.000 
559.000 39.000 
560.000 39.000 
561.000 39.000 
562.000 39.000 
563.000 39.000 
564.000 39.000 
565.000 39.000 
566.000 39.000 
567.000 39.000 
568.000 39.000 
569.000 39.000 
570.000 39.000 
571.000 39.000 
572.000 39.000 
573.000 39.000 
574.000 39.000 
575.000 39.000 
576.000 39.000 
577.000 39.000 
578.000 39.000 
579.000 39.000 
580.000 39.000 
581.000 39.000 
582.000 39.000 
583.000 39.000 
584.000 39.000 
585.000 39.000 
586.000 39.000 
587.000 39.000 
588.000 39.000 
589.000 39.000 
590.000 39.000 
591.000 39.000 
592.000 39.000 
593.000 39.000 
594.000 39.000 
595.000 39.000 
596.000 39.000 
597.000 39.000 
598.000 39.000 
599.000 39.000 
600.000 39.000 
