1.000 35.620 
2.000 35.620 
3.000 35.620 
4.000 35.620 
5.000 35.620 
6.000 35.620 
7.000 35.620 
8.000 35.622 
9.000 35.628 
10.000 35.641 
11.000 35.663 
12.000 35.695 
13.000 35.737 
14.000 35.791 
15.000 35.857 
16.000 35.935 
17.000 36.024 
18.000 36.125 
19.000 36.236 
20.000 36.359 
21.000 36.491 
22.000 36.632 
23.000 36.782 
24.000 36.940 
25.000 37.105 
26.000 37.277 
27.000 37.454 
28.000 37.636 
29.000 37.822 
30.000 38.011 
31.000 38.203 
32.000 38.398 
33.000 38.593 
34.000 38.790 
35.000 38.987 
36.000 39.183 
37.000 39.379 
38.000 39.573 
39.000 39.766 
40.000 39.957 
41.000 40.145 
42.000 40.330 
43.000 40.512 
44.000 40.690 
45.000 40.865 
46.000 41.036 
47.000 41.202 
48.000 41.364 
49.000 41.522 
50.000 41.675 
51.000 41.824 
52.000 41.967 
53.000 42.106 
54.000 42.240 
55.000 42.369 
56.000 42.493 
57.000 42.612 
58.000 42.726 
59.000 42.835 
60.000 42.939 
61.000 43.039 
62.000 43.133 
63.000 43.223 
64.000 43.309 
65.000 43.390 
66.000 43.467 
67.000 43.539 
68.000 43.607 
69.000 43.672 
70.000 43.732 
71.000 43.788 
72.000 43.841 
73.000 43.890 
74.000 43.936 
75.000 43.978 
76.000 44.017 
77.000 44.053 
78.000 44.086 
79.000 44.117 
80.000 44.144 
81.000 44.169 
82.000 44.192 
83.000 44.212 
84.000 44.230 
85.000 44.246 
86.000 44.260 
87.000 44.272 
88.000 44.282 
89.000 44.291 
90.000 44.298 
91.000 44.304 
92.000 44.308 
93.000 44.311 
94.000 44.313 
95.000 44.313 
96.000 44.313 
97.000 44.312 
98.000 44.310 
99.000 44.307 
100.000 44.303 
101.000 44.299 
102.000 44.294 
103.000 44.288 
104.000 44.283 
105.000 44.276 
106.000 44.270 
107.000 44.263 
108.000 44.255 
109.000 44.248 
110.000 44.240 
111.000 44.232 
112.000 44.225 
113.000 44.217 
114.000 44.208 
115.000 44.200 
116.000 44.192 
117.000 44.184 
118.000 44.176 
119.000 44.168 
120.000 44.161 
121.000 44.153 
122.000 44.145 
123.000 44.138 
124.000 44.131 
125.000 44.123 
126.000 44.116 
127.000 44.110 
128.000 44.103 
129.000 44.097 
130.000 44.090 
131.000 44.084 
132.000 44.079 
133.000 44.073 
134.000 44.068 
135.000 44.062 
136.000 44.057 
137.000 44.053 
138.000 44.048 
139.000 44.044 
140.000 44.040 
141.000 44.036 
142.000 44.032 
143.000 44.028 
144.000 44.025 
145.000 44.022 
146.000 44.019 
147.000 44.016 
148.000 44.013 
149.000 44.011 
150.000 44.008 
151.000 44.006 
152.000 44.004 
153.000 44.002 
154.000 44.000 
155.000 43.999 
156.000 43.997 
157.000 43.996 
158.000 43.995 
159.000 43.994 
160.000 43.992 
161.000 43.992 
162.000 43.991 
163.000 43.990 
164.000 43.989 
165.000 43.989 
166.000 43.988 
167.000 43.988 
168.000 43.988 
169.000 43.987 
170.000 43.987 
171.000 43.987 
172.000 43.987 
173.000 43.987 
174.000 43.987 
175.000 43.987 
176.000 43.987 
177.000 43.987 
178.000 43.987 
179.000 43.987 
180.000 43.987 
181.000 43.988 
182.000 43.988 
183.000 43.988 
184.000 43.988 
185.000 43.989 
186.000 43.989 
187.000 43.989 
188.000 43.990 
189.000 43.990 
190.000 43.990 
191.000 43.991 
192.000 43.991 
193.000 43.991 
194.000 43.992 
195.000 43.992 
196.000 43.992 
197.000 43.993 
198.000 43.993 
199.000 43.993 
200.000 43.994 
201.000 43.994 
202.000 43.994 
203.000 43.995 
204.000 43.995 
205.000 43.995 
206.000 43.995 
207.000 43.996 
208.000 43.996 
209.000 43.996 
210.000 43.996 
211.000 43.997 
212.000 43.997 
213.000 43.997 
214.000 43.997 
215.000 43.998 
216.000 43.998 
217.000 43.998 
218.000 43.998 
219.000 43.998 
220.000 43.999 
221.000 43.999 
222.000 43.999 
223.000 43.999 
224.000 43.999 
225.000 43.999 
226.000 43.999 
227.000 43.999 
228.000 44.000 
229.000 44.000 
230.000 44.000 
231.000 44.000 
232.000 44.000 
233.000 44.000 
234.000 44.000 
235.000 44.000 
236.000 44.000 
237.000 44.000 
238.000 44.000 
239.000 44.000 
240.000 44.000 
241.000 44.000 
242.000 44.000 
243.000 44.000 
244.000 44.000 
245.000 44.001 
246.000 44.001 
247.000 44.001 
248.000 44.001 
249.000 44.001 
250.000 44.001 
251.000 44.001 
252.000 44.001 
253.000 44.001 
254.000 44.001 
255.000 44.001 
256.000 44.001 
257.000 44.001 
258.000 44.001 
259.000 44.001 
260.000 44.001 
261.000 44.001 
262.000 44.001 
263.000 44.000 
264.000 44.000 
265.000 44.000 
266.000 44.000 
267.000 44.000 
268.000 44.000 
269.000 44.000 
270.000 44.000 
271.000 44.000 
272.000 44.000 
273.000 44.000 
274.000 44.000 
275.000 44.000 
276.000 44.000 
277.000 44.000 
278.000 44.000 
279.000 44.000 
280.000 44.000 
281.000 44.000 
282.000 44.000 
283.000 44.000 
284.000 44.000 
285.000 44.000 
286.000 44.000 
287.000 44.000 
288.000 44.000 
289.000 44.000 
290.000 44.000 
291.000 44.000 
292.000 44.000 
293.000 44.000 
294.000 44.000 
295.000 44.000 
296.000 44.000 
297.000 44.000 
298.000 44.000 
299.000 44.000 
300.000 44.000 
301.000 44.000 
302.000 44.000 
303.000 44.000 
304.000 44.000 
305.000 44.000 
306.000 44.000 
307.000 44.000 
308.000 43.999 
309.000 43.995 
310.000 43.987 
311.000 43.974 
312.000 43.955 
313.000 43.930 
314.000 43.898 
315.000 43.859 
316.000 43.812 
317.000 43.759 
318.000 43.699 
319.000 43.632 
320.000 43.559 
321.000 43.480 
322.000 43.396 
323.000 43.307 
324.000 43.212 
325.000 43.114 
326.000 43.012 
327.000 42.906 
328.000 42.797 
329.000 42.686 
330.000 42.573 
331.000 42.459 
332.000 42.343 
333.000 42.226 
334.000 42.109 
335.000 41.991 
336.000 41.874 
337.000 41.757 
338.000 41.641 
339.000 41.526 
340.000 41.413 
341.000 41.300 
342.000 41.190 
343.000 41.081 
344.000 40.975 
345.000 40.871 
346.000 40.769 
347.000 40.669 
348.000 40.573 
349.000 40.478 
350.000 40.387 
351.000 40.298 
352.000 40.213 
353.000 40.130 
354.000 40.050 
355.000 39.973 
356.000 39.899 
357.000 39.828 
358.000 39.760 
359.000 39.695 
360.000 39.633 
361.000 39.574 
362.000 39.517 
363.000 39.463 
364.000 39.412 
365.000 39.364 
366.000 39.318 
367.000 39.275 
368.000 39.234 
369.000 39.196 
370.000 39.160 
371.000 39.126 
372.000 39.095 
373.000 39.066 
374.000 39.038 
375.000 39.013 
376.000 38.990 
377.000 38.968 
378.000 38.948 
379.000 38.930 
380.000 38.914 
381.000 38.899 
382.000 38.886 
383.000 38.873 
384.000 38.863 
385.000 38.853 
386.000 38.845 
387.000 38.838 
388.000 38.832 
389.000 38.826 
390.000 38.822 
391.000 38.819 
392.000 38.816 
393.000 38.814 
394.000 38.813 
395.000 38.813 
396.000 38.813 
397.000 38.814 
398.000 38.815 
399.000 38.817 
400.000 38.819 
401.000 38.822 
402.000 38.825 
403.000 38.828 
404.000 38.831 
405.000 38.835 
406.000 38.839 
407.000 38.843 
408.000 38.848 
409.000 38.852 
410.000 38.857 
411.000 38.861 
412.000 38.866 
413.000 38.871 
414.000 38.876 
415.000 38.880 
416.000 38.885 
417.000 38.890 
418.000 38.895 
419.000 38.900 
420.000 38.904 
421.000 38.909 
422.000 38.913 
423.000 38.918 
424.000 38.922 
425.000 38.926 
426.000 38.931 
427.000 38.935 
428.000 38.939 
429.000 38.942 
430.000 38.946 
431.000 38.950 
432.000 38.953 
433.000 38.956 
434.000 38.960 
435.000 38.963 
436.000 38.966 
437.000 38.969 
438.000 38.971 
439.000 38.974 
440.000 38.976 
441.000 38.979 
442.000 38.981 
443.000 38.983 
444.000 38.985 
445.000 38.987 
446.000 38.989 
447.000 38.991 
448.000 38.992 
449.000 38.994 
450.000 38.995 
451.000 38.996 
452.000 38.998 
453.000 38.999 
454.000 39.000 
455.000 39.001 
456.000 39.002 
457.000 39.002 
458.000 39.003 
459.000 39.004 
460.000 39.004 
461.000 39.005 
462.000 39.006 
463.000 39.006 
464.000 39.006 
465.000 39.007 
466.000 39.007 
467.000 39.007 
468.000 39.007 
469.000 39.008 
470.000 39.008 
471.000 39.008 
472.000 39.008 
473.000 39.008 
474.000 39.008 
475.000 39.008 
476.000 39.008 
477.000 39.008 
478.000 39.008 
479.000 39.008 
480.000 39.008 
481.000 39.007 
482.000 39.007 
483.000 39.007 
484.000 39.007 
485.000 39.007 
486.000 39.007 
487.000 39.006 
488.000 39.006 
489.000 39.006 
490.000 39.006 
491.000 39.006 
492.000 39.005 
493.000 39.005 
494.000 39.005 
495.000 39.005 
496.000 39.005 
497.000 39.004 
498.000 39.004 
499.000 39.004 
500.000 39.004 
501.000 39.004 
502.000 39.003 
503.000 39.003 
504.000 39.003 
505.000 39.003 
506.000 39.003 
507.000 39.003 
508.000 39.002 
509.000 39.002 
510.000 39.002 
511.000 39.002 
512.000 39.002 
513.000 39.002 
514.000 39.002 
515.000 39.001 
516.000 39.001 
517.000 39.001 
518.000 39.001 
519.000 39.001 
520.000 39.001 
521.000 39.001 
522.000 39.001 
523.000 39.001 
524.000 39.001 
525.000 39.000 
526.000 39.000 
527.000 39.000 
528.000 39.000 
529.000 39.000 
530.000 39.000 
531.000 39.000 
532.000 39.000 
533.000 39.000 
534.000 39.000 
535.000 39.000 
536.000 39.000 
537.000 39.000 
538.000 39.000 
539.000 39.000 
540.000 39.000 
541.000 39.000 
542.000 39.000 
543.000 39.000 
544.000 39.000 
545.000 39.000 
546.000 39.000 
547.000 39.000 
548.000 39.000 
549.000 39.000 
550.000 39.000 
551.000 39.000 
552.000 39.000 
553.000 39.000 
554.000 39.000 
555.000 39.000 
556.000 39.000 
557.000 39.000 
558.000 39.000 
559.000 39.000 
560.000 39.000 
561.000 39.000 
562.000 39.000 
563.000 39.000 
564.000 39.000 
565.000 39.000 
566.000 39.000 
567.000 39.000 
568.000 39.000 
569.000 39.000 
570.000 39.000 
571.000 39.000 
572.000 39.000 
573.000 39.000 
574.000 39.000 
575.000 39.000 
576.000 39.000 
577.000 39.000 
578.000 39.000 
579.000 39.000 
580.000 39.000 
581.000 39.000 
582.000 39.000 
583.000 39.000 
584.000 39.000 
585.000 39.000 
586.000 39.000 
587.000 39.000 
588.000 39.000 
589.000 39.000 
590.000 39.000 
591.000 39.000 
592.000 39.000 
593.000 39.000 
594.000 39.000 
595.000 39.000 
596.000 39.000 
597.000 39.000 
598.000 39.000 
599.000 39.000 
600.000 39.000 
