1.000 35.750 
2.000 35.750 
3.000 35.750 
4.000 35.810 
5.000 35.810 
6.000 35.810 
7.000 35.810 
8.000 35.810 
9.000 35.810 
10.000 35.810 
11.000 35.810 
12.000 35.870 
13.000 35.870 
14.000 35.870 
15.000 35.930 
16.000 35.930 
17.000 35.930 
18.000 36.000 
19.000 36.000 
20.000 36.060 
21.000 36.060 
22.000 36.120 
23.000 36.120 
24.000 36.180 
25.000 36.180 
26.000 36.250 
27.000 36.310 
28.000 36.310 
29.000 36.370 
30.000 36.430 
31.000 36.500 
32.000 36.560 
33.000 36.560 
34.000 36.620 
35.000 36.680 
36.000 36.680 
37.000 36.750 
38.000 36.810 
39.000 36.870 
40.000 36.870 
41.000 36.930 
42.000 36.930 
43.000 37.000 
44.000 37.000 
45.000 37.000 
46.000 37.060 
47.000 37.060 
48.000 37.120 
49.000 37.120 
50.000 37.180 
51.000 37.180 
52.000 37.250 
53.000 37.310 
54.000 37.310 
55.000 37.310 
56.000 37.370 
57.000 37.370 
58.000 37.430 
59.000 37.430 
60.000 37.500 
61.000 37.500 
62.000 37.500 
63.000 37.560 
64.000 37.560 
65.000 37.620 
66.000 37.620 
67.000 37.680 
68.000 37.750 
69.000 37.750 
70.000 37.810 
71.000 37.810 
72.000 37.870 
73.000 37.870 
74.000 37.930 
75.000 37.930 
76.000 37.930 
77.000 38.000 
78.000 38.000 
79.000 38.060 
80.000 38.060 
81.000 38.120 
82.000 38.120 
83.000 38.180 
84.000 38.180 
85.000 38.250 
86.000 38.250 
87.000 38.250 
88.000 38.250 
89.000 38.310 
90.000 38.310 
91.000 38.310 
92.000 38.310 
93.000 38.310 
94.000 38.310 
95.000 38.370 
96.000 38.370 
97.000 38.370 
98.000 38.370 
99.000 38.370 
100.000 38.370 
101.000 38.430 
102.000 38.430 
103.000 38.430 
104.000 38.430 
105.000 38.430 
106.000 38.500 
107.000 38.500 
108.000 38.500 
109.000 38.500 
110.000 38.560 
111.000 38.560 
112.000 38.560 
113.000 38.560 
114.000 38.560 
115.000 38.560 
116.000 38.620 
117.000 38.620 
118.000 38.620 
119.000 38.620 
120.000 38.620 
121.000 38.680 
122.000 38.680 
123.000 38.680 
124.000 38.680 
125.000 38.680 
126.000 38.750 
127.000 38.680 
128.000 38.750 
129.000 38.750 
130.000 38.750 
131.000 38.750 
132.000 38.750 
133.000 38.810 
134.000 38.810 
135.000 38.810 
136.000 38.810 
137.000 38.870 
138.000 38.870 
139.000 38.870 
140.000 38.870 
141.000 38.870 
142.000 38.870 
143.000 38.870 
144.000 38.870 
145.000 38.870 
146.000 38.870 
147.000 38.930 
148.000 38.930 
149.000 38.930 
150.000 38.930 
151.000 38.930 
152.000 38.930 
153.000 39.000 
154.000 39.000 
155.000 39.000 
156.000 39.000 
157.000 39.000 
158.000 39.000 
159.000 39.060 
160.000 39.060 
161.000 39.060 
162.000 39.060 
163.000 39.060 
164.000 39.060 
165.000 39.120 
166.000 39.120 
167.000 39.120 
168.000 39.120 
169.000 39.180 
170.000 39.180 
171.000 39.180 
172.000 39.180 
173.000 39.180 
174.000 39.180 
175.000 39.180 
176.000 39.180 
177.000 39.250 
178.000 39.180 
179.000 39.250 
180.000 39.250 
181.000 39.250 
182.000 39.250 
183.000 39.310 
184.000 39.310 
185.000 39.310 
186.000 39.310 
187.000 39.310 
188.000 39.370 
189.000 39.370 
190.000 39.370 
191.000 39.370 
192.000 39.370 
193.000 39.370 
194.000 39.430 
195.000 39.430 
196.000 39.430 
197.000 39.430 
198.000 39.430 
199.000 39.430 
200.000 39.430 
201.000 39.430 
202.000 39.430 
203.000 39.430 
204.000 39.430 
205.000 39.430 
206.000 39.430 
207.000 39.430 
208.000 39.370 
209.000 39.430 
210.000 39.430 
211.000 39.430 
212.000 39.430 
213.000 39.430 
214.000 39.430 
215.000 39.430 
216.000 39.430 
217.000 39.430 
218.000 39.430 
219.000 39.430 
220.000 39.430 
221.000 39.430 
222.000 39.430 
223.000 39.430 
224.000 39.430 
225.000 39.370 
226.000 39.370 
227.000 39.370 
228.000 39.370 
229.000 39.310 
230.000 39.310 
231.000 39.310 
232.000 39.310 
233.000 39.310 
234.000 39.310 
235.000 39.310 
236.000 39.310 
237.000 39.370 
238.000 39.370 
239.000 39.370 
240.000 39.370 
241.000 39.370 
242.000 39.370 
243.000 39.370 
244.000 39.370 
245.000 39.370 
246.000 39.370 
247.000 39.370 
248.000 39.370 
249.000 39.370 
250.000 39.370 
251.000 39.370 
252.000 39.370 
253.000 39.370 
254.000 39.370 
255.000 39.370 
256.000 39.370 
257.000 39.430 
258.000 39.430 
259.000 39.430 
260.000 39.430 
261.000 39.430 
262.000 39.430 
263.000 39.430 
264.000 39.430 
265.000 39.430 
266.000 39.430 
267.000 39.430 
268.000 39.500 
269.000 39.500 
270.000 39.500 
271.000 39.500 
272.000 39.500 
273.000 39.500 
274.000 39.500 
275.000 39.500 
276.000 39.500 
277.000 39.500 
278.000 39.500 
279.000 39.500 
280.000 39.500 
281.000 39.500 
282.000 39.500 
283.000 39.430 
284.000 39.430 
285.000 39.430 
286.000 39.430 
287.000 39.430 
288.000 39.430 
289.000 39.430 
290.000 39.430 
291.000 39.430 
292.000 39.370 
293.000 39.370 
294.000 39.370 
295.000 39.370 
296.000 39.370 
297.000 39.370 
298.000 39.310 
299.000 39.310 
300.000 39.310 
301.000 39.310 
302.000 39.310 
303.000 39.250 
304.000 39.310 
305.000 39.310 
306.000 39.310 
307.000 39.310 
308.000 39.310 
309.000 39.250 
310.000 39.310 
311.000 39.310 
312.000 39.310 
313.000 39.250 
314.000 39.250 
315.000 39.310 
316.000 39.310 
317.000 39.310 
318.000 39.310 
319.000 39.310 
320.000 39.310 
321.000 39.310 
322.000 39.310 
323.000 39.310 
324.000 39.310 
325.000 39.310 
326.000 39.310 
327.000 39.310 
328.000 39.310 
329.000 39.310 
330.000 39.370 
331.000 39.370 
332.000 39.370 
333.000 39.370 
334.000 39.370 
335.000 39.370 
336.000 39.370 
337.000 39.370 
338.000 39.370 
339.000 39.370 
340.000 39.370 
341.000 39.430 
342.000 39.430 
343.000 39.430 
344.000 39.430 
345.000 39.430 
346.000 39.430 
347.000 39.430 
348.000 39.430 
349.000 39.430 
350.000 39.430 
351.000 39.430 
352.000 39.500 
353.000 39.500 
354.000 39.500 
355.000 39.500 
356.000 39.500 
357.000 39.500 
358.000 39.560 
359.000 39.500 
360.000 39.500 
361.000 39.500 
362.000 39.500 
363.000 39.500 
364.000 39.500 
365.000 39.560 
366.000 39.560 
367.000 39.560 
368.000 39.620 
369.000 39.560 
370.000 39.560 
371.000 39.620 
372.000 39.620 
373.000 39.620 
374.000 39.620 
375.000 39.620 
376.000 39.620 
377.000 39.620 
378.000 39.620 
379.000 39.620 
380.000 39.620 
381.000 39.620 
382.000 39.620 
383.000 39.620 
384.000 39.560 
385.000 39.560 
386.000 39.560 
387.000 39.560 
388.000 39.560 
389.000 39.560 
390.000 39.560 
391.000 39.560 
392.000 39.560 
393.000 39.560 
394.000 39.560 
395.000 39.560 
396.000 39.560 
397.000 39.560 
398.000 39.560 
399.000 39.560 
400.000 39.560 
401.000 39.560 
402.000 39.560 
403.000 39.560 
404.000 39.560 
405.000 39.560 
406.000 39.560 
407.000 39.560 
408.000 39.560 
409.000 39.560 
410.000 39.560 
411.000 39.560 
412.000 39.560 
413.000 39.560 
414.000 39.560 
415.000 39.560 
416.000 39.560 
417.000 39.560 
418.000 39.560 
419.000 39.620 
420.000 39.620 
421.000 39.620 
422.000 39.620 
423.000 39.620 
424.000 39.620 
425.000 39.620 
426.000 39.620 
427.000 39.620 
428.000 39.620 
429.000 39.620 
430.000 39.620 
431.000 39.620 
432.000 39.620 
433.000 39.620 
434.000 39.620 
435.000 39.620 
436.000 39.620 
437.000 39.560 
438.000 39.560 
439.000 39.560 
440.000 39.560 
441.000 39.560 
442.000 39.560 
443.000 39.560 
444.000 39.560 
445.000 39.560 
446.000 39.560 
447.000 39.560 
448.000 39.560 
449.000 39.560 
450.000 39.560 
451.000 39.560 
452.000 39.560 
453.000 39.560 
454.000 39.560 
455.000 39.560 
456.000 39.560 
457.000 39.560 
458.000 39.560 
459.000 39.560 
460.000 39.560 
461.000 39.560 
462.000 39.560 
463.000 39.560 
464.000 39.560 
465.000 39.560 
466.000 39.560 
467.000 39.560 
468.000 39.560 
469.000 39.560 
470.000 39.560 
471.000 39.560 
472.000 39.560 
473.000 39.560 
474.000 39.560 
475.000 39.560 
476.000 39.560 
477.000 39.560 
478.000 39.560 
479.000 39.560 
480.000 39.560 
481.000 39.500 
482.000 39.500 
483.000 39.560 
484.000 39.560 
485.000 39.560 
486.000 39.560 
487.000 39.560 
488.000 39.560 
489.000 39.560 
490.000 39.560 
491.000 39.560 
492.000 39.560 
493.000 39.560 
494.000 39.560 
495.000 39.620 
496.000 39.620 
497.000 39.620 
498.000 39.620 
499.000 39.620 
500.000 39.620 
501.000 39.620 
502.000 39.680 
503.000 39.680 
504.000 39.680 
505.000 39.750 
506.000 39.750 
507.000 39.680 
508.000 39.680 
509.000 39.680 
510.000 39.680 
511.000 39.680 
512.000 39.680 
513.000 39.680 
514.000 39.680 
515.000 39.680 
516.000 39.680 
517.000 39.680 
518.000 39.680 
519.000 39.680 
520.000 39.680 
521.000 39.680 
522.000 39.680 
523.000 39.680 
524.000 39.680 
525.000 39.680 
526.000 39.750 
527.000 39.750 
528.000 39.750 
529.000 39.750 
530.000 39.750 
531.000 39.750 
532.000 39.750 
533.000 39.750 
534.000 39.750 
535.000 39.750 
536.000 39.750 
537.000 39.750 
538.000 39.750 
539.000 39.750 
540.000 39.810 
541.000 39.810 
542.000 39.810 
543.000 39.750 
544.000 39.750 
545.000 39.750 
546.000 39.750 
547.000 39.750 
548.000 39.750 
549.000 39.750 
550.000 39.750 
551.000 39.750 
552.000 39.750 
553.000 39.750 
554.000 39.750 
555.000 39.680 
556.000 39.680 
557.000 39.680 
558.000 39.680 
559.000 39.680 
560.000 39.620 
561.000 39.620 
562.000 39.620 
563.000 39.620 
564.000 39.620 
565.000 39.620 
566.000 39.620 
567.000 39.620 
568.000 39.620 
569.000 39.620 
570.000 39.620 
571.000 39.620 
572.000 39.620 
573.000 39.620 
574.000 39.620 
575.000 39.620 
576.000 39.620 
577.000 39.620 
578.000 39.620 
579.000 39.620 
580.000 39.620 
581.000 39.620 
582.000 39.620 
583.000 39.620 
584.000 39.620 
585.000 39.680 
586.000 39.680 
587.000 39.680 
588.000 39.680 
589.000 39.680 
590.000 39.620 
591.000 39.680 
592.000 39.620 
593.000 39.620 
594.000 39.680 
595.000 39.680 
596.000 39.680 
597.000 39.680 
598.000 39.680 
599.000 39.680 
600.000 39.680 
601.000 39.680 
602.000 39.680 
603.000 39.680 
604.000 39.680 
605.000 39.680 
606.000 39.750 
607.000 39.750 
608.000 39.810 
609.000 39.810 
610.000 39.810 
611.000 39.810 
612.000 39.810 
613.000 39.810 
614.000 39.870 
615.000 39.870 
616.000 39.870 
617.000 39.870 
618.000 39.870 
619.000 39.870 
620.000 39.870 
621.000 39.870 
622.000 39.870 
623.000 39.870 
624.000 39.870 
625.000 39.870 
626.000 39.870 
627.000 39.870 
628.000 39.870 
629.000 39.870 
630.000 39.870 
631.000 39.870 
632.000 39.870 
633.000 39.870 
634.000 39.810 
635.000 39.810 
636.000 39.810 
637.000 39.810 
638.000 39.810 
639.000 39.810 
640.000 39.810 
641.000 39.870 
642.000 39.870 
643.000 39.870 
644.000 39.870 
645.000 39.870 
646.000 39.870 
647.000 39.870 
648.000 39.810 
649.000 39.810 
650.000 39.870 
651.000 39.870 
652.000 39.870 
653.000 39.870 
654.000 39.810 
655.000 39.810 
656.000 39.810 
657.000 39.810 
658.000 39.810 
659.000 39.810 
660.000 39.810 
661.000 39.810 
662.000 39.810 
663.000 39.810 
664.000 39.810 
665.000 39.810 
666.000 39.870 
667.000 39.870 
668.000 39.870 
669.000 39.870 
670.000 39.870 
671.000 39.870 
672.000 39.870 
673.000 39.870 
674.000 39.870 
675.000 39.870 
676.000 39.870 
677.000 39.870 
678.000 39.870 
679.000 39.930 
680.000 39.930 
681.000 39.930 
682.000 39.930 
683.000 39.930 
684.000 39.930 
685.000 39.930 
686.000 39.930 
687.000 39.930 
688.000 40.000 
689.000 40.000 
690.000 40.000 
691.000 40.000 
692.000 40.000 
693.000 40.000 
694.000 40.000 
695.000 40.000 
696.000 40.000 
697.000 40.000 
698.000 40.000 
699.000 40.000 
700.000 40.000 
701.000 40.000 
702.000 40.000 
703.000 39.930 
704.000 39.930 
705.000 39.930 
706.000 39.930 
707.000 39.930 
708.000 39.930 
709.000 39.930 
710.000 39.930 
711.000 39.930 
712.000 39.870 
713.000 39.870 
714.000 39.870 
715.000 39.870 
716.000 39.870 
717.000 39.870 
718.000 39.870 
719.000 39.870 
720.000 39.870 
721.000 39.870 
722.000 39.870 
723.000 39.870 
724.000 39.870 
725.000 39.870 
726.000 39.870 
727.000 39.870 
728.000 39.870 
729.000 39.810 
730.000 39.810 
731.000 39.810 
732.000 39.810 
733.000 39.810 
734.000 39.810 
735.000 39.810 
736.000 39.810 
737.000 39.810 
738.000 39.810 
739.000 39.810 
740.000 39.810 
