1.000 35.560 
2.000 35.560 
3.000 35.560 
4.000 35.560 
5.000 35.560 
6.000 35.560 
7.000 35.560 
8.000 35.560 
9.000 35.560 
10.000 35.620 
11.000 35.680 
12.000 35.680 
13.000 35.750 
14.000 35.810 
15.000 35.930 
16.000 36.000 
17.000 36.120 
18.000 36.250 
19.000 36.370 
20.000 36.500 
21.000 36.620 
22.000 36.750 
23.000 36.930 
24.000 37.120 
25.000 37.250 
26.000 37.430 
27.000 37.620 
28.000 37.750 
29.000 37.930 
30.000 38.120 
31.000 38.310 
32.000 38.560 
33.000 38.750 
34.000 38.930 
35.000 39.120 
36.000 39.250 
37.000 39.500 
38.000 39.680 
39.000 39.870 
40.000 40.060 
41.000 40.250 
42.000 40.430 
43.000 40.620 
44.000 40.750 
45.000 40.930 
46.000 41.120 
47.000 41.250 
48.000 41.430 
49.000 41.560 
50.000 41.680 
51.000 41.870 
52.000 42.000 
53.000 42.120 
54.000 42.310 
55.000 42.430 
56.000 42.560 
57.000 42.680 
58.000 42.870 
59.000 43.000 
60.000 43.120 
61.000 43.310 
62.000 43.430 
63.000 43.560 
64.000 43.680 
65.000 43.810 
66.000 43.930 
67.000 44.060 
68.000 44.180 
69.000 44.310 
70.000 44.430 
71.000 44.560 
72.000 44.680 
73.000 44.810 
74.000 44.870 
75.000 45.000 
76.000 45.120 
77.000 45.250 
78.000 45.370 
79.000 45.430 
80.000 45.560 
81.000 45.680 
82.000 45.810 
83.000 45.870 
84.000 45.930 
85.000 46.060 
86.000 46.120 
87.000 46.250 
88.000 46.370 
89.000 46.430 
90.000 46.500 
91.000 46.620 
92.000 46.680 
93.000 46.750 
94.000 46.870 
95.000 46.930 
96.000 47.000 
97.000 47.060 
98.000 47.120 
99.000 47.250 
100.000 47.310 
101.000 47.370 
102.000 47.430 
103.000 47.500 
104.000 47.560 
105.000 47.620 
106.000 47.680 
107.000 47.750 
108.000 47.810 
109.000 47.930 
110.000 48.000 
111.000 48.060 
112.000 48.120 
113.000 48.180 
114.000 48.250 
115.000 48.310 
116.000 48.370 
117.000 48.430 
118.000 48.560 
119.000 48.560 
120.000 48.620 
121.000 48.680 
122.000 48.750 
123.000 48.810 
124.000 48.870 
125.000 48.930 
126.000 48.930 
127.000 49.000 
128.000 49.000 
129.000 49.060 
130.000 49.060 
131.000 49.120 
132.000 49.180 
133.000 49.180 
134.000 49.250 
135.000 49.250 
136.000 49.310 
137.000 49.370 
138.000 49.370 
139.000 49.430 
140.000 49.500 
141.000 49.500 
142.000 49.560 
143.000 49.560 
144.000 49.620 
145.000 49.680 
146.000 49.680 
147.000 49.680 
148.000 49.750 
149.000 49.750 
150.000 49.810 
151.000 49.870 
152.000 49.870 
153.000 49.930 
154.000 50.000 
155.000 50.060 
156.000 50.120 
157.000 50.180 
158.000 50.250 
159.000 50.250 
160.000 50.310 
161.000 50.370 
162.000 50.430 
163.000 50.500 
164.000 50.560 
165.000 50.620 
166.000 50.620 
167.000 50.680 
168.000 50.680 
169.000 50.750 
170.000 50.750 
171.000 50.810 
172.000 50.810 
173.000 50.870 
174.000 50.870 
175.000 50.870 
176.000 50.930 
177.000 50.930 
178.000 51.000 
179.000 51.060 
180.000 51.120 
181.000 51.180 
182.000 51.250 
183.000 51.310 
184.000 51.310 
185.000 51.370 
186.000 51.370 
187.000 51.370 
188.000 51.430 
189.000 51.430 
190.000 51.500 
191.000 51.500 
192.000 51.560 
193.000 51.560 
194.000 51.620 
195.000 51.620 
196.000 51.680 
197.000 51.620 
198.000 51.680 
199.000 51.680 
200.000 51.680 
201.000 51.750 
202.000 51.750 
203.000 51.810 
204.000 51.810 
205.000 51.810 
206.000 51.810 
207.000 51.810 
208.000 51.810 
209.000 51.870 
210.000 51.870 
211.000 51.870 
212.000 51.870 
213.000 51.870 
214.000 51.870 
215.000 51.870 
216.000 51.870 
217.000 51.870 
218.000 51.870 
219.000 51.870 
220.000 51.870 
221.000 51.870 
222.000 51.870 
223.000 51.870 
224.000 51.870 
225.000 51.870 
226.000 51.870 
227.000 51.870 
228.000 51.870 
229.000 51.870 
230.000 51.870 
231.000 51.870 
232.000 51.870 
233.000 51.870 
234.000 51.870 
235.000 51.930 
236.000 51.930 
237.000 52.000 
238.000 52.000 
239.000 52.060 
240.000 52.060 
241.000 52.060 
242.000 52.120 
243.000 52.120 
244.000 52.180 
245.000 52.180 
246.000 52.180 
247.000 52.180 
248.000 52.250 
249.000 52.250 
250.000 52.250 
251.000 52.250 
252.000 52.250 
253.000 52.250 
254.000 52.250 
255.000 52.250 
256.000 52.250 
257.000 52.250 
258.000 52.250 
259.000 52.250 
260.000 52.250 
261.000 52.250 
262.000 52.250 
263.000 52.250 
264.000 52.250 
265.000 52.310 
266.000 52.310 
267.000 52.310 
268.000 52.370 
269.000 52.370 
270.000 52.370 
271.000 52.430 
272.000 52.430 
273.000 52.430 
274.000 52.430 
275.000 52.430 
276.000 52.500 
277.000 52.500 
278.000 52.500 
279.000 52.500 
280.000 52.500 
281.000 52.560 
282.000 52.560 
283.000 52.560 
284.000 52.560 
285.000 52.500 
286.000 52.500 
287.000 52.500 
288.000 52.500 
289.000 52.500 
290.000 52.500 
291.000 52.500 
292.000 52.560 
293.000 52.560 
294.000 52.500 
295.000 52.560 
296.000 52.560 
297.000 52.560 
298.000 52.560 
299.000 52.620 
300.000 52.620 
301.000 52.620 
302.000 52.620 
303.000 52.680 
304.000 52.680 
305.000 52.680 
306.000 52.750 
307.000 52.750 
308.000 52.750 
309.000 52.750 
310.000 52.750 
311.000 52.750 
312.000 52.750 
313.000 52.810 
314.000 52.810 
315.000 52.810 
316.000 52.810 
317.000 52.810 
318.000 52.810 
319.000 52.810 
320.000 52.810 
321.000 52.810 
322.000 52.810 
323.000 52.810 
324.000 52.810 
325.000 52.810 
326.000 52.810 
327.000 52.810 
328.000 52.810 
329.000 52.810 
330.000 52.810 
331.000 52.810 
332.000 52.810 
333.000 52.810 
334.000 52.810 
335.000 52.810 
336.000 52.810 
337.000 52.870 
338.000 52.870 
339.000 52.870 
340.000 52.870 
341.000 52.870 
342.000 52.810 
343.000 52.870 
344.000 52.870 
345.000 52.870 
346.000 52.870 
347.000 52.870 
348.000 52.870 
349.000 52.870 
350.000 52.870 
351.000 52.870 
352.000 52.870 
353.000 52.870 
354.000 52.870 
355.000 52.930 
356.000 52.930 
357.000 52.930 
358.000 52.930 
359.000 52.930 
360.000 52.930 
361.000 52.930 
362.000 52.930 
363.000 52.930 
364.000 52.930 
365.000 52.930 
366.000 52.930 
367.000 52.930 
368.000 52.930 
369.000 52.930 
370.000 52.930 
371.000 53.000 
372.000 53.000 
373.000 53.000 
374.000 53.000 
375.000 53.000 
376.000 53.060 
377.000 53.060 
378.000 53.060 
379.000 53.060 
380.000 53.060 
381.000 53.060 
382.000 53.060 
383.000 53.060 
384.000 53.060 
385.000 53.120 
386.000 53.120 
387.000 53.120 
388.000 53.120 
389.000 53.120 
390.000 53.120 
391.000 53.120 
392.000 53.120 
393.000 53.120 
394.000 53.120 
395.000 53.120 
396.000 53.120 
397.000 53.180 
398.000 53.180 
399.000 53.180 
400.000 53.180 
401.000 53.180 
402.000 53.180 
403.000 53.180 
404.000 53.120 
405.000 53.120 
406.000 53.120 
407.000 53.120 
408.000 53.120 
409.000 53.120 
410.000 53.120 
411.000 53.180 
412.000 53.180 
413.000 53.180 
414.000 53.180 
415.000 53.250 
416.000 53.250 
417.000 53.250 
418.000 53.250 
419.000 53.250 
420.000 53.310 
421.000 53.310 
422.000 53.310 
423.000 53.370 
424.000 53.370 
425.000 53.370 
426.000 53.430 
427.000 53.430 
428.000 53.430 
429.000 53.500 
430.000 53.500 
431.000 53.500 
432.000 53.500 
433.000 53.430 
434.000 53.430 
435.000 53.430 
436.000 53.430 
437.000 53.430 
438.000 53.370 
439.000 53.370 
440.000 53.370 
441.000 53.370 
442.000 53.370 
443.000 53.370 
444.000 53.370 
445.000 53.370 
446.000 53.370 
447.000 53.370 
448.000 53.370 
449.000 53.370 
450.000 53.310 
451.000 53.310 
452.000 53.370 
453.000 53.310 
454.000 53.370 
455.000 53.370 
456.000 53.370 
457.000 53.370 
458.000 53.370 
459.000 53.370 
460.000 53.370 
461.000 53.370 
462.000 53.370 
463.000 53.370 
464.000 53.370 
465.000 53.370 
466.000 53.370 
467.000 53.370 
468.000 53.310 
469.000 53.310 
470.000 53.310 
471.000 53.370 
472.000 53.370 
473.000 53.370 
474.000 53.430 
475.000 53.430 
476.000 53.430 
477.000 53.430 
478.000 53.430 
479.000 53.500 
480.000 53.500 
481.000 53.500 
482.000 53.500 
483.000 53.500 
484.000 53.500 
485.000 53.500 
486.000 53.560 
487.000 53.560 
488.000 53.560 
489.000 53.620 
490.000 53.620 
491.000 53.680 
492.000 53.680 
493.000 53.680 
494.000 53.680 
495.000 53.620 
496.000 53.620 
497.000 53.620 
498.000 53.620 
499.000 53.560 
500.000 53.560 
501.000 53.560 
502.000 53.560 
503.000 53.560 
504.000 53.500 
505.000 53.500 
506.000 53.500 
507.000 53.430 
508.000 53.430 
509.000 53.430 
510.000 53.370 
511.000 53.370 
512.000 53.370 
513.000 53.370 
514.000 53.370 
515.000 53.370 
516.000 53.370 
517.000 53.370 
518.000 53.370 
519.000 53.370 
520.000 53.370 
521.000 53.370 
522.000 53.370 
523.000 53.370 
524.000 53.430 
525.000 53.430 
526.000 53.430 
527.000 53.430 
528.000 53.430 
529.000 53.430 
530.000 53.500 
531.000 53.500 
532.000 53.560 
533.000 53.560 
534.000 53.560 
535.000 53.560 
536.000 53.560 
537.000 53.620 
538.000 53.620 
539.000 53.620 
540.000 53.620 
541.000 53.620 
542.000 53.620 
543.000 53.620 
544.000 53.620 
545.000 53.620 
546.000 53.620 
547.000 53.620 
548.000 53.620 
549.000 53.620 
550.000 53.620 
551.000 53.620 
552.000 53.620 
553.000 53.620 
554.000 53.620 
555.000 53.620 
556.000 53.620 
557.000 53.560 
558.000 53.560 
559.000 53.560 
560.000 53.560 
561.000 53.560 
562.000 53.560 
563.000 53.560 
564.000 53.500 
565.000 53.560 
566.000 53.500 
567.000 53.500 
568.000 53.500 
569.000 53.500 
570.000 53.500 
571.000 53.500 
572.000 53.500 
573.000 53.500 
574.000 53.500 
575.000 53.500 
576.000 53.500 
577.000 53.500 
578.000 53.560 
579.000 53.560 
580.000 53.560 
581.000 53.560 
582.000 53.560 
583.000 53.560 
584.000 53.560 
585.000 53.560 
586.000 53.500 
587.000 53.500 
588.000 53.560 
589.000 53.500 
590.000 53.500 
591.000 53.500 
592.000 53.500 
593.000 53.500 
594.000 53.500 
595.000 53.500 
596.000 53.500 
597.000 53.560 
598.000 53.560 
599.000 53.620 
600.000 53.620 
601.000 53.620 
602.000 53.620 
603.000 53.620 
604.000 53.620 
605.000 53.620 
606.000 53.620 
607.000 53.620 
608.000 53.620 
609.000 53.620 
610.000 53.620 
611.000 53.680 
612.000 53.680 
613.000 53.680 
614.000 53.680 
615.000 53.680 
616.000 53.680 
617.000 53.680 
618.000 53.680 
619.000 53.680 
620.000 53.680 
621.000 53.680 
622.000 53.680 
623.000 53.680 
624.000 53.750 
625.000 53.750 
626.000 53.750 
627.000 53.750 
628.000 53.810 
629.000 53.810 
630.000 53.810 
631.000 53.810 
632.000 53.750 
633.000 53.750 
634.000 53.750 
635.000 53.750 
636.000 53.750 
637.000 53.750 
638.000 53.750 
639.000 53.810 
640.000 53.810 
641.000 53.810 
642.000 53.810 
643.000 53.870 
644.000 53.870 
645.000 53.870 
646.000 53.810 
647.000 53.810 
648.000 53.810 
649.000 53.870 
650.000 53.870 
651.000 53.870 
652.000 53.870 
653.000 53.870 
654.000 53.870 
655.000 53.870 
656.000 53.870 
657.000 53.810 
658.000 53.810 
659.000 53.810 
660.000 53.750 
661.000 53.750 
662.000 53.750 
663.000 53.680 
664.000 53.680 
665.000 53.680 
666.000 53.680 
667.000 53.620 
668.000 53.620 
669.000 53.620 
670.000 53.620 
671.000 53.620 
672.000 53.620 
673.000 53.620 
674.000 53.620 
675.000 53.560 
676.000 53.560 
677.000 53.560 
678.000 53.560 
679.000 53.560 
680.000 53.500 
681.000 53.500 
682.000 53.500 
683.000 53.430 
684.000 53.500 
685.000 53.500 
686.000 53.500 
687.000 53.500 
688.000 53.500 
689.000 53.500 
690.000 53.500 
691.000 53.500 
692.000 53.500 
693.000 53.500 
694.000 53.430 
695.000 53.430 
696.000 53.430 
697.000 53.430 
698.000 53.430 
699.000 53.430 
700.000 53.370 
701.000 53.370 
702.000 53.370 
703.000 53.370 
704.000 53.370 
705.000 53.370 
706.000 53.370 
707.000 53.370 
708.000 53.370 
709.000 53.370 
710.000 53.430 
711.000 53.430 
712.000 53.430 
713.000 53.430 
714.000 53.430 
715.000 53.500 
716.000 53.500 
717.000 53.500 
718.000 53.500 
719.000 53.500 
720.000 53.500 
721.000 53.500 
722.000 53.500 
723.000 53.500 
724.000 53.500 
725.000 53.560 
726.000 53.560 
727.000 53.620 
728.000 53.620 
729.000 53.680 
730.000 53.680 
731.000 53.680 
732.000 53.680 
733.000 53.680 
734.000 53.680 
735.000 53.680 
736.000 53.680 
737.000 53.680 
738.000 53.680 
739.000 53.680 
740.000 53.680 
