1.000 35.560 
2.000 35.560 
3.000 35.620 
4.000 35.620 
5.000 35.620 
6.000 35.680 
7.000 35.680 
8.000 35.680 
9.000 35.680 
10.000 35.750 
11.000 35.750 
12.000 35.810 
13.000 35.810 
14.000 35.870 
15.000 35.870 
16.000 35.930 
17.000 36.060 
18.000 36.060 
19.000 36.180 
20.000 36.250 
21.000 36.310 
22.000 36.370 
23.000 36.430 
24.000 36.560 
25.000 36.620 
26.000 36.750 
27.000 36.870 
28.000 37.000 
29.000 37.060 
30.000 37.180 
31.000 37.310 
32.000 37.370 
33.000 37.500 
34.000 37.620 
35.000 37.750 
36.000 37.870 
37.000 38.000 
38.000 38.120 
39.000 38.180 
40.000 38.310 
41.000 38.430 
42.000 38.500 
43.000 38.620 
44.000 38.750 
45.000 38.810 
46.000 38.930 
47.000 39.060 
48.000 39.120 
49.000 39.250 
50.000 39.310 
51.000 39.430 
52.000 39.560 
53.000 39.620 
54.000 39.750 
55.000 39.810 
56.000 39.930 
57.000 40.000 
58.000 40.060 
59.000 40.180 
60.000 40.250 
61.000 40.310 
62.000 40.430 
63.000 40.500 
64.000 40.560 
65.000 40.680 
66.000 40.750 
67.000 40.810 
68.000 40.930 
69.000 41.000 
70.000 41.120 
71.000 41.180 
72.000 41.310 
73.000 41.370 
74.000 41.500 
75.000 41.560 
76.000 41.620 
77.000 41.750 
78.000 41.810 
79.000 41.870 
80.000 41.930 
81.000 42.000 
82.000 42.060 
83.000 42.120 
84.000 42.180 
85.000 42.250 
86.000 42.310 
87.000 42.370 
88.000 42.430 
89.000 42.430 
90.000 42.500 
91.000 42.560 
92.000 42.620 
93.000 42.680 
94.000 42.680 
95.000 42.750 
96.000 42.810 
97.000 42.810 
98.000 42.870 
99.000 42.870 
100.000 42.930 
101.000 43.000 
102.000 43.000 
103.000 43.060 
104.000 43.120 
105.000 43.120 
106.000 43.180 
107.000 43.180 
108.000 43.250 
109.000 43.250 
110.000 43.310 
111.000 43.310 
112.000 43.370 
113.000 43.430 
114.000 43.430 
115.000 43.500 
116.000 43.500 
117.000 43.560 
118.000 43.620 
119.000 43.620 
120.000 43.680 
121.000 43.680 
122.000 43.750 
123.000 43.750 
124.000 43.810 
125.000 43.810 
126.000 43.870 
127.000 43.870 
128.000 43.930 
129.000 43.930 
130.000 44.000 
131.000 44.060 
132.000 44.060 
133.000 44.120 
134.000 44.120 
135.000 44.180 
136.000 44.180 
137.000 44.250 
138.000 44.250 
139.000 44.310 
140.000 44.310 
141.000 44.370 
142.000 44.370 
143.000 44.430 
144.000 44.500 
145.000 44.500 
146.000 44.560 
147.000 44.560 
148.000 44.620 
149.000 44.680 
150.000 44.680 
151.000 44.750 
152.000 44.750 
153.000 44.750 
154.000 44.750 
155.000 44.810 
156.000 44.810 
157.000 44.810 
158.000 44.810 
159.000 44.810 
160.000 44.810 
161.000 44.810 
162.000 44.810 
163.000 44.810 
164.000 44.810 
165.000 44.810 
166.000 44.810 
167.000 44.870 
168.000 44.870 
169.000 44.870 
170.000 44.870 
171.000 44.930 
172.000 44.930 
173.000 44.930 
174.000 45.000 
175.000 45.000 
176.000 45.060 
177.000 45.060 
178.000 45.120 
179.000 45.120 
180.000 45.120 
181.000 45.180 
182.000 45.180 
183.000 45.180 
184.000 45.180 
185.000 45.250 
186.000 45.250 
187.000 45.250 
188.000 45.250 
189.000 45.250 
190.000 45.250 
191.000 45.250 
192.000 45.250 
193.000 45.250 
194.000 45.250 
195.000 45.250 
196.000 45.250 
197.000 45.250 
198.000 45.250 
199.000 45.310 
200.000 45.310 
201.000 45.370 
202.000 45.370 
203.000 45.370 
204.000 45.370 
205.000 45.370 
206.000 45.430 
207.000 45.430 
208.000 45.430 
209.000 45.430 
210.000 45.430 
211.000 45.430 
212.000 45.500 
213.000 45.500 
214.000 45.500 
215.000 45.500 
216.000 45.500 
217.000 45.500 
218.000 45.500 
219.000 45.560 
220.000 45.560 
221.000 45.560 
222.000 45.560 
223.000 45.560 
224.000 45.560 
225.000 45.560 
226.000 45.560 
227.000 45.620 
228.000 45.560 
229.000 45.560 
230.000 45.560 
231.000 45.560 
232.000 45.560 
233.000 45.560 
234.000 45.560 
235.000 45.560 
236.000 45.560 
237.000 45.560 
238.000 45.560 
239.000 45.560 
240.000 45.620 
241.000 45.620 
242.000 45.620 
243.000 45.620 
244.000 45.680 
245.000 45.680 
246.000 45.680 
247.000 45.680 
248.000 45.680 
249.000 45.750 
250.000 45.750 
251.000 45.750 
252.000 45.750 
253.000 45.810 
254.000 45.810 
255.000 45.810 
256.000 45.810 
257.000 45.810 
258.000 45.810 
259.000 45.810 
260.000 45.810 
261.000 45.810 
262.000 45.870 
263.000 45.870 
264.000 45.870 
265.000 45.870 
266.000 45.870 
267.000 45.870 
268.000 45.870 
269.000 45.870 
270.000 45.870 
271.000 45.930 
272.000 45.930 
273.000 45.930 
274.000 46.000 
275.000 45.930 
276.000 46.000 
277.000 46.000 
278.000 46.000 
279.000 46.000 
280.000 46.000 
281.000 46.000 
282.000 46.000 
283.000 46.000 
284.000 46.060 
285.000 46.060 
286.000 46.060 
287.000 46.120 
288.000 46.120 
289.000 46.120 
290.000 46.120 
291.000 46.120 
292.000 46.120 
293.000 46.120 
294.000 46.120 
295.000 46.120 
296.000 46.120 
297.000 46.180 
298.000 46.120 
299.000 46.180 
300.000 46.180 
301.000 46.180 
302.000 46.180 
303.000 46.180 
304.000 46.180 
305.000 46.250 
306.000 46.250 
307.000 46.250 
308.000 46.250 
309.000 46.310 
310.000 46.310 
311.000 46.310 
312.000 46.310 
313.000 46.310 
314.000 46.370 
315.000 46.370 
316.000 46.370 
317.000 46.370 
318.000 46.370 
319.000 46.370 
320.000 46.430 
321.000 46.430 
322.000 46.430 
323.000 46.430 
324.000 46.430 
325.000 46.430 
326.000 46.430 
327.000 46.430 
328.000 46.430 
329.000 46.430 
330.000 46.430 
331.000 46.430 
332.000 46.430 
333.000 46.370 
334.000 46.370 
335.000 46.370 
336.000 46.430 
337.000 46.430 
338.000 46.430 
339.000 46.430 
340.000 46.430 
341.000 46.430 
342.000 46.430 
343.000 46.500 
344.000 46.500 
345.000 46.500 
346.000 46.500 
347.000 46.500 
348.000 46.500 
349.000 46.500 
350.000 46.500 
351.000 46.500 
352.000 46.500 
353.000 46.500 
354.000 46.500 
355.000 46.500 
356.000 46.500 
357.000 46.500 
358.000 46.500 
359.000 46.500 
360.000 46.500 
361.000 46.500 
362.000 46.500 
363.000 46.500 
364.000 46.500 
365.000 46.500 
366.000 46.560 
367.000 46.560 
368.000 46.560 
369.000 46.560 
370.000 46.560 
371.000 46.560 
372.000 46.560 
373.000 46.560 
374.000 46.560 
375.000 46.560 
376.000 46.560 
377.000 46.560 
378.000 46.560 
379.000 46.560 
380.000 46.560 
381.000 46.560 
382.000 46.560 
383.000 46.560 
384.000 46.620 
385.000 46.620 
386.000 46.620 
387.000 46.680 
388.000 46.680 
389.000 46.680 
390.000 46.680 
391.000 46.680 
392.000 46.680 
393.000 46.680 
394.000 46.680 
395.000 46.680 
396.000 46.680 
397.000 46.620 
398.000 46.620 
399.000 46.620 
400.000 46.620 
401.000 46.620 
402.000 46.680 
403.000 46.680 
404.000 46.680 
405.000 46.680 
406.000 46.680 
407.000 46.680 
408.000 46.680 
409.000 46.680 
410.000 46.680 
411.000 46.680 
412.000 46.680 
413.000 46.680 
414.000 46.620 
415.000 46.620 
416.000 46.620 
417.000 46.620 
418.000 46.620 
419.000 46.620 
420.000 46.560 
421.000 46.560 
422.000 46.560 
423.000 46.560 
424.000 46.560 
425.000 46.560 
426.000 46.560 
427.000 46.560 
428.000 46.560 
429.000 46.560 
430.000 46.560 
431.000 46.560 
432.000 46.560 
433.000 46.560 
434.000 46.560 
435.000 46.560 
436.000 46.560 
437.000 46.620 
438.000 46.560 
439.000 46.620 
440.000 46.620 
441.000 46.620 
442.000 46.620 
443.000 46.680 
444.000 46.680 
445.000 46.680 
446.000 46.750 
447.000 46.750 
448.000 46.750 
449.000 46.810 
450.000 46.810 
451.000 46.810 
452.000 46.810 
453.000 46.750 
454.000 46.750 
455.000 46.750 
456.000 46.750 
457.000 46.810 
458.000 46.810 
459.000 46.810 
460.000 46.810 
461.000 46.750 
462.000 46.750 
463.000 46.750 
464.000 46.750 
465.000 46.750 
466.000 46.750 
467.000 46.750 
468.000 46.750 
469.000 46.750 
470.000 46.750 
471.000 46.750 
472.000 46.750 
473.000 46.750 
474.000 46.750 
475.000 46.750 
476.000 46.750 
477.000 46.750 
478.000 46.750 
479.000 46.750 
480.000 46.750 
481.000 46.750 
482.000 46.750 
483.000 46.750 
484.000 46.750 
485.000 46.750 
486.000 46.810 
487.000 46.810 
488.000 46.810 
489.000 46.810 
490.000 46.810 
491.000 46.810 
492.000 46.810 
493.000 46.810 
494.000 46.810 
495.000 46.810 
496.000 46.810 
497.000 46.810 
498.000 46.810 
499.000 46.810 
500.000 46.810 
501.000 46.810 
502.000 46.870 
503.000 46.870 
504.000 46.870 
505.000 46.930 
506.000 46.930 
507.000 46.930 
508.000 47.000 
509.000 47.000 
510.000 47.000 
511.000 47.000 
512.000 47.000 
513.000 47.000 
514.000 47.060 
515.000 47.060 
516.000 47.060 
517.000 47.060 
518.000 47.060 
519.000 47.060 
520.000 47.060 
521.000 47.060 
522.000 47.060 
523.000 47.060 
524.000 47.060 
525.000 47.060 
526.000 47.000 
527.000 47.000 
528.000 47.000 
529.000 47.000 
530.000 47.000 
531.000 46.930 
532.000 46.930 
533.000 46.930 
534.000 46.870 
535.000 46.810 
536.000 46.810 
537.000 46.810 
538.000 46.810 
539.000 46.810 
540.000 46.750 
541.000 46.750 
542.000 46.750 
543.000 46.750 
544.000 46.750 
545.000 46.750 
546.000 46.750 
547.000 46.750 
548.000 46.750 
549.000 46.750 
550.000 46.750 
551.000 46.750 
552.000 46.750 
553.000 46.750 
554.000 46.750 
555.000 46.750 
556.000 46.750 
557.000 46.750 
558.000 46.750 
559.000 46.750 
560.000 46.750 
561.000 46.750 
562.000 46.750 
563.000 46.750 
564.000 46.750 
565.000 46.750 
566.000 46.750 
567.000 46.810 
568.000 46.810 
569.000 46.810 
570.000 46.810 
571.000 46.870 
572.000 46.870 
573.000 46.870 
574.000 46.870 
575.000 46.930 
576.000 46.930 
577.000 46.930 
578.000 46.930 
579.000 46.930 
580.000 46.930 
581.000 47.000 
582.000 47.060 
583.000 47.060 
584.000 47.060 
585.000 47.060 
586.000 47.060 
587.000 47.060 
588.000 47.060 
589.000 47.060 
590.000 47.060 
591.000 47.060 
592.000 47.120 
593.000 47.120 
594.000 47.120 
595.000 47.120 
596.000 47.180 
597.000 47.180 
598.000 47.180 
599.000 47.180 
600.000 47.180 
601.000 47.180 
602.000 47.180 
603.000 47.180 
604.000 47.180 
605.000 47.180 
606.000 47.180 
607.000 47.180 
608.000 47.180 
609.000 47.180 
610.000 47.120 
611.000 47.120 
612.000 47.120 
613.000 47.120 
614.000 47.120 
615.000 47.060 
616.000 47.060 
617.000 47.000 
618.000 47.000 
619.000 47.000 
620.000 46.930 
621.000 46.930 
622.000 46.930 
623.000 46.930 
624.000 46.930 
625.000 46.930 
626.000 46.930 
627.000 46.930 
628.000 46.930 
629.000 46.930 
630.000 46.930 
631.000 47.000 
632.000 47.000 
633.000 47.000 
634.000 47.000 
635.000 47.000 
636.000 47.000 
637.000 47.000 
638.000 47.000 
639.000 47.000 
640.000 47.000 
641.000 47.000 
642.000 47.000 
643.000 47.000 
644.000 47.000 
645.000 47.000 
646.000 47.000 
647.000 47.000 
648.000 47.000 
649.000 47.000 
650.000 47.000 
651.000 47.000 
652.000 47.000 
653.000 47.000 
654.000 47.000 
655.000 47.000 
656.000 47.000 
657.000 47.000 
658.000 47.000 
659.000 47.000 
660.000 47.000 
661.000 47.000 
662.000 47.000 
663.000 47.000 
664.000 47.000 
665.000 47.000 
666.000 47.000 
667.000 47.000 
668.000 47.000 
669.000 47.000 
670.000 47.000 
671.000 47.000 
672.000 47.000 
673.000 47.000 
674.000 47.000 
675.000 47.000 
676.000 47.000 
677.000 46.930 
678.000 46.930 
679.000 46.930 
680.000 46.930 
681.000 46.930 
682.000 46.870 
683.000 46.870 
684.000 46.870 
685.000 46.870 
686.000 46.870 
687.000 46.870 
688.000 46.810 
689.000 46.870 
690.000 46.870 
691.000 46.870 
692.000 46.870 
693.000 46.930 
694.000 46.930 
695.000 46.930 
696.000 46.930 
697.000 46.930 
698.000 46.930 
699.000 46.930 
700.000 46.930 
701.000 46.930 
702.000 46.930 
703.000 46.930 
704.000 46.930 
705.000 46.930 
706.000 46.930 
707.000 46.930 
708.000 46.930 
709.000 46.870 
710.000 46.870 
711.000 46.870 
712.000 46.870 
713.000 46.870 
714.000 46.870 
715.000 46.810 
716.000 46.810 
717.000 46.810 
718.000 46.810 
719.000 46.810 
720.000 46.810 
721.000 46.810 
722.000 46.810 
723.000 46.810 
724.000 46.810 
725.000 46.810 
726.000 46.810 
727.000 46.810 
728.000 46.810 
729.000 46.810 
730.000 46.810 
731.000 46.810 
732.000 46.810 
733.000 46.870 
734.000 46.870 
735.000 46.870 
736.000 46.810 
737.000 46.870 
738.000 46.870 
739.000 46.870 
740.000 46.870 
