1.000 1.100 
2.000 1.100 
3.000 1.100 
4.000 1.100 
5.000 1.100 
6.000 1.100 
7.000 1.100 
8.000 1.100 
9.000 1.100 
10.000 1.100 
11.000 1.100 
12.000 1.100 
13.000 1.100 
14.000 1.100 
15.000 1.100 
16.000 1.100 
17.000 1.100 
18.000 1.100 
19.000 1.100 
20.000 1.100 
21.000 1.150 
22.000 1.136 
23.000 1.137 
24.000 1.138 
25.000 1.138 
26.000 1.139 
27.000 1.140 
28.000 1.140 
29.000 1.141 
30.000 1.142 
31.000 1.140 
32.000 1.137 
33.000 1.134 
34.000 1.131 
35.000 1.129 
36.000 1.126 
37.000 1.123 
38.000 1.120 
39.000 1.118 
40.000 1.115 
41.000 1.112 
42.000 1.110 
43.000 1.108 
44.000 1.106 
45.000 1.105 
46.000 1.104 
47.000 1.103 
48.000 1.102 
49.000 1.102 
50.000 1.102 
51.000 1.103 
52.000 1.103 
53.000 1.104 
54.000 1.105 
55.000 1.106 
56.000 1.108 
57.000 1.109 
58.000 1.110 
59.000 1.112 
60.000 1.113 
61.000 1.114 
62.000 1.116 
63.000 1.117 
64.000 1.118 
65.000 1.119 
66.000 1.120 
67.000 1.120 
68.000 1.121 
69.000 1.121 
70.000 1.121 
71.000 1.121 
72.000 1.121 
73.000 1.121 
74.000 1.121 
75.000 1.120 
76.000 1.120 
77.000 1.119 
78.000 1.119 
79.000 1.118 
80.000 1.117 
81.000 1.117 
82.000 1.116 
83.000 1.116 
84.000 1.115 
85.000 1.115 
86.000 1.114 
87.000 1.114 
88.000 1.113 
89.000 1.113 
90.000 1.113 
91.000 1.113 
92.000 1.113 
93.000 1.113 
94.000 1.113 
95.000 1.113 
96.000 1.113 
97.000 1.113 
98.000 1.114 
99.000 1.114 
100.000 1.114 
101.000 1.114 
102.000 1.115 
103.000 1.115 
104.000 1.115 
105.000 1.116 
106.000 1.116 
107.000 1.116 
108.000 1.116 
109.000 1.116 
110.000 1.117 
111.000 1.117 
112.000 1.117 
113.000 1.117 
114.000 1.117 
115.000 1.117 
116.000 1.117 
117.000 1.117 
118.000 1.117 
119.000 1.116 
120.000 1.116 
121.000 1.116 
122.000 1.116 
123.000 1.116 
124.000 1.116 
125.000 1.116 
126.000 1.116 
127.000 1.116 
128.000 1.115 
129.000 1.115 
130.000 1.115 
131.000 1.115 
132.000 1.115 
133.000 1.115 
134.000 1.115 
135.000 1.115 
136.000 1.115 
137.000 1.115 
138.000 1.115 
139.000 1.115 
140.000 1.115 
141.000 1.115 
142.000 1.115 
143.000 1.115 
144.000 1.115 
145.000 1.115 
146.000 1.116 
147.000 1.116 
148.000 1.116 
149.000 1.116 
150.000 1.116 
151.000 1.116 
152.000 1.116 
153.000 1.116 
154.000 1.116 
155.000 1.116 
156.000 1.116 
157.000 1.116 
158.000 1.116 
159.000 1.116 
160.000 1.116 
161.000 1.116 
162.000 1.116 
163.000 1.116 
164.000 1.116 
165.000 1.116 
166.000 1.116 
167.000 1.116 
168.000 1.116 
169.000 1.116 
170.000 1.116 
171.000 1.116 
172.000 1.116 
173.000 1.116 
174.000 1.116 
175.000 1.116 
176.000 1.116 
177.000 1.116 
178.000 1.116 
179.000 1.116 
180.000 1.116 
181.000 1.116 
182.000 1.116 
183.000 1.116 
184.000 1.116 
185.000 1.116 
186.000 1.116 
187.000 1.116 
188.000 1.116 
189.000 1.116 
190.000 1.116 
191.000 1.116 
192.000 1.116 
193.000 1.116 
194.000 1.116 
195.000 1.116 
196.000 1.116 
197.000 1.116 
198.000 1.116 
199.000 1.116 
200.000 1.116 
201.000 1.116 
202.000 1.116 
203.000 1.116 
204.000 1.116 
205.000 1.116 
206.000 1.116 
207.000 1.116 
208.000 1.116 
209.000 1.116 
210.000 1.116 
211.000 1.116 
212.000 1.116 
213.000 1.116 
214.000 1.116 
215.000 1.116 
216.000 1.116 
217.000 1.116 
218.000 1.116 
219.000 1.116 
220.000 1.116 
221.000 1.116 
222.000 1.116 
223.000 1.116 
224.000 1.116 
225.000 1.116 
226.000 1.116 
227.000 1.116 
228.000 1.116 
229.000 1.116 
230.000 1.116 
231.000 1.116 
232.000 1.116 
233.000 1.116 
234.000 1.116 
235.000 1.116 
236.000 1.116 
237.000 1.116 
238.000 1.116 
239.000 1.116 
240.000 1.116 
241.000 1.116 
242.000 1.116 
243.000 1.116 
244.000 1.116 
245.000 1.116 
246.000 1.116 
247.000 1.116 
248.000 1.116 
249.000 1.116 
250.000 1.116 
251.000 1.116 
252.000 1.116 
253.000 1.116 
254.000 1.116 
255.000 1.116 
256.000 1.116 
257.000 1.116 
258.000 1.116 
259.000 1.116 
260.000 1.116 
261.000 1.116 
262.000 1.116 
263.000 1.116 
264.000 1.116 
265.000 1.116 
266.000 1.116 
267.000 1.116 
268.000 1.116 
269.000 1.116 
270.000 1.116 
271.000 1.066 
272.000 1.044 
273.000 1.042 
274.000 1.041 
275.000 1.039 
276.000 1.038 
277.000 1.036 
278.000 1.035 
279.000 1.033 
280.000 1.032 
281.000 1.033 
282.000 1.037 
283.000 1.043 
284.000 1.048 
285.000 1.054 
286.000 1.059 
287.000 1.065 
288.000 1.071 
289.000 1.076 
290.000 1.082 
291.000 1.087 
292.000 1.093 
293.000 1.097 
294.000 1.101 
295.000 1.104 
296.000 1.107 
297.000 1.109 
298.000 1.110 
299.000 1.111 
300.000 1.111 
301.000 1.111 
302.000 1.110 
303.000 1.108 
304.000 1.107 
305.000 1.104 
306.000 1.102 
307.000 1.100 
308.000 1.097 
309.000 1.094 
310.000 1.091 
311.000 1.089 
312.000 1.086 
313.000 1.084 
314.000 1.081 
315.000 1.079 
316.000 1.078 
317.000 1.076 
318.000 1.075 
319.000 1.074 
320.000 1.074 
321.000 1.073 
322.000 1.073 
323.000 1.074 
324.000 1.074 
325.000 1.075 
326.000 1.076 
327.000 1.077 
328.000 1.078 
329.000 1.079 
330.000 1.080 
331.000 1.081 
332.000 1.082 
333.000 1.084 
334.000 1.085 
335.000 1.086 
336.000 1.087 
337.000 1.088 
338.000 1.088 
339.000 1.089 
340.000 1.089 
341.000 1.090 
342.000 1.090 
343.000 1.090 
344.000 1.090 
345.000 1.090 
346.000 1.090 
347.000 1.089 
348.000 1.089 
349.000 1.088 
350.000 1.088 
351.000 1.087 
352.000 1.087 
353.000 1.086 
354.000 1.086 
355.000 1.085 
356.000 1.084 
357.000 1.084 
358.000 1.084 
359.000 1.083 
360.000 1.083 
361.000 1.083 
362.000 1.082 
363.000 1.082 
364.000 1.082 
365.000 1.082 
366.000 1.082 
367.000 1.082 
368.000 1.082 
369.000 1.083 
370.000 1.083 
371.000 1.083 
372.000 1.083 
373.000 1.083 
374.000 1.084 
375.000 1.084 
376.000 1.084 
377.000 1.084 
378.000 1.085 
379.000 1.085 
380.000 1.085 
381.000 1.085 
382.000 1.085 
383.000 1.085 
384.000 1.086 
385.000 1.086 
386.000 1.086 
387.000 1.086 
388.000 1.086 
389.000 1.086 
390.000 1.085 
391.000 1.085 
392.000 1.085 
393.000 1.085 
394.000 1.085 
395.000 1.085 
396.000 1.085 
397.000 1.085 
398.000 1.085 
399.000 1.084 
400.000 1.084 
401.000 1.084 
402.000 1.084 
403.000 1.084 
404.000 1.084 
405.000 1.084 
406.000 1.084 
407.000 1.084 
408.000 1.084 
409.000 1.084 
410.000 1.084 
411.000 1.084 
412.000 1.084 
413.000 1.084 
414.000 1.084 
415.000 1.084 
416.000 1.084 
417.000 1.084 
418.000 1.084 
419.000 1.084 
420.000 1.084 
421.000 1.084 
422.000 1.084 
423.000 1.084 
424.000 1.085 
425.000 1.085 
426.000 1.085 
427.000 1.085 
428.000 1.085 
429.000 1.085 
430.000 1.085 
431.000 1.085 
432.000 1.085 
433.000 1.085 
434.000 1.085 
435.000 1.085 
436.000 1.084 
437.000 1.084 
438.000 1.084 
439.000 1.084 
440.000 1.084 
441.000 1.084 
442.000 1.084 
443.000 1.084 
444.000 1.084 
445.000 1.084 
446.000 1.084 
447.000 1.084 
448.000 1.084 
449.000 1.084 
450.000 1.084 
451.000 1.084 
452.000 1.084 
453.000 1.084 
454.000 1.084 
455.000 1.084 
456.000 1.084 
457.000 1.084 
458.000 1.084 
459.000 1.084 
460.000 1.084 
461.000 1.084 
462.000 1.084 
463.000 1.084 
464.000 1.084 
465.000 1.084 
466.000 1.084 
467.000 1.084 
468.000 1.084 
469.000 1.084 
470.000 1.084 
471.000 1.084 
472.000 1.084 
473.000 1.084 
474.000 1.084 
475.000 1.084 
476.000 1.084 
477.000 1.084 
478.000 1.084 
479.000 1.084 
480.000 1.084 
481.000 1.084 
482.000 1.084 
483.000 1.084 
484.000 1.084 
485.000 1.084 
486.000 1.084 
487.000 1.084 
488.000 1.084 
489.000 1.084 
490.000 1.084 
491.000 1.084 
492.000 1.084 
493.000 1.084 
494.000 1.084 
495.000 1.084 
496.000 1.084 
497.000 1.084 
498.000 1.084 
499.000 1.084 
500.000 1.084 
501.000 1.084 
502.000 1.084 
503.000 1.084 
504.000 1.084 
505.000 1.084 
506.000 1.084 
507.000 1.084 
508.000 1.084 
509.000 1.084 
510.000 1.084 
511.000 1.084 
512.000 1.084 
513.000 1.084 
514.000 1.084 
515.000 1.084 
516.000 1.084 
517.000 1.084 
518.000 1.084 
519.000 1.084 
520.000 1.084 
521.000 1.134 
522.000 1.184 
523.000 1.195 
524.000 1.197 
525.000 1.199 
526.000 1.201 
527.000 1.204 
528.000 1.206 
529.000 1.208 
530.000 1.210 
531.000 1.210 
532.000 1.205 
533.000 1.197 
534.000 1.189 
535.000 1.180 
536.000 1.172 
537.000 1.163 
538.000 1.155 
539.000 1.146 
540.000 1.138 
541.000 1.129 
542.000 1.122 
543.000 1.114 
544.000 1.108 
545.000 1.103 
546.000 1.099 
547.000 1.096 
548.000 1.093 
549.000 1.092 
550.000 1.091 
551.000 1.091 
552.000 1.093 
553.000 1.094 
554.000 1.097 
555.000 1.100 
556.000 1.104 
557.000 1.107 
558.000 1.111 
559.000 1.115 
560.000 1.120 
561.000 1.124 
562.000 1.128 
563.000 1.131 
564.000 1.135 
565.000 1.138 
566.000 1.141 
567.000 1.143 
568.000 1.145 
569.000 1.146 
570.000 1.147 
571.000 1.148 
572.000 1.148 
573.000 1.148 
574.000 1.147 
575.000 1.146 
576.000 1.145 
577.000 1.144 
578.000 1.142 
579.000 1.140 
580.000 1.139 
581.000 1.137 
582.000 1.135 
583.000 1.133 
584.000 1.131 
585.000 1.130 
586.000 1.128 
587.000 1.127 
588.000 1.126 
589.000 1.125 
590.000 1.124 
591.000 1.123 
592.000 1.123 
593.000 1.123 
594.000 1.123 
595.000 1.123 
596.000 1.123 
597.000 1.124 
598.000 1.124 
599.000 1.125 
600.000 1.126 
601.000 1.127 
602.000 1.128 
603.000 1.128 
604.000 1.129 
605.000 1.130 
606.000 1.131 
607.000 1.132 
608.000 1.132 
609.000 1.133 
610.000 1.133 
611.000 1.134 
612.000 1.134 
613.000 1.134 
614.000 1.135 
615.000 1.135 
616.000 1.135 
617.000 1.135 
618.000 1.134 
619.000 1.134 
620.000 1.134 
621.000 1.134 
622.000 1.133 
623.000 1.133 
624.000 1.132 
625.000 1.132 
626.000 1.132 
627.000 1.131 
628.000 1.131 
629.000 1.131 
630.000 1.130 
631.000 1.130 
632.000 1.130 
633.000 1.130 
634.000 1.130 
635.000 1.130 
636.000 1.130 
637.000 1.129 
638.000 1.130 
639.000 1.130 
640.000 1.130 
641.000 1.130 
642.000 1.130 
643.000 1.130 
644.000 1.130 
645.000 1.130 
646.000 1.131 
647.000 1.131 
648.000 1.131 
649.000 1.131 
650.000 1.131 
651.000 1.131 
652.000 1.132 
653.000 1.132 
654.000 1.132 
655.000 1.132 
656.000 1.132 
657.000 1.132 
658.000 1.132 
659.000 1.132 
660.000 1.132 
661.000 1.132 
662.000 1.132 
663.000 1.132 
664.000 1.132 
665.000 1.132 
666.000 1.132 
667.000 1.132 
668.000 1.132 
669.000 1.131 
670.000 1.131 
671.000 1.131 
672.000 1.131 
673.000 1.131 
674.000 1.131 
675.000 1.131 
676.000 1.131 
677.000 1.131 
678.000 1.131 
679.000 1.131 
680.000 1.131 
681.000 1.131 
682.000 1.131 
683.000 1.131 
684.000 1.131 
685.000 1.131 
686.000 1.131 
687.000 1.131 
688.000 1.131 
689.000 1.131 
690.000 1.131 
691.000 1.131 
692.000 1.131 
693.000 1.131 
694.000 1.131 
695.000 1.131 
696.000 1.131 
697.000 1.131 
698.000 1.132 
699.000 1.132 
700.000 1.132 
701.000 1.132 
702.000 1.132 
703.000 1.132 
704.000 1.132 
705.000 1.132 
706.000 1.132 
707.000 1.132 
708.000 1.131 
709.000 1.131 
710.000 1.131 
711.000 1.131 
712.000 1.131 
713.000 1.131 
714.000 1.131 
715.000 1.131 
716.000 1.131 
717.000 1.131 
718.000 1.131 
719.000 1.131 
720.000 1.131 
721.000 1.131 
722.000 1.131 
723.000 1.131 
724.000 1.131 
725.000 1.131 
726.000 1.131 
727.000 1.131 
728.000 1.131 
729.000 1.131 
730.000 1.131 
731.000 1.131 
732.000 1.131 
733.000 1.131 
734.000 1.131 
735.000 1.131 
736.000 1.131 
737.000 1.131 
738.000 1.131 
739.000 1.131 
740.000 1.131 
741.000 1.131 
742.000 1.131 
743.000 1.131 
744.000 1.131 
745.000 1.131 
746.000 1.131 
747.000 1.131 
748.000 1.131 
749.000 1.131 
750.000 1.131 
751.000 1.131 
752.000 1.131 
753.000 1.131 
754.000 1.131 
755.000 1.131 
756.000 1.131 
757.000 1.131 
758.000 1.131 
759.000 1.131 
760.000 1.131 
761.000 1.131 
762.000 1.131 
763.000 1.131 
764.000 1.131 
765.000 1.131 
766.000 1.131 
767.000 1.131 
768.000 1.131 
769.000 1.131 
770.000 1.131 
771.000 1.081 
772.000 1.031 
773.000 0.984 
774.000 0.981 
775.000 0.978 
776.000 0.975 
777.000 0.972 
778.000 0.970 
779.000 0.967 
780.000 0.964 
781.000 0.963 
782.000 0.968 
783.000 0.977 
784.000 0.988 
785.000 0.999 
786.000 1.010 
787.000 1.022 
788.000 1.033 
789.000 1.044 
790.000 1.056 
791.000 1.067 
792.000 1.078 
793.000 1.088 
794.000 1.097 
795.000 1.104 
796.000 1.110 
797.000 1.115 
798.000 1.119 
799.000 1.121 
800.000 1.122 
801.000 1.122 
802.000 1.121 
803.000 1.119 
804.000 1.116 
805.000 1.112 
806.000 1.108 
807.000 1.103 
808.000 1.097 
809.000 1.092 
810.000 1.086 
811.000 1.081 
812.000 1.075 
813.000 1.070 
814.000 1.065 
815.000 1.061 
816.000 1.057 
817.000 1.054 
818.000 1.051 
819.000 1.049 
820.000 1.047 
821.000 1.047 
822.000 1.046 
823.000 1.046 
824.000 1.047 
825.000 1.048 
826.000 1.049 
827.000 1.051 
828.000 1.053 
829.000 1.056 
830.000 1.058 
831.000 1.061 
832.000 1.063 
833.000 1.066 
834.000 1.068 
835.000 1.070 
836.000 1.072 
837.000 1.074 
838.000 1.076 
839.000 1.077 
840.000 1.078 
841.000 1.079 
842.000 1.080 
843.000 1.080 
844.000 1.080 
845.000 1.080 
846.000 1.080 
847.000 1.079 
848.000 1.078 
849.000 1.077 
850.000 1.076 
851.000 1.075 
852.000 1.074 
853.000 1.073 
854.000 1.072 
855.000 1.071 
856.000 1.070 
857.000 1.069 
858.000 1.068 
859.000 1.067 
860.000 1.066 
861.000 1.065 
862.000 1.065 
863.000 1.065 
864.000 1.064 
865.000 1.064 
866.000 1.064 
867.000 1.064 
868.000 1.064 
869.000 1.065 
870.000 1.065 
871.000 1.065 
872.000 1.066 
873.000 1.066 
874.000 1.067 
875.000 1.067 
876.000 1.068 
877.000 1.068 
878.000 1.069 
879.000 1.069 
880.000 1.070 
881.000 1.070 
882.000 1.070 
883.000 1.071 
884.000 1.071 
885.000 1.071 
886.000 1.071 
887.000 1.071 
888.000 1.071 
889.000 1.071 
890.000 1.071 
891.000 1.071 
892.000 1.071 
893.000 1.070 
894.000 1.070 
895.000 1.070 
896.000 1.070 
897.000 1.069 
898.000 1.069 
899.000 1.069 
900.000 1.069 
901.000 1.069 
902.000 1.068 
903.000 1.068 
904.000 1.068 
905.000 1.068 
906.000 1.068 
907.000 1.068 
908.000 1.068 
909.000 1.068 
910.000 1.068 
911.000 1.068 
912.000 1.068 
913.000 1.068 
914.000 1.068 
915.000 1.068 
916.000 1.068 
917.000 1.068 
918.000 1.068 
919.000 1.068 
920.000 1.069 
921.000 1.069 
922.000 1.069 
923.000 1.069 
924.000 1.069 
925.000 1.069 
926.000 1.069 
927.000 1.069 
928.000 1.069 
929.000 1.069 
930.000 1.069 
931.000 1.069 
932.000 1.069 
933.000 1.069 
934.000 1.069 
935.000 1.069 
936.000 1.069 
937.000 1.069 
938.000 1.069 
939.000 1.069 
940.000 1.069 
941.000 1.069 
942.000 1.069 
943.000 1.069 
944.000 1.069 
945.000 1.069 
946.000 1.069 
947.000 1.069 
948.000 1.068 
949.000 1.068 
950.000 1.068 
951.000 1.068 
952.000 1.068 
953.000 1.068 
954.000 1.068 
955.000 1.068 
956.000 1.068 
957.000 1.068 
958.000 1.068 
959.000 1.069 
960.000 1.069 
961.000 1.069 
962.000 1.069 
963.000 1.069 
964.000 1.069 
965.000 1.069 
966.000 1.069 
967.000 1.069 
968.000 1.069 
969.000 1.069 
970.000 1.069 
971.000 1.069 
972.000 1.069 
973.000 1.069 
974.000 1.069 
975.000 1.069 
976.000 1.069 
977.000 1.069 
978.000 1.069 
979.000 1.069 
980.000 1.069 
981.000 1.069 
982.000 1.069 
983.000 1.069 
984.000 1.069 
985.000 1.069 
986.000 1.069 
987.000 1.069 
988.000 1.069 
989.000 1.069 
990.000 1.069 
991.000 1.069 
992.000 1.069 
993.000 1.069 
994.000 1.069 
995.000 1.069 
996.000 1.069 
997.000 1.069 
998.000 1.069 
999.000 1.069 
1000.000 1.069 
1001.000 1.069 
1002.000 1.069 
1003.000 1.069 
1004.000 1.069 
1005.000 1.069 
1006.000 1.069 
1007.000 1.069 
1008.000 1.069 
1009.000 1.069 
1010.000 1.069 
1011.000 1.069 
1012.000 1.069 
1013.000 1.069 
1014.000 1.069 
1015.000 1.069 
1016.000 1.069 
1017.000 1.069 
1018.000 1.069 
1019.000 1.069 
1020.000 1.069 
1021.000 1.119 
1022.000 1.169 
1023.000 1.219 
1024.000 1.256 
1025.000 1.260 
1026.000 1.264 
1027.000 1.267 
1028.000 1.271 
1029.000 1.275 
1030.000 1.278 
1031.000 1.279 
1032.000 1.276 
1033.000 1.267 
1034.000 1.255 
1035.000 1.241 
1036.000 1.227 
1037.000 1.212 
1038.000 1.198 
1039.000 1.184 
1040.000 1.169 
1041.000 1.155 
1042.000 1.141 
1043.000 1.128 
1044.000 1.117 
1045.000 1.107 
1046.000 1.098 
1047.000 1.091 
1048.000 1.086 
1049.000 1.083 
1050.000 1.080 
1051.000 1.080 
1052.000 1.081 
1053.000 1.083 
1054.000 1.086 
1055.000 1.091 
1056.000 1.096 
1057.000 1.102 
1058.000 1.109 
1059.000 1.115 
1060.000 1.122 
1061.000 1.129 
1062.000 1.136 
1063.000 1.143 
1064.000 1.149 
1065.000 1.155 
1066.000 1.160 
1067.000 1.164 
1068.000 1.168 
1069.000 1.171 
1070.000 1.173 
1071.000 1.175 
1072.000 1.175 
1073.000 1.175 
1074.000 1.175 
1075.000 1.174 
1076.000 1.172 
1077.000 1.170 
1078.000 1.167 
1079.000 1.165 
1080.000 1.162 
1081.000 1.159 
1082.000 1.155 
1083.000 1.152 
1084.000 1.149 
1085.000 1.146 
1086.000 1.144 
1087.000 1.141 
1088.000 1.139 
1089.000 1.137 
1090.000 1.136 
1091.000 1.134 
1092.000 1.133 
1093.000 1.133 
1094.000 1.133 
1095.000 1.133 
1096.000 1.133 
1097.000 1.134 
1098.000 1.135 
1099.000 1.136 
1100.000 1.137 
1101.000 1.138 
1102.000 1.140 
1103.000 1.141 
1104.000 1.143 
1105.000 1.144 
1106.000 1.145 
1107.000 1.147 
1108.000 1.148 
1109.000 1.149 
1110.000 1.150 
1111.000 1.151 
1112.000 1.152 
1113.000 1.152 
1114.000 1.152 
1115.000 1.153 
1116.000 1.153 
1117.000 1.153 
1118.000 1.152 
1119.000 1.152 
1120.000 1.152 
1121.000 1.151 
1122.000 1.151 
1123.000 1.150 
1124.000 1.150 
1125.000 1.149 
1126.000 1.148 
1127.000 1.148 
1128.000 1.147 
1129.000 1.146 
1130.000 1.146 
1131.000 1.145 
1132.000 1.145 
1133.000 1.145 
1134.000 1.144 
1135.000 1.144 
1136.000 1.144 
1137.000 1.144 
1138.000 1.144 
1139.000 1.144 
1140.000 1.144 
1141.000 1.144 
1142.000 1.145 
1143.000 1.145 
1144.000 1.145 
1145.000 1.145 
1146.000 1.146 
1147.000 1.146 
1148.000 1.146 
1149.000 1.147 
1150.000 1.147 
1151.000 1.147 
1152.000 1.147 
1153.000 1.148 
1154.000 1.148 
1155.000 1.148 
1156.000 1.148 
1157.000 1.148 
1158.000 1.148 
1159.000 1.148 
1160.000 1.148 
1161.000 1.148 
1162.000 1.148 
1163.000 1.148 
1164.000 1.148 
1165.000 1.148 
1166.000 1.148 
1167.000 1.148 
1168.000 1.147 
1169.000 1.147 
1170.000 1.147 
1171.000 1.147 
1172.000 1.147 
1173.000 1.147 
1174.000 1.147 
1175.000 1.147 
1176.000 1.147 
1177.000 1.147 
1178.000 1.146 
1179.000 1.146 
1180.000 1.146 
1181.000 1.146 
1182.000 1.146 
1183.000 1.146 
1184.000 1.147 
1185.000 1.147 
1186.000 1.147 
1187.000 1.147 
1188.000 1.147 
1189.000 1.147 
1190.000 1.147 
1191.000 1.147 
1192.000 1.147 
1193.000 1.147 
1194.000 1.147 
1195.000 1.147 
1196.000 1.147 
1197.000 1.147 
1198.000 1.147 
1199.000 1.147 
1200.000 1.147 
1201.000 1.147 
1202.000 1.147 
1203.000 1.147 
1204.000 1.147 
1205.000 1.147 
1206.000 1.147 
1207.000 1.147 
1208.000 1.147 
1209.000 1.147 
1210.000 1.147 
1211.000 1.147 
1212.000 1.147 
1213.000 1.147 
1214.000 1.147 
1215.000 1.147 
1216.000 1.147 
1217.000 1.147 
1218.000 1.147 
1219.000 1.147 
1220.000 1.147 
1221.000 1.147 
1222.000 1.147 
1223.000 1.147 
1224.000 1.147 
1225.000 1.147 
1226.000 1.147 
1227.000 1.147 
1228.000 1.147 
1229.000 1.147 
1230.000 1.147 
1231.000 1.147 
1232.000 1.147 
1233.000 1.147 
1234.000 1.147 
1235.000 1.147 
1236.000 1.147 
1237.000 1.147 
1238.000 1.147 
1239.000 1.147 
1240.000 1.147 
1241.000 1.147 
1242.000 1.147 
1243.000 1.147 
1244.000 1.147 
1245.000 1.147 
1246.000 1.147 
1247.000 1.147 
1248.000 1.147 
1249.000 1.147 
1250.000 1.147 
1251.000 1.147 
1252.000 1.147 
1253.000 1.147 
1254.000 1.147 
1255.000 1.147 
1256.000 1.147 
1257.000 1.147 
1258.000 1.147 
1259.000 1.147 
1260.000 1.147 
1261.000 1.147 
1262.000 1.147 
1263.000 1.147 
1264.000 1.147 
1265.000 1.147 
1266.000 1.147 
1267.000 1.147 
1268.000 1.147 
1269.000 1.147 
1270.000 1.147 
