1.000 1.100 
2.000 1.100 
3.000 1.100 
4.000 1.100 
5.000 1.100 
6.000 1.100 
7.000 1.100 
8.000 1.100 
9.000 1.100 
10.000 1.100 
11.000 1.100 
12.000 1.100 
13.000 1.100 
14.000 1.100 
15.000 1.100 
16.000 1.100 
17.000 1.100 
18.000 1.100 
19.000 1.100 
20.000 1.100 
21.000 1.150 
22.000 1.131 
23.000 1.131 
24.000 1.131 
25.000 1.132 
26.000 1.132 
27.000 1.133 
28.000 1.133 
29.000 1.134 
30.000 1.134 
31.000 1.131 
32.000 1.126 
33.000 1.123 
34.000 1.121 
35.000 1.118 
36.000 1.115 
37.000 1.113 
38.000 1.111 
39.000 1.108 
40.000 1.106 
41.000 1.104 
42.000 1.103 
43.000 1.102 
44.000 1.102 
45.000 1.102 
46.000 1.103 
47.000 1.103 
48.000 1.104 
49.000 1.106 
50.000 1.107 
51.000 1.108 
52.000 1.110 
53.000 1.112 
54.000 1.113 
55.000 1.115 
56.000 1.116 
57.000 1.117 
58.000 1.118 
59.000 1.119 
60.000 1.120 
61.000 1.120 
62.000 1.120 
63.000 1.120 
64.000 1.120 
65.000 1.120 
66.000 1.119 
67.000 1.119 
68.000 1.118 
69.000 1.117 
70.000 1.116 
71.000 1.115 
72.000 1.114 
73.000 1.114 
74.000 1.113 
75.000 1.112 
76.000 1.112 
77.000 1.111 
78.000 1.111 
79.000 1.111 
80.000 1.111 
81.000 1.111 
82.000 1.111 
83.000 1.111 
84.000 1.112 
85.000 1.112 
86.000 1.113 
87.000 1.113 
88.000 1.114 
89.000 1.114 
90.000 1.115 
91.000 1.115 
92.000 1.115 
93.000 1.116 
94.000 1.116 
95.000 1.116 
96.000 1.116 
97.000 1.117 
98.000 1.117 
99.000 1.117 
100.000 1.116 
101.000 1.116 
102.000 1.116 
103.000 1.116 
104.000 1.116 
105.000 1.115 
106.000 1.115 
107.000 1.115 
108.000 1.115 
109.000 1.114 
110.000 1.114 
111.000 1.114 
112.000 1.114 
113.000 1.114 
114.000 1.114 
115.000 1.114 
116.000 1.114 
117.000 1.114 
118.000 1.114 
119.000 1.114 
120.000 1.114 
121.000 1.114 
122.000 1.114 
123.000 1.115 
124.000 1.115 
125.000 1.115 
126.000 1.115 
127.000 1.115 
128.000 1.115 
129.000 1.115 
130.000 1.115 
131.000 1.115 
132.000 1.116 
133.000 1.116 
134.000 1.116 
135.000 1.116 
136.000 1.116 
137.000 1.115 
138.000 1.115 
139.000 1.115 
140.000 1.115 
141.000 1.115 
142.000 1.115 
143.000 1.115 
144.000 1.115 
145.000 1.115 
146.000 1.115 
147.000 1.115 
148.000 1.115 
149.000 1.115 
150.000 1.115 
151.000 1.115 
152.000 1.115 
153.000 1.115 
154.000 1.115 
155.000 1.115 
156.000 1.115 
157.000 1.115 
158.000 1.115 
159.000 1.115 
160.000 1.115 
161.000 1.115 
162.000 1.115 
163.000 1.115 
164.000 1.115 
165.000 1.115 
166.000 1.115 
167.000 1.115 
168.000 1.115 
169.000 1.115 
170.000 1.115 
171.000 1.115 
172.000 1.115 
173.000 1.115 
174.000 1.115 
175.000 1.115 
176.000 1.115 
177.000 1.115 
178.000 1.115 
179.000 1.115 
180.000 1.115 
181.000 1.115 
182.000 1.115 
183.000 1.115 
184.000 1.115 
185.000 1.115 
186.000 1.115 
187.000 1.115 
188.000 1.115 
189.000 1.115 
190.000 1.115 
191.000 1.115 
192.000 1.115 
193.000 1.115 
194.000 1.115 
195.000 1.115 
196.000 1.115 
197.000 1.115 
198.000 1.115 
199.000 1.115 
200.000 1.115 
201.000 1.115 
202.000 1.115 
203.000 1.115 
204.000 1.115 
205.000 1.115 
206.000 1.115 
207.000 1.115 
208.000 1.115 
209.000 1.115 
210.000 1.115 
211.000 1.115 
212.000 1.115 
213.000 1.115 
214.000 1.115 
215.000 1.115 
216.000 1.115 
217.000 1.115 
218.000 1.115 
219.000 1.115 
220.000 1.115 
221.000 1.115 
222.000 1.115 
223.000 1.115 
224.000 1.115 
225.000 1.115 
226.000 1.115 
227.000 1.115 
228.000 1.115 
229.000 1.115 
230.000 1.115 
231.000 1.115 
232.000 1.115 
233.000 1.115 
234.000 1.116 
235.000 1.116 
236.000 1.116 
237.000 1.116 
238.000 1.116 
239.000 1.116 
240.000 1.116 
241.000 1.116 
242.000 1.116 
243.000 1.116 
244.000 1.116 
245.000 1.116 
246.000 1.116 
247.000 1.116 
248.000 1.116 
249.000 1.116 
250.000 1.116 
251.000 1.116 
252.000 1.116 
253.000 1.116 
254.000 1.116 
255.000 1.116 
256.000 1.116 
257.000 1.116 
258.000 1.116 
259.000 1.116 
260.000 1.116 
261.000 1.116 
262.000 1.116 
263.000 1.116 
264.000 1.116 
265.000 1.116 
266.000 1.116 
267.000 1.116 
268.000 1.116 
269.000 1.116 
270.000 1.116 
271.000 1.066 
272.000 1.054 
273.000 1.054 
274.000 1.053 
275.000 1.052 
276.000 1.051 
277.000 1.050 
278.000 1.049 
279.000 1.049 
280.000 1.048 
281.000 1.050 
282.000 1.056 
283.000 1.063 
284.000 1.069 
285.000 1.075 
286.000 1.080 
287.000 1.085 
288.000 1.090 
289.000 1.095 
290.000 1.100 
291.000 1.104 
292.000 1.107 
293.000 1.109 
294.000 1.111 
295.000 1.111 
296.000 1.111 
297.000 1.110 
298.000 1.108 
299.000 1.106 
300.000 1.104 
301.000 1.101 
302.000 1.098 
303.000 1.095 
304.000 1.092 
305.000 1.088 
306.000 1.085 
307.000 1.083 
308.000 1.080 
309.000 1.078 
310.000 1.077 
311.000 1.076 
312.000 1.075 
313.000 1.075 
314.000 1.075 
315.000 1.075 
316.000 1.076 
317.000 1.077 
318.000 1.079 
319.000 1.080 
320.000 1.082 
321.000 1.084 
322.000 1.085 
323.000 1.087 
324.000 1.088 
325.000 1.090 
326.000 1.091 
327.000 1.092 
328.000 1.093 
329.000 1.093 
330.000 1.094 
331.000 1.094 
332.000 1.093 
333.000 1.093 
334.000 1.093 
335.000 1.092 
336.000 1.091 
337.000 1.090 
338.000 1.089 
339.000 1.088 
340.000 1.087 
341.000 1.086 
342.000 1.085 
343.000 1.085 
344.000 1.084 
345.000 1.083 
346.000 1.083 
347.000 1.083 
348.000 1.083 
349.000 1.083 
350.000 1.083 
351.000 1.083 
352.000 1.083 
353.000 1.083 
354.000 1.084 
355.000 1.084 
356.000 1.085 
357.000 1.085 
358.000 1.086 
359.000 1.086 
360.000 1.087 
361.000 1.087 
362.000 1.087 
363.000 1.088 
364.000 1.088 
365.000 1.088 
366.000 1.088 
367.000 1.088 
368.000 1.088 
369.000 1.088 
370.000 1.088 
371.000 1.087 
372.000 1.087 
373.000 1.087 
374.000 1.086 
375.000 1.086 
376.000 1.086 
377.000 1.086 
378.000 1.085 
379.000 1.085 
380.000 1.085 
381.000 1.085 
382.000 1.085 
383.000 1.085 
384.000 1.085 
385.000 1.085 
386.000 1.085 
387.000 1.085 
388.000 1.085 
389.000 1.085 
390.000 1.085 
391.000 1.085 
392.000 1.085 
393.000 1.085 
394.000 1.085 
395.000 1.086 
396.000 1.086 
397.000 1.086 
398.000 1.086 
399.000 1.086 
400.000 1.086 
401.000 1.086 
402.000 1.086 
403.000 1.086 
404.000 1.086 
405.000 1.086 
406.000 1.086 
407.000 1.086 
408.000 1.086 
409.000 1.086 
410.000 1.085 
411.000 1.085 
412.000 1.085 
413.000 1.085 
414.000 1.085 
415.000 1.085 
416.000 1.085 
417.000 1.085 
418.000 1.085 
419.000 1.085 
420.000 1.085 
421.000 1.085 
422.000 1.085 
423.000 1.085 
424.000 1.085 
425.000 1.085 
426.000 1.085 
427.000 1.085 
428.000 1.085 
429.000 1.085 
430.000 1.085 
431.000 1.085 
432.000 1.085 
433.000 1.085 
434.000 1.085 
435.000 1.085 
436.000 1.085 
437.000 1.085 
438.000 1.085 
439.000 1.085 
440.000 1.085 
441.000 1.085 
442.000 1.085 
443.000 1.085 
444.000 1.085 
445.000 1.085 
446.000 1.085 
447.000 1.085 
448.000 1.085 
449.000 1.085 
450.000 1.085 
451.000 1.085 
452.000 1.085 
453.000 1.085 
454.000 1.085 
455.000 1.085 
456.000 1.085 
457.000 1.085 
458.000 1.085 
459.000 1.085 
460.000 1.085 
461.000 1.085 
462.000 1.085 
463.000 1.085 
464.000 1.085 
465.000 1.085 
466.000 1.085 
467.000 1.085 
468.000 1.085 
469.000 1.085 
470.000 1.085 
471.000 1.085 
472.000 1.085 
473.000 1.085 
474.000 1.085 
475.000 1.085 
476.000 1.085 
477.000 1.085 
478.000 1.085 
479.000 1.085 
480.000 1.085 
481.000 1.085 
482.000 1.085 
483.000 1.085 
484.000 1.085 
485.000 1.085 
486.000 1.085 
487.000 1.085 
488.000 1.085 
489.000 1.085 
490.000 1.085 
491.000 1.085 
492.000 1.085 
493.000 1.085 
494.000 1.085 
495.000 1.085 
496.000 1.085 
497.000 1.085 
498.000 1.085 
499.000 1.085 
500.000 1.085 
501.000 1.085 
502.000 1.085 
503.000 1.085 
504.000 1.085 
505.000 1.085 
506.000 1.085 
507.000 1.085 
508.000 1.085 
509.000 1.085 
510.000 1.085 
511.000 1.085 
512.000 1.085 
513.000 1.085 
514.000 1.085 
515.000 1.085 
516.000 1.085 
517.000 1.085 
518.000 1.085 
519.000 1.085 
520.000 1.085 
521.000 1.135 
522.000 1.176 
523.000 1.178 
524.000 1.179 
525.000 1.180 
526.000 1.181 
527.000 1.183 
528.000 1.184 
529.000 1.185 
530.000 1.186 
531.000 1.184 
532.000 1.177 
533.000 1.167 
534.000 1.157 
535.000 1.148 
536.000 1.140 
537.000 1.132 
538.000 1.125 
539.000 1.117 
540.000 1.110 
541.000 1.104 
542.000 1.099 
543.000 1.095 
544.000 1.093 
545.000 1.092 
546.000 1.092 
547.000 1.093 
548.000 1.095 
549.000 1.098 
550.000 1.101 
551.000 1.105 
552.000 1.110 
553.000 1.114 
554.000 1.119 
555.000 1.124 
556.000 1.129 
557.000 1.133 
558.000 1.136 
559.000 1.140 
560.000 1.142 
561.000 1.144 
562.000 1.145 
563.000 1.146 
564.000 1.146 
565.000 1.145 
566.000 1.144 
567.000 1.143 
568.000 1.141 
569.000 1.138 
570.000 1.136 
571.000 1.133 
572.000 1.131 
573.000 1.128 
574.000 1.126 
575.000 1.124 
576.000 1.122 
577.000 1.120 
578.000 1.119 
579.000 1.118 
580.000 1.118 
581.000 1.117 
582.000 1.118 
583.000 1.118 
584.000 1.119 
585.000 1.120 
586.000 1.121 
587.000 1.122 
588.000 1.124 
589.000 1.125 
590.000 1.127 
591.000 1.128 
592.000 1.129 
593.000 1.131 
594.000 1.132 
595.000 1.133 
596.000 1.133 
597.000 1.134 
598.000 1.134 
599.000 1.134 
600.000 1.134 
601.000 1.134 
602.000 1.133 
603.000 1.133 
604.000 1.132 
605.000 1.132 
606.000 1.131 
607.000 1.130 
608.000 1.129 
609.000 1.129 
610.000 1.128 
611.000 1.127 
612.000 1.127 
613.000 1.127 
614.000 1.126 
615.000 1.126 
616.000 1.126 
617.000 1.126 
618.000 1.126 
619.000 1.126 
620.000 1.127 
621.000 1.127 
622.000 1.127 
623.000 1.128 
624.000 1.128 
625.000 1.129 
626.000 1.129 
627.000 1.129 
628.000 1.130 
629.000 1.130 
630.000 1.131 
631.000 1.131 
632.000 1.131 
633.000 1.131 
634.000 1.131 
635.000 1.131 
636.000 1.131 
637.000 1.131 
638.000 1.131 
639.000 1.131 
640.000 1.131 
641.000 1.130 
642.000 1.130 
643.000 1.130 
644.000 1.130 
645.000 1.130 
646.000 1.129 
647.000 1.129 
648.000 1.129 
649.000 1.129 
650.000 1.129 
651.000 1.129 
652.000 1.129 
653.000 1.129 
654.000 1.129 
655.000 1.129 
656.000 1.129 
657.000 1.129 
658.000 1.129 
659.000 1.130 
660.000 1.130 
661.000 1.130 
662.000 1.130 
663.000 1.130 
664.000 1.130 
665.000 1.130 
666.000 1.130 
667.000 1.131 
668.000 1.131 
669.000 1.131 
670.000 1.131 
671.000 1.131 
672.000 1.131 
673.000 1.131 
674.000 1.131 
675.000 1.131 
676.000 1.130 
677.000 1.130 
678.000 1.130 
679.000 1.130 
680.000 1.130 
681.000 1.130 
682.000 1.130 
683.000 1.130 
684.000 1.130 
685.000 1.130 
686.000 1.130 
687.000 1.130 
688.000 1.130 
689.000 1.130 
690.000 1.130 
691.000 1.130 
692.000 1.130 
693.000 1.130 
694.000 1.130 
695.000 1.130 
696.000 1.130 
697.000 1.130 
698.000 1.131 
699.000 1.131 
700.000 1.131 
701.000 1.131 
702.000 1.131 
703.000 1.131 
704.000 1.131 
705.000 1.131 
706.000 1.131 
707.000 1.131 
708.000 1.131 
709.000 1.131 
710.000 1.131 
711.000 1.131 
712.000 1.131 
713.000 1.131 
714.000 1.131 
715.000 1.131 
716.000 1.131 
717.000 1.131 
718.000 1.131 
719.000 1.131 
720.000 1.131 
721.000 1.131 
722.000 1.131 
723.000 1.131 
724.000 1.131 
725.000 1.131 
726.000 1.131 
727.000 1.131 
728.000 1.131 
729.000 1.131 
730.000 1.131 
731.000 1.131 
732.000 1.131 
733.000 1.131 
734.000 1.131 
735.000 1.131 
736.000 1.131 
737.000 1.131 
738.000 1.131 
739.000 1.131 
740.000 1.131 
741.000 1.131 
742.000 1.131 
743.000 1.131 
744.000 1.131 
745.000 1.131 
746.000 1.131 
747.000 1.131 
748.000 1.131 
749.000 1.131 
750.000 1.131 
751.000 1.131 
752.000 1.131 
753.000 1.131 
754.000 1.131 
755.000 1.131 
756.000 1.131 
757.000 1.131 
758.000 1.131 
759.000 1.131 
760.000 1.131 
761.000 1.131 
762.000 1.131 
763.000 1.131 
764.000 1.131 
765.000 1.131 
766.000 1.131 
767.000 1.131 
768.000 1.131 
769.000 1.131 
770.000 1.131 
771.000 1.081 
772.000 1.031 
773.000 1.007 
774.000 1.005 
775.000 1.004 
776.000 1.002 
777.000 1.000 
778.000 0.999 
779.000 0.997 
780.000 0.995 
781.000 0.997 
782.000 1.005 
783.000 1.017 
784.000 1.030 
785.000 1.042 
786.000 1.053 
787.000 1.064 
788.000 1.074 
789.000 1.084 
790.000 1.093 
791.000 1.102 
792.000 1.110 
793.000 1.116 
794.000 1.119 
795.000 1.121 
796.000 1.122 
797.000 1.121 
798.000 1.118 
799.000 1.115 
800.000 1.111 
801.000 1.105 
802.000 1.100 
803.000 1.093 
804.000 1.087 
805.000 1.080 
806.000 1.074 
807.000 1.068 
808.000 1.063 
809.000 1.059 
810.000 1.055 
811.000 1.052 
812.000 1.050 
813.000 1.049 
814.000 1.049 
815.000 1.050 
816.000 1.051 
817.000 1.053 
818.000 1.055 
819.000 1.058 
820.000 1.061 
821.000 1.065 
822.000 1.068 
823.000 1.071 
824.000 1.075 
825.000 1.078 
826.000 1.080 
827.000 1.083 
828.000 1.084 
829.000 1.086 
830.000 1.087 
831.000 1.087 
832.000 1.087 
833.000 1.086 
834.000 1.086 
835.000 1.084 
836.000 1.083 
837.000 1.081 
838.000 1.079 
839.000 1.077 
840.000 1.075 
841.000 1.074 
842.000 1.072 
843.000 1.070 
844.000 1.069 
845.000 1.067 
846.000 1.066 
847.000 1.066 
848.000 1.065 
849.000 1.065 
850.000 1.065 
851.000 1.065 
852.000 1.066 
853.000 1.066 
854.000 1.067 
855.000 1.068 
856.000 1.069 
857.000 1.070 
858.000 1.071 
859.000 1.072 
860.000 1.073 
861.000 1.074 
862.000 1.074 
863.000 1.075 
864.000 1.075 
865.000 1.076 
866.000 1.076 
867.000 1.076 
868.000 1.076 
869.000 1.075 
870.000 1.075 
871.000 1.075 
872.000 1.074 
873.000 1.074 
874.000 1.073 
875.000 1.073 
876.000 1.072 
877.000 1.071 
878.000 1.071 
879.000 1.070 
880.000 1.070 
881.000 1.070 
882.000 1.069 
883.000 1.069 
884.000 1.069 
885.000 1.069 
886.000 1.069 
887.000 1.069 
888.000 1.069 
889.000 1.069 
890.000 1.070 
891.000 1.070 
892.000 1.070 
893.000 1.070 
894.000 1.071 
895.000 1.071 
896.000 1.071 
897.000 1.071 
898.000 1.072 
899.000 1.072 
900.000 1.072 
901.000 1.072 
902.000 1.072 
903.000 1.072 
904.000 1.072 
905.000 1.072 
906.000 1.072 
907.000 1.071 
908.000 1.071 
909.000 1.071 
910.000 1.071 
911.000 1.071 
912.000 1.071 
913.000 1.070 
914.000 1.070 
915.000 1.070 
916.000 1.070 
917.000 1.070 
918.000 1.070 
919.000 1.070 
920.000 1.070 
921.000 1.070 
922.000 1.070 
923.000 1.070 
924.000 1.070 
925.000 1.070 
926.000 1.070 
927.000 1.070 
928.000 1.070 
929.000 1.070 
930.000 1.070 
931.000 1.070 
932.000 1.070 
933.000 1.070 
934.000 1.070 
935.000 1.070 
936.000 1.070 
937.000 1.070 
938.000 1.070 
939.000 1.070 
940.000 1.070 
941.000 1.070 
942.000 1.070 
943.000 1.070 
944.000 1.070 
945.000 1.070 
946.000 1.070 
947.000 1.070 
948.000 1.070 
949.000 1.070 
950.000 1.070 
951.000 1.070 
952.000 1.070 
953.000 1.070 
954.000 1.070 
955.000 1.070 
956.000 1.069 
957.000 1.069 
958.000 1.069 
959.000 1.069 
960.000 1.069 
961.000 1.070 
962.000 1.070 
963.000 1.070 
964.000 1.070 
965.000 1.070 
966.000 1.070 
967.000 1.070 
968.000 1.070 
969.000 1.070 
970.000 1.070 
971.000 1.070 
972.000 1.070 
973.000 1.070 
974.000 1.070 
975.000 1.070 
976.000 1.070 
977.000 1.070 
978.000 1.070 
979.000 1.069 
980.000 1.069 
981.000 1.069 
982.000 1.069 
983.000 1.069 
984.000 1.069 
985.000 1.069 
986.000 1.069 
987.000 1.069 
988.000 1.069 
989.000 1.069 
990.000 1.069 
991.000 1.069 
992.000 1.069 
993.000 1.069 
994.000 1.069 
995.000 1.069 
996.000 1.069 
997.000 1.069 
998.000 1.069 
999.000 1.069 
1000.000 1.069 
1001.000 1.069 
1002.000 1.069 
1003.000 1.069 
1004.000 1.069 
1005.000 1.069 
1006.000 1.069 
1007.000 1.069 
1008.000 1.069 
1009.000 1.069 
1010.000 1.069 
1011.000 1.069 
1012.000 1.069 
1013.000 1.069 
1014.000 1.069 
1015.000 1.069 
1016.000 1.069 
1017.000 1.069 
1018.000 1.069 
1019.000 1.069 
1020.000 1.069 
1021.000 1.119 
1022.000 1.169 
1023.000 1.219 
1024.000 1.226 
1025.000 1.228 
1026.000 1.231 
1027.000 1.233 
1028.000 1.235 
1029.000 1.237 
1030.000 1.239 
1031.000 1.238 
1032.000 1.230 
1033.000 1.217 
1034.000 1.201 
1035.000 1.185 
1036.000 1.171 
1037.000 1.157 
1038.000 1.144 
1039.000 1.131 
1040.000 1.119 
1041.000 1.108 
1042.000 1.098 
1043.000 1.091 
1044.000 1.085 
1045.000 1.082 
1046.000 1.081 
1047.000 1.082 
1048.000 1.084 
1049.000 1.088 
1050.000 1.093 
1051.000 1.099 
1052.000 1.106 
1053.000 1.114 
1054.000 1.122 
1055.000 1.130 
1056.000 1.138 
1057.000 1.146 
1058.000 1.152 
1059.000 1.158 
1060.000 1.163 
1061.000 1.167 
1062.000 1.170 
1063.000 1.171 
1064.000 1.172 
1065.000 1.171 
1066.000 1.170 
1067.000 1.168 
1068.000 1.165 
1069.000 1.161 
1070.000 1.158 
1071.000 1.153 
1072.000 1.149 
1073.000 1.145 
1074.000 1.141 
1075.000 1.137 
1076.000 1.133 
1077.000 1.131 
1078.000 1.128 
1079.000 1.126 
1080.000 1.125 
1081.000 1.124 
1082.000 1.124 
1083.000 1.125 
1084.000 1.126 
1085.000 1.127 
1086.000 1.129 
1087.000 1.131 
1088.000 1.133 
1089.000 1.136 
1090.000 1.138 
1091.000 1.140 
1092.000 1.143 
1093.000 1.145 
1094.000 1.147 
1095.000 1.148 
1096.000 1.150 
1097.000 1.151 
1098.000 1.151 
1099.000 1.152 
1100.000 1.152 
1101.000 1.152 
1102.000 1.151 
1103.000 1.150 
1104.000 1.150 
1105.000 1.148 
1106.000 1.147 
1107.000 1.146 
1108.000 1.145 
1109.000 1.144 
1110.000 1.142 
1111.000 1.141 
1112.000 1.140 
1113.000 1.140 
1114.000 1.139 
1115.000 1.139 
1116.000 1.138 
1117.000 1.138 
1118.000 1.138 
1119.000 1.138 
1120.000 1.139 
1121.000 1.139 
1122.000 1.140 
1123.000 1.141 
1124.000 1.141 
1125.000 1.142 
1126.000 1.143 
1127.000 1.144 
1128.000 1.144 
1129.000 1.145 
1130.000 1.145 
1131.000 1.146 
1132.000 1.146 
1133.000 1.147 
1134.000 1.147 
1135.000 1.147 
1136.000 1.147 
1137.000 1.147 
1138.000 1.147 
1139.000 1.146 
1140.000 1.146 
1141.000 1.146 
1142.000 1.145 
1143.000 1.145 
1144.000 1.145 
1145.000 1.144 
1146.000 1.144 
1147.000 1.144 
1148.000 1.144 
1149.000 1.143 
1150.000 1.143 
1151.000 1.143 
1152.000 1.143 
1153.000 1.143 
1154.000 1.143 
1155.000 1.143 
1156.000 1.143 
1157.000 1.144 
1158.000 1.144 
1159.000 1.144 
1160.000 1.144 
1161.000 1.144 
1162.000 1.145 
1163.000 1.145 
1164.000 1.145 
1165.000 1.145 
1166.000 1.146 
1167.000 1.146 
1168.000 1.146 
1169.000 1.146 
1170.000 1.146 
1171.000 1.146 
1172.000 1.146 
1173.000 1.146 
1174.000 1.146 
1175.000 1.146 
1176.000 1.146 
1177.000 1.146 
1178.000 1.146 
1179.000 1.145 
1180.000 1.145 
1181.000 1.145 
1182.000 1.145 
1183.000 1.145 
1184.000 1.145 
1185.000 1.145 
1186.000 1.145 
1187.000 1.145 
1188.000 1.145 
1189.000 1.145 
1190.000 1.145 
1191.000 1.145 
1192.000 1.145 
1193.000 1.145 
1194.000 1.145 
1195.000 1.145 
1196.000 1.145 
1197.000 1.146 
1198.000 1.146 
1199.000 1.146 
1200.000 1.146 
1201.000 1.146 
1202.000 1.146 
1203.000 1.146 
1204.000 1.146 
1205.000 1.146 
1206.000 1.146 
1207.000 1.146 
1208.000 1.146 
1209.000 1.146 
1210.000 1.146 
1211.000 1.146 
1212.000 1.146 
1213.000 1.146 
1214.000 1.146 
1215.000 1.146 
1216.000 1.146 
1217.000 1.146 
1218.000 1.146 
1219.000 1.146 
1220.000 1.146 
1221.000 1.146 
1222.000 1.146 
1223.000 1.146 
1224.000 1.146 
1225.000 1.146 
1226.000 1.146 
1227.000 1.146 
1228.000 1.146 
1229.000 1.146 
1230.000 1.146 
1231.000 1.146 
1232.000 1.146 
1233.000 1.146 
1234.000 1.146 
1235.000 1.146 
1236.000 1.146 
1237.000 1.146 
1238.000 1.146 
1239.000 1.146 
1240.000 1.146 
1241.000 1.146 
1242.000 1.146 
1243.000 1.146 
1244.000 1.146 
1245.000 1.146 
1246.000 1.146 
1247.000 1.146 
1248.000 1.146 
1249.000 1.146 
1250.000 1.146 
1251.000 1.146 
1252.000 1.146 
1253.000 1.146 
1254.000 1.146 
1255.000 1.146 
1256.000 1.146 
1257.000 1.146 
1258.000 1.146 
1259.000 1.146 
1260.000 1.146 
1261.000 1.146 
1262.000 1.146 
1263.000 1.146 
1264.000 1.146 
1265.000 1.146 
1266.000 1.146 
1267.000 1.146 
1268.000 1.146 
1269.000 1.146 
1270.000 1.147 
