1.000 1.100 
2.000 1.100 
3.000 1.100 
4.000 1.100 
5.000 1.100 
6.000 1.100 
7.000 1.100 
8.000 1.100 
9.000 1.100 
10.000 1.100 
11.000 1.100 
12.000 1.100 
13.000 1.100 
14.000 1.100 
15.000 1.100 
16.000 1.100 
17.000 1.100 
18.000 1.100 
19.000 1.100 
20.000 1.100 
21.000 1.150 
22.000 1.131 
23.000 1.131 
24.000 1.131 
25.000 1.132 
26.000 1.132 
27.000 1.133 
28.000 1.133 
29.000 1.134 
30.000 1.134 
31.000 1.133 
32.000 1.132 
33.000 1.131 
34.000 1.130 
35.000 1.129 
36.000 1.127 
37.000 1.126 
38.000 1.124 
39.000 1.122 
40.000 1.121 
41.000 1.119 
42.000 1.117 
43.000 1.116 
44.000 1.114 
45.000 1.113 
46.000 1.111 
47.000 1.110 
48.000 1.109 
49.000 1.108 
50.000 1.107 
51.000 1.106 
52.000 1.105 
53.000 1.105 
54.000 1.104 
55.000 1.104 
56.000 1.104 
57.000 1.104 
58.000 1.104 
59.000 1.104 
60.000 1.104 
61.000 1.105 
62.000 1.105 
63.000 1.106 
64.000 1.107 
65.000 1.107 
66.000 1.108 
67.000 1.109 
68.000 1.110 
69.000 1.111 
70.000 1.111 
71.000 1.112 
72.000 1.113 
73.000 1.114 
74.000 1.115 
75.000 1.115 
76.000 1.116 
77.000 1.116 
78.000 1.117 
79.000 1.117 
80.000 1.118 
81.000 1.118 
82.000 1.118 
83.000 1.118 
84.000 1.119 
85.000 1.119 
86.000 1.119 
87.000 1.119 
88.000 1.118 
89.000 1.118 
90.000 1.118 
91.000 1.118 
92.000 1.118 
93.000 1.117 
94.000 1.117 
95.000 1.117 
96.000 1.116 
97.000 1.116 
98.000 1.116 
99.000 1.115 
100.000 1.115 
101.000 1.115 
102.000 1.114 
103.000 1.114 
104.000 1.114 
105.000 1.113 
106.000 1.113 
107.000 1.113 
108.000 1.113 
109.000 1.113 
110.000 1.113 
111.000 1.112 
112.000 1.112 
113.000 1.112 
114.000 1.112 
115.000 1.112 
116.000 1.113 
117.000 1.113 
118.000 1.113 
119.000 1.113 
120.000 1.113 
121.000 1.113 
122.000 1.113 
123.000 1.113 
124.000 1.114 
125.000 1.114 
126.000 1.114 
127.000 1.114 
128.000 1.114 
129.000 1.115 
130.000 1.115 
131.000 1.115 
132.000 1.115 
133.000 1.115 
134.000 1.115 
135.000 1.115 
136.000 1.115 
137.000 1.116 
138.000 1.116 
139.000 1.116 
140.000 1.116 
141.000 1.116 
142.000 1.116 
143.000 1.116 
144.000 1.116 
145.000 1.116 
146.000 1.116 
147.000 1.116 
148.000 1.116 
149.000 1.116 
150.000 1.116 
151.000 1.115 
152.000 1.115 
153.000 1.115 
154.000 1.115 
155.000 1.115 
156.000 1.115 
157.000 1.115 
158.000 1.115 
159.000 1.115 
160.000 1.115 
161.000 1.115 
162.000 1.115 
163.000 1.115 
164.000 1.115 
165.000 1.115 
166.000 1.115 
167.000 1.115 
168.000 1.115 
169.000 1.115 
170.000 1.115 
171.000 1.115 
172.000 1.115 
173.000 1.115 
174.000 1.115 
175.000 1.115 
176.000 1.115 
177.000 1.115 
178.000 1.115 
179.000 1.115 
180.000 1.115 
181.000 1.115 
182.000 1.115 
183.000 1.115 
184.000 1.115 
185.000 1.115 
186.000 1.115 
187.000 1.115 
188.000 1.115 
189.000 1.115 
190.000 1.115 
191.000 1.115 
192.000 1.115 
193.000 1.115 
194.000 1.115 
195.000 1.115 
196.000 1.115 
197.000 1.115 
198.000 1.115 
199.000 1.115 
200.000 1.115 
201.000 1.115 
202.000 1.115 
203.000 1.115 
204.000 1.115 
205.000 1.115 
206.000 1.115 
207.000 1.115 
208.000 1.115 
209.000 1.115 
210.000 1.115 
211.000 1.115 
212.000 1.115 
213.000 1.115 
214.000 1.115 
215.000 1.115 
216.000 1.115 
217.000 1.115 
218.000 1.115 
219.000 1.115 
220.000 1.115 
221.000 1.115 
222.000 1.115 
223.000 1.115 
224.000 1.115 
225.000 1.115 
226.000 1.115 
227.000 1.115 
228.000 1.115 
229.000 1.115 
230.000 1.115 
231.000 1.115 
232.000 1.115 
233.000 1.115 
234.000 1.115 
235.000 1.115 
236.000 1.115 
237.000 1.115 
238.000 1.115 
239.000 1.115 
240.000 1.115 
241.000 1.115 
242.000 1.115 
243.000 1.115 
244.000 1.115 
245.000 1.115 
246.000 1.115 
247.000 1.115 
248.000 1.115 
249.000 1.115 
250.000 1.115 
251.000 1.115 
252.000 1.115 
253.000 1.115 
254.000 1.115 
255.000 1.115 
256.000 1.116 
257.000 1.116 
258.000 1.116 
259.000 1.116 
260.000 1.116 
261.000 1.116 
262.000 1.116 
263.000 1.116 
264.000 1.116 
265.000 1.116 
266.000 1.116 
267.000 1.116 
268.000 1.116 
269.000 1.116 
270.000 1.116 
271.000 1.066 
272.000 1.054 
273.000 1.053 
274.000 1.053 
275.000 1.052 
276.000 1.051 
277.000 1.050 
278.000 1.049 
279.000 1.048 
280.000 1.048 
281.000 1.048 
282.000 1.049 
283.000 1.051 
284.000 1.053 
285.000 1.055 
286.000 1.058 
287.000 1.061 
288.000 1.064 
289.000 1.067 
290.000 1.071 
291.000 1.074 
292.000 1.078 
293.000 1.081 
294.000 1.084 
295.000 1.088 
296.000 1.091 
297.000 1.093 
298.000 1.096 
299.000 1.098 
300.000 1.101 
301.000 1.103 
302.000 1.104 
303.000 1.105 
304.000 1.107 
305.000 1.107 
306.000 1.108 
307.000 1.108 
308.000 1.108 
309.000 1.108 
310.000 1.107 
311.000 1.106 
312.000 1.106 
313.000 1.104 
314.000 1.103 
315.000 1.102 
316.000 1.100 
317.000 1.099 
318.000 1.097 
319.000 1.096 
320.000 1.094 
321.000 1.092 
322.000 1.091 
323.000 1.089 
324.000 1.088 
325.000 1.086 
326.000 1.085 
327.000 1.084 
328.000 1.083 
329.000 1.082 
330.000 1.081 
331.000 1.080 
332.000 1.079 
333.000 1.079 
334.000 1.078 
335.000 1.078 
336.000 1.078 
337.000 1.078 
338.000 1.078 
339.000 1.079 
340.000 1.079 
341.000 1.079 
342.000 1.080 
343.000 1.080 
344.000 1.081 
345.000 1.082 
346.000 1.082 
347.000 1.083 
348.000 1.084 
349.000 1.084 
350.000 1.085 
351.000 1.086 
352.000 1.087 
353.000 1.087 
354.000 1.088 
355.000 1.088 
356.000 1.089 
357.000 1.089 
358.000 1.090 
359.000 1.090 
360.000 1.090 
361.000 1.090 
362.000 1.091 
363.000 1.091 
364.000 1.091 
365.000 1.091 
366.000 1.091 
367.000 1.091 
368.000 1.090 
369.000 1.090 
370.000 1.090 
371.000 1.090 
372.000 1.089 
373.000 1.089 
374.000 1.089 
375.000 1.088 
376.000 1.088 
377.000 1.088 
378.000 1.087 
379.000 1.087 
380.000 1.086 
381.000 1.086 
382.000 1.086 
383.000 1.086 
384.000 1.085 
385.000 1.085 
386.000 1.085 
387.000 1.085 
388.000 1.084 
389.000 1.084 
390.000 1.084 
391.000 1.084 
392.000 1.084 
393.000 1.084 
394.000 1.084 
395.000 1.084 
396.000 1.084 
397.000 1.084 
398.000 1.084 
399.000 1.084 
400.000 1.084 
401.000 1.085 
402.000 1.085 
403.000 1.085 
404.000 1.085 
405.000 1.085 
406.000 1.085 
407.000 1.085 
408.000 1.085 
409.000 1.086 
410.000 1.086 
411.000 1.086 
412.000 1.086 
413.000 1.086 
414.000 1.086 
415.000 1.086 
416.000 1.086 
417.000 1.086 
418.000 1.086 
419.000 1.086 
420.000 1.086 
421.000 1.086 
422.000 1.086 
423.000 1.086 
424.000 1.086 
425.000 1.086 
426.000 1.086 
427.000 1.086 
428.000 1.086 
429.000 1.086 
430.000 1.086 
431.000 1.086 
432.000 1.086 
433.000 1.086 
434.000 1.086 
435.000 1.086 
436.000 1.085 
437.000 1.085 
438.000 1.085 
439.000 1.085 
440.000 1.085 
441.000 1.085 
442.000 1.085 
443.000 1.085 
444.000 1.085 
445.000 1.085 
446.000 1.085 
447.000 1.085 
448.000 1.085 
449.000 1.085 
450.000 1.085 
451.000 1.085 
452.000 1.085 
453.000 1.085 
454.000 1.085 
455.000 1.085 
456.000 1.085 
457.000 1.085 
458.000 1.085 
459.000 1.085 
460.000 1.085 
461.000 1.085 
462.000 1.085 
463.000 1.085 
464.000 1.085 
465.000 1.085 
466.000 1.085 
467.000 1.085 
468.000 1.085 
469.000 1.085 
470.000 1.085 
471.000 1.085 
472.000 1.085 
473.000 1.085 
474.000 1.085 
475.000 1.085 
476.000 1.085 
477.000 1.085 
478.000 1.085 
479.000 1.085 
480.000 1.085 
481.000 1.085 
482.000 1.085 
483.000 1.085 
484.000 1.085 
485.000 1.085 
486.000 1.085 
487.000 1.085 
488.000 1.085 
489.000 1.085 
490.000 1.085 
491.000 1.085 
492.000 1.085 
493.000 1.085 
494.000 1.085 
495.000 1.085 
496.000 1.085 
497.000 1.085 
498.000 1.085 
499.000 1.085 
500.000 1.085 
501.000 1.085 
502.000 1.085 
503.000 1.085 
504.000 1.085 
505.000 1.085 
506.000 1.085 
507.000 1.085 
508.000 1.085 
509.000 1.085 
510.000 1.085 
511.000 1.085 
512.000 1.085 
513.000 1.085 
514.000 1.085 
515.000 1.085 
516.000 1.085 
517.000 1.085 
518.000 1.085 
519.000 1.085 
520.000 1.085 
521.000 1.135 
522.000 1.177 
523.000 1.178 
524.000 1.179 
525.000 1.180 
526.000 1.182 
527.000 1.183 
528.000 1.184 
529.000 1.185 
530.000 1.187 
531.000 1.187 
532.000 1.185 
533.000 1.183 
534.000 1.180 
535.000 1.176 
536.000 1.172 
537.000 1.168 
538.000 1.163 
539.000 1.158 
540.000 1.153 
541.000 1.148 
542.000 1.143 
543.000 1.138 
544.000 1.133 
545.000 1.128 
546.000 1.123 
547.000 1.119 
548.000 1.115 
549.000 1.111 
550.000 1.108 
551.000 1.105 
552.000 1.102 
553.000 1.100 
554.000 1.099 
555.000 1.097 
556.000 1.096 
557.000 1.096 
558.000 1.096 
559.000 1.096 
560.000 1.097 
561.000 1.098 
562.000 1.099 
563.000 1.101 
564.000 1.103 
565.000 1.105 
566.000 1.107 
567.000 1.109 
568.000 1.111 
569.000 1.114 
570.000 1.116 
571.000 1.119 
572.000 1.121 
573.000 1.124 
574.000 1.126 
575.000 1.128 
576.000 1.130 
577.000 1.132 
578.000 1.134 
579.000 1.135 
580.000 1.137 
581.000 1.138 
582.000 1.139 
583.000 1.140 
584.000 1.140 
585.000 1.141 
586.000 1.141 
587.000 1.141 
588.000 1.141 
589.000 1.140 
590.000 1.140 
591.000 1.139 
592.000 1.138 
593.000 1.138 
594.000 1.137 
595.000 1.136 
596.000 1.135 
597.000 1.134 
598.000 1.133 
599.000 1.132 
600.000 1.130 
601.000 1.129 
602.000 1.128 
603.000 1.127 
604.000 1.127 
605.000 1.126 
606.000 1.125 
607.000 1.124 
608.000 1.124 
609.000 1.123 
610.000 1.123 
611.000 1.122 
612.000 1.122 
613.000 1.122 
614.000 1.122 
615.000 1.122 
616.000 1.122 
617.000 1.122 
618.000 1.122 
619.000 1.123 
620.000 1.123 
621.000 1.123 
622.000 1.124 
623.000 1.124 
624.000 1.125 
625.000 1.125 
626.000 1.126 
627.000 1.126 
628.000 1.127 
629.000 1.128 
630.000 1.128 
631.000 1.129 
632.000 1.129 
633.000 1.130 
634.000 1.130 
635.000 1.130 
636.000 1.131 
637.000 1.131 
638.000 1.131 
639.000 1.131 
640.000 1.132 
641.000 1.132 
642.000 1.132 
643.000 1.132 
644.000 1.132 
645.000 1.132 
646.000 1.132 
647.000 1.132 
648.000 1.132 
649.000 1.132 
650.000 1.131 
651.000 1.131 
652.000 1.131 
653.000 1.131 
654.000 1.131 
655.000 1.130 
656.000 1.130 
657.000 1.130 
658.000 1.130 
659.000 1.130 
660.000 1.129 
661.000 1.129 
662.000 1.129 
663.000 1.129 
664.000 1.129 
665.000 1.129 
666.000 1.128 
667.000 1.128 
668.000 1.128 
669.000 1.128 
670.000 1.128 
671.000 1.128 
672.000 1.128 
673.000 1.128 
674.000 1.128 
675.000 1.128 
676.000 1.128 
677.000 1.129 
678.000 1.129 
679.000 1.129 
680.000 1.129 
681.000 1.129 
682.000 1.129 
683.000 1.129 
684.000 1.129 
685.000 1.130 
686.000 1.130 
687.000 1.130 
688.000 1.130 
689.000 1.130 
690.000 1.130 
691.000 1.130 
692.000 1.130 
693.000 1.130 
694.000 1.130 
695.000 1.131 
696.000 1.131 
697.000 1.131 
698.000 1.131 
699.000 1.131 
700.000 1.131 
701.000 1.131 
702.000 1.131 
703.000 1.131 
704.000 1.131 
705.000 1.131 
706.000 1.131 
707.000 1.131 
708.000 1.131 
709.000 1.131 
710.000 1.131 
711.000 1.131 
712.000 1.130 
713.000 1.130 
714.000 1.130 
715.000 1.130 
716.000 1.130 
717.000 1.130 
718.000 1.130 
719.000 1.130 
720.000 1.130 
721.000 1.130 
722.000 1.130 
723.000 1.130 
724.000 1.130 
725.000 1.130 
726.000 1.130 
727.000 1.130 
728.000 1.130 
729.000 1.130 
730.000 1.130 
731.000 1.130 
732.000 1.130 
733.000 1.130 
734.000 1.130 
735.000 1.130 
736.000 1.130 
737.000 1.130 
738.000 1.130 
739.000 1.130 
740.000 1.130 
741.000 1.130 
742.000 1.131 
743.000 1.131 
744.000 1.131 
745.000 1.131 
746.000 1.131 
747.000 1.131 
748.000 1.131 
749.000 1.131 
750.000 1.131 
751.000 1.131 
752.000 1.131 
753.000 1.131 
754.000 1.131 
755.000 1.131 
756.000 1.131 
757.000 1.131 
758.000 1.131 
759.000 1.131 
760.000 1.131 
761.000 1.131 
762.000 1.131 
763.000 1.131 
764.000 1.131 
765.000 1.131 
766.000 1.131 
767.000 1.131 
768.000 1.131 
769.000 1.131 
770.000 1.131 
771.000 1.081 
772.000 1.031 
773.000 1.007 
774.000 1.005 
775.000 1.003 
776.000 1.002 
777.000 1.000 
778.000 0.998 
779.000 0.997 
780.000 0.995 
781.000 0.994 
782.000 0.995 
783.000 0.998 
784.000 1.002 
785.000 1.007 
786.000 1.012 
787.000 1.018 
788.000 1.024 
789.000 1.030 
790.000 1.037 
791.000 1.044 
792.000 1.051 
793.000 1.057 
794.000 1.064 
795.000 1.071 
796.000 1.077 
797.000 1.083 
798.000 1.089 
799.000 1.094 
800.000 1.098 
801.000 1.103 
802.000 1.106 
803.000 1.109 
804.000 1.112 
805.000 1.114 
806.000 1.115 
807.000 1.116 
808.000 1.116 
809.000 1.116 
810.000 1.115 
811.000 1.114 
812.000 1.112 
813.000 1.110 
814.000 1.108 
815.000 1.105 
816.000 1.102 
817.000 1.099 
818.000 1.096 
819.000 1.093 
820.000 1.090 
821.000 1.086 
822.000 1.083 
823.000 1.080 
824.000 1.077 
825.000 1.074 
826.000 1.071 
827.000 1.068 
828.000 1.066 
829.000 1.064 
830.000 1.062 
831.000 1.060 
832.000 1.059 
833.000 1.058 
834.000 1.057 
835.000 1.056 
836.000 1.056 
837.000 1.056 
838.000 1.056 
839.000 1.057 
840.000 1.057 
841.000 1.058 
842.000 1.059 
843.000 1.060 
844.000 1.061 
845.000 1.062 
846.000 1.064 
847.000 1.065 
848.000 1.066 
849.000 1.068 
850.000 1.069 
851.000 1.071 
852.000 1.072 
853.000 1.073 
854.000 1.075 
855.000 1.076 
856.000 1.077 
857.000 1.078 
858.000 1.079 
859.000 1.079 
860.000 1.080 
861.000 1.081 
862.000 1.081 
863.000 1.081 
864.000 1.081 
865.000 1.081 
866.000 1.081 
867.000 1.081 
868.000 1.081 
869.000 1.080 
870.000 1.080 
871.000 1.079 
872.000 1.079 
873.000 1.078 
874.000 1.078 
875.000 1.077 
876.000 1.076 
877.000 1.075 
878.000 1.075 
879.000 1.074 
880.000 1.073 
881.000 1.073 
882.000 1.072 
883.000 1.071 
884.000 1.071 
885.000 1.070 
886.000 1.070 
887.000 1.069 
888.000 1.069 
889.000 1.069 
890.000 1.068 
891.000 1.068 
892.000 1.068 
893.000 1.068 
894.000 1.068 
895.000 1.068 
896.000 1.068 
897.000 1.068 
898.000 1.068 
899.000 1.068 
900.000 1.069 
901.000 1.069 
902.000 1.069 
903.000 1.069 
904.000 1.070 
905.000 1.070 
906.000 1.070 
907.000 1.070 
908.000 1.071 
909.000 1.071 
910.000 1.071 
911.000 1.071 
912.000 1.072 
913.000 1.072 
914.000 1.072 
915.000 1.072 
916.000 1.072 
917.000 1.073 
918.000 1.073 
919.000 1.073 
920.000 1.073 
921.000 1.073 
922.000 1.073 
923.000 1.073 
924.000 1.073 
925.000 1.073 
926.000 1.072 
927.000 1.072 
928.000 1.072 
929.000 1.072 
930.000 1.072 
931.000 1.072 
932.000 1.072 
933.000 1.071 
934.000 1.071 
935.000 1.071 
936.000 1.071 
937.000 1.071 
938.000 1.071 
939.000 1.070 
940.000 1.070 
941.000 1.070 
942.000 1.070 
943.000 1.070 
944.000 1.070 
945.000 1.070 
946.000 1.070 
947.000 1.070 
948.000 1.070 
949.000 1.070 
950.000 1.069 
951.000 1.069 
952.000 1.069 
953.000 1.069 
954.000 1.069 
955.000 1.069 
956.000 1.070 
957.000 1.070 
958.000 1.070 
959.000 1.070 
960.000 1.070 
961.000 1.070 
962.000 1.070 
963.000 1.070 
964.000 1.070 
965.000 1.070 
966.000 1.070 
967.000 1.070 
968.000 1.070 
969.000 1.070 
970.000 1.070 
971.000 1.070 
972.000 1.070 
973.000 1.070 
974.000 1.070 
975.000 1.070 
976.000 1.070 
977.000 1.070 
978.000 1.070 
979.000 1.070 
980.000 1.070 
981.000 1.070 
982.000 1.070 
983.000 1.070 
984.000 1.070 
985.000 1.070 
986.000 1.070 
987.000 1.070 
988.000 1.070 
989.000 1.070 
990.000 1.070 
991.000 1.070 
992.000 1.070 
993.000 1.070 
994.000 1.070 
995.000 1.070 
996.000 1.070 
997.000 1.070 
998.000 1.070 
999.000 1.070 
1000.000 1.069 
1001.000 1.069 
1002.000 1.069 
1003.000 1.069 
1004.000 1.069 
1005.000 1.069 
1006.000 1.069 
1007.000 1.069 
1008.000 1.069 
1009.000 1.069 
1010.000 1.069 
1011.000 1.069 
1012.000 1.069 
1013.000 1.069 
1014.000 1.069 
1015.000 1.069 
1016.000 1.069 
1017.000 1.069 
1018.000 1.069 
1019.000 1.069 
1020.000 1.069 
1021.000 1.119 
1022.000 1.169 
1023.000 1.219 
1024.000 1.227 
1025.000 1.229 
1026.000 1.231 
1027.000 1.233 
1028.000 1.235 
1029.000 1.237 
1030.000 1.239 
1031.000 1.240 
1032.000 1.240 
1033.000 1.237 
1034.000 1.232 
1035.000 1.226 
1036.000 1.220 
1037.000 1.213 
1038.000 1.206 
1039.000 1.198 
1040.000 1.190 
1041.000 1.181 
1042.000 1.172 
1043.000 1.164 
1044.000 1.155 
1045.000 1.147 
1046.000 1.139 
1047.000 1.131 
1048.000 1.124 
1049.000 1.117 
1050.000 1.111 
1051.000 1.106 
1052.000 1.101 
1053.000 1.097 
1054.000 1.094 
1055.000 1.091 
1056.000 1.090 
1057.000 1.088 
1058.000 1.088 
1059.000 1.088 
1060.000 1.089 
1061.000 1.090 
1062.000 1.092 
1063.000 1.094 
1064.000 1.097 
1065.000 1.100 
1066.000 1.104 
1067.000 1.108 
1068.000 1.112 
1069.000 1.116 
1070.000 1.120 
1071.000 1.124 
1072.000 1.128 
1073.000 1.132 
1074.000 1.136 
1075.000 1.140 
1076.000 1.143 
1077.000 1.147 
1078.000 1.150 
1079.000 1.152 
1080.000 1.155 
1081.000 1.157 
1082.000 1.159 
1083.000 1.160 
1084.000 1.162 
1085.000 1.162 
1086.000 1.163 
1087.000 1.163 
1088.000 1.163 
1089.000 1.163 
1090.000 1.162 
1091.000 1.161 
1092.000 1.160 
1093.000 1.159 
1094.000 1.157 
1095.000 1.156 
1096.000 1.154 
1097.000 1.152 
1098.000 1.151 
1099.000 1.149 
1100.000 1.147 
1101.000 1.145 
1102.000 1.143 
1103.000 1.142 
1104.000 1.140 
1105.000 1.139 
1106.000 1.137 
1107.000 1.136 
1108.000 1.135 
1109.000 1.134 
1110.000 1.133 
1111.000 1.132 
1112.000 1.132 
1113.000 1.132 
1114.000 1.131 
1115.000 1.131 
1116.000 1.131 
1117.000 1.131 
1118.000 1.132 
1119.000 1.132 
1120.000 1.133 
1121.000 1.133 
1122.000 1.134 
1123.000 1.135 
1124.000 1.136 
1125.000 1.137 
1126.000 1.138 
1127.000 1.138 
1128.000 1.139 
1129.000 1.140 
1130.000 1.141 
1131.000 1.142 
1132.000 1.143 
1133.000 1.144 
1134.000 1.144 
1135.000 1.145 
1136.000 1.146 
1137.000 1.146 
1138.000 1.147 
1139.000 1.147 
1140.000 1.147 
1141.000 1.148 
1142.000 1.148 
1143.000 1.148 
1144.000 1.148 
1145.000 1.148 
1146.000 1.148 
1147.000 1.148 
1148.000 1.148 
1149.000 1.148 
1150.000 1.147 
1151.000 1.147 
1152.000 1.147 
1153.000 1.146 
1154.000 1.146 
1155.000 1.146 
1156.000 1.145 
1157.000 1.145 
1158.000 1.145 
1159.000 1.144 
1160.000 1.144 
1161.000 1.144 
1162.000 1.143 
1163.000 1.143 
1164.000 1.143 
1165.000 1.143 
1166.000 1.142 
1167.000 1.142 
1168.000 1.142 
1169.000 1.142 
1170.000 1.142 
1171.000 1.142 
1172.000 1.142 
1173.000 1.142 
1174.000 1.142 
1175.000 1.142 
1176.000 1.142 
1177.000 1.142 
1178.000 1.143 
1179.000 1.143 
1180.000 1.143 
1181.000 1.143 
1182.000 1.143 
1183.000 1.144 
1184.000 1.144 
1185.000 1.144 
1186.000 1.144 
1187.000 1.144 
1188.000 1.145 
1189.000 1.145 
1190.000 1.145 
1191.000 1.145 
1192.000 1.145 
1193.000 1.145 
1194.000 1.146 
1195.000 1.146 
1196.000 1.146 
1197.000 1.146 
1198.000 1.146 
1199.000 1.146 
1200.000 1.146 
1201.000 1.146 
1202.000 1.146 
1203.000 1.146 
1204.000 1.146 
1205.000 1.146 
1206.000 1.146 
1207.000 1.146 
1208.000 1.146 
1209.000 1.146 
1210.000 1.146 
1211.000 1.146 
1212.000 1.146 
1213.000 1.146 
1214.000 1.146 
1215.000 1.145 
1216.000 1.145 
1217.000 1.145 
1218.000 1.145 
1219.000 1.145 
1220.000 1.145 
1221.000 1.145 
1222.000 1.145 
1223.000 1.145 
1224.000 1.145 
1225.000 1.145 
1226.000 1.145 
1227.000 1.145 
1228.000 1.145 
1229.000 1.145 
1230.000 1.145 
1231.000 1.145 
1232.000 1.145 
1233.000 1.145 
1234.000 1.145 
1235.000 1.145 
1236.000 1.145 
1237.000 1.145 
1238.000 1.145 
1239.000 1.145 
1240.000 1.146 
1241.000 1.146 
1242.000 1.146 
1243.000 1.146 
1244.000 1.146 
1245.000 1.146 
1246.000 1.146 
1247.000 1.146 
1248.000 1.146 
1249.000 1.146 
1250.000 1.146 
1251.000 1.146 
1252.000 1.146 
1253.000 1.146 
1254.000 1.146 
1255.000 1.146 
1256.000 1.146 
1257.000 1.146 
1258.000 1.146 
1259.000 1.146 
1260.000 1.146 
1261.000 1.146 
1262.000 1.146 
1263.000 1.146 
1264.000 1.146 
1265.000 1.146 
1266.000 1.146 
1267.000 1.146 
1268.000 1.146 
1269.000 1.146 
1270.000 1.146 
