1.000 1.100 
2.000 1.100 
3.000 1.100 
4.000 1.100 
5.000 1.100 
6.000 1.100 
7.000 1.100 
8.000 1.100 
9.000 1.100 
10.000 1.100 
11.000 1.100 
12.000 1.100 
13.000 1.100 
14.000 1.100 
15.000 1.100 
16.000 1.100 
17.000 1.100 
18.000 1.100 
19.000 1.100 
20.000 1.100 
21.000 1.130 
22.000 1.130 
23.000 1.131 
24.000 1.131 
25.000 1.131 
26.000 1.131 
27.000 1.132 
28.000 1.132 
29.000 1.132 
30.000 1.133 
31.000 1.133 
32.000 1.132 
33.000 1.132 
34.000 1.131 
35.000 1.130 
36.000 1.129 
37.000 1.128 
38.000 1.126 
39.000 1.125 
40.000 1.123 
41.000 1.122 
42.000 1.120 
43.000 1.118 
44.000 1.116 
45.000 1.115 
46.000 1.113 
47.000 1.112 
48.000 1.110 
49.000 1.109 
50.000 1.107 
51.000 1.106 
52.000 1.105 
53.000 1.104 
54.000 1.103 
55.000 1.102 
56.000 1.102 
57.000 1.101 
58.000 1.101 
59.000 1.101 
60.000 1.101 
61.000 1.101 
62.000 1.101 
63.000 1.102 
64.000 1.102 
65.000 1.103 
66.000 1.103 
67.000 1.104 
68.000 1.105 
69.000 1.106 
70.000 1.107 
71.000 1.108 
72.000 1.109 
73.000 1.110 
74.000 1.111 
75.000 1.112 
76.000 1.113 
77.000 1.113 
78.000 1.114 
79.000 1.115 
80.000 1.116 
81.000 1.117 
82.000 1.117 
83.000 1.118 
84.000 1.118 
85.000 1.119 
86.000 1.119 
87.000 1.119 
88.000 1.120 
89.000 1.120 
90.000 1.120 
91.000 1.120 
92.000 1.120 
93.000 1.119 
94.000 1.119 
95.000 1.119 
96.000 1.118 
97.000 1.118 
98.000 1.118 
99.000 1.117 
100.000 1.117 
101.000 1.116 
102.000 1.116 
103.000 1.115 
104.000 1.115 
105.000 1.114 
106.000 1.114 
107.000 1.113 
108.000 1.113 
109.000 1.112 
110.000 1.112 
111.000 1.111 
112.000 1.111 
113.000 1.111 
114.000 1.111 
115.000 1.110 
116.000 1.110 
117.000 1.110 
118.000 1.110 
119.000 1.110 
120.000 1.110 
121.000 1.110 
122.000 1.110 
123.000 1.110 
124.000 1.110 
125.000 1.111 
126.000 1.111 
127.000 1.111 
128.000 1.111 
129.000 1.112 
130.000 1.112 
131.000 1.112 
132.000 1.112 
133.000 1.113 
134.000 1.113 
135.000 1.113 
136.000 1.114 
137.000 1.114 
138.000 1.114 
139.000 1.115 
140.000 1.115 
141.000 1.115 
142.000 1.115 
143.000 1.115 
144.000 1.116 
145.000 1.116 
146.000 1.116 
147.000 1.116 
148.000 1.116 
149.000 1.116 
150.000 1.116 
151.000 1.116 
152.000 1.116 
153.000 1.116 
154.000 1.116 
155.000 1.116 
156.000 1.116 
157.000 1.116 
158.000 1.115 
159.000 1.115 
160.000 1.115 
161.000 1.115 
162.000 1.115 
163.000 1.115 
164.000 1.114 
165.000 1.114 
166.000 1.114 
167.000 1.114 
168.000 1.114 
169.000 1.114 
170.000 1.114 
171.000 1.114 
172.000 1.113 
173.000 1.113 
174.000 1.113 
175.000 1.113 
176.000 1.113 
177.000 1.113 
178.000 1.113 
179.000 1.113 
180.000 1.113 
181.000 1.113 
182.000 1.113 
183.000 1.113 
184.000 1.113 
185.000 1.113 
186.000 1.113 
187.000 1.114 
188.000 1.114 
189.000 1.114 
190.000 1.114 
191.000 1.114 
192.000 1.114 
193.000 1.114 
194.000 1.114 
195.000 1.114 
196.000 1.114 
197.000 1.114 
198.000 1.115 
199.000 1.115 
200.000 1.115 
201.000 1.115 
202.000 1.115 
203.000 1.115 
204.000 1.115 
205.000 1.115 
206.000 1.115 
207.000 1.115 
208.000 1.115 
209.000 1.115 
210.000 1.115 
211.000 1.115 
212.000 1.115 
213.000 1.115 
214.000 1.115 
215.000 1.115 
216.000 1.115 
217.000 1.115 
218.000 1.115 
219.000 1.115 
220.000 1.115 
221.000 1.115 
222.000 1.115 
223.000 1.115 
224.000 1.115 
225.000 1.115 
226.000 1.115 
227.000 1.115 
228.000 1.115 
229.000 1.115 
230.000 1.114 
231.000 1.114 
232.000 1.114 
233.000 1.114 
234.000 1.114 
235.000 1.114 
236.000 1.114 
237.000 1.114 
238.000 1.114 
239.000 1.114 
240.000 1.114 
241.000 1.114 
242.000 1.114 
243.000 1.114 
244.000 1.114 
245.000 1.114 
246.000 1.114 
247.000 1.115 
248.000 1.115 
249.000 1.115 
250.000 1.115 
251.000 1.115 
252.000 1.115 
253.000 1.115 
254.000 1.115 
255.000 1.115 
256.000 1.115 
257.000 1.115 
258.000 1.115 
259.000 1.115 
260.000 1.115 
261.000 1.115 
262.000 1.115 
263.000 1.115 
264.000 1.115 
265.000 1.115 
266.000 1.115 
267.000 1.115 
268.000 1.115 
269.000 1.115 
270.000 1.115 
271.000 1.065 
272.000 1.054 
273.000 1.054 
274.000 1.053 
275.000 1.053 
276.000 1.052 
277.000 1.052 
278.000 1.051 
279.000 1.051 
280.000 1.050 
281.000 1.050 
282.000 1.050 
283.000 1.051 
284.000 1.052 
285.000 1.054 
286.000 1.057 
287.000 1.059 
288.000 1.062 
289.000 1.065 
290.000 1.068 
291.000 1.071 
292.000 1.075 
293.000 1.078 
294.000 1.081 
295.000 1.085 
296.000 1.088 
297.000 1.091 
298.000 1.094 
299.000 1.097 
300.000 1.100 
301.000 1.102 
302.000 1.105 
303.000 1.107 
304.000 1.109 
305.000 1.110 
306.000 1.111 
307.000 1.112 
308.000 1.113 
309.000 1.113 
310.000 1.113 
311.000 1.113 
312.000 1.113 
313.000 1.112 
314.000 1.111 
315.000 1.110 
316.000 1.109 
317.000 1.107 
318.000 1.106 
319.000 1.104 
320.000 1.102 
321.000 1.100 
322.000 1.098 
323.000 1.096 
324.000 1.094 
325.000 1.092 
326.000 1.090 
327.000 1.089 
328.000 1.087 
329.000 1.085 
330.000 1.084 
331.000 1.082 
332.000 1.081 
333.000 1.080 
334.000 1.079 
335.000 1.078 
336.000 1.077 
337.000 1.077 
338.000 1.076 
339.000 1.076 
340.000 1.076 
341.000 1.076 
342.000 1.076 
343.000 1.076 
344.000 1.077 
345.000 1.077 
346.000 1.078 
347.000 1.079 
348.000 1.080 
349.000 1.081 
350.000 1.082 
351.000 1.083 
352.000 1.084 
353.000 1.085 
354.000 1.086 
355.000 1.087 
356.000 1.088 
357.000 1.089 
358.000 1.090 
359.000 1.091 
360.000 1.091 
361.000 1.092 
362.000 1.093 
363.000 1.094 
364.000 1.094 
365.000 1.095 
366.000 1.095 
367.000 1.095 
368.000 1.095 
369.000 1.095 
370.000 1.095 
371.000 1.095 
372.000 1.095 
373.000 1.095 
374.000 1.095 
375.000 1.094 
376.000 1.094 
377.000 1.093 
378.000 1.093 
379.000 1.092 
380.000 1.092 
381.000 1.091 
382.000 1.090 
383.000 1.090 
384.000 1.089 
385.000 1.089 
386.000 1.088 
387.000 1.087 
388.000 1.087 
389.000 1.086 
390.000 1.086 
391.000 1.085 
392.000 1.085 
393.000 1.085 
394.000 1.084 
395.000 1.084 
396.000 1.084 
397.000 1.084 
398.000 1.083 
399.000 1.083 
400.000 1.083 
401.000 1.083 
402.000 1.083 
403.000 1.084 
404.000 1.084 
405.000 1.084 
406.000 1.084 
407.000 1.084 
408.000 1.085 
409.000 1.085 
410.000 1.085 
411.000 1.085 
412.000 1.086 
413.000 1.086 
414.000 1.086 
415.000 1.087 
416.000 1.087 
417.000 1.087 
418.000 1.088 
419.000 1.088 
420.000 1.088 
421.000 1.088 
422.000 1.089 
423.000 1.089 
424.000 1.089 
425.000 1.089 
426.000 1.089 
427.000 1.089 
428.000 1.089 
429.000 1.089 
430.000 1.089 
431.000 1.089 
432.000 1.089 
433.000 1.089 
434.000 1.089 
435.000 1.089 
436.000 1.089 
437.000 1.088 
438.000 1.088 
439.000 1.088 
440.000 1.088 
441.000 1.088 
442.000 1.088 
443.000 1.087 
444.000 1.087 
445.000 1.087 
446.000 1.087 
447.000 1.087 
448.000 1.086 
449.000 1.086 
450.000 1.086 
451.000 1.086 
452.000 1.086 
453.000 1.086 
454.000 1.085 
455.000 1.085 
456.000 1.085 
457.000 1.085 
458.000 1.085 
459.000 1.085 
460.000 1.085 
461.000 1.085 
462.000 1.085 
463.000 1.085 
464.000 1.085 
465.000 1.085 
466.000 1.085 
467.000 1.085 
468.000 1.085 
469.000 1.086 
470.000 1.086 
471.000 1.086 
472.000 1.086 
473.000 1.086 
474.000 1.086 
475.000 1.086 
476.000 1.086 
477.000 1.086 
478.000 1.086 
479.000 1.086 
480.000 1.087 
481.000 1.087 
482.000 1.087 
483.000 1.087 
484.000 1.087 
485.000 1.087 
486.000 1.087 
487.000 1.087 
488.000 1.087 
489.000 1.087 
490.000 1.087 
491.000 1.087 
492.000 1.087 
493.000 1.087 
494.000 1.087 
495.000 1.087 
496.000 1.087 
497.000 1.087 
498.000 1.086 
499.000 1.086 
500.000 1.086 
501.000 1.086 
502.000 1.086 
503.000 1.086 
504.000 1.086 
505.000 1.086 
506.000 1.086 
507.000 1.086 
508.000 1.086 
509.000 1.086 
510.000 1.086 
511.000 1.086 
512.000 1.086 
513.000 1.086 
514.000 1.085 
515.000 1.085 
516.000 1.085 
517.000 1.085 
518.000 1.085 
519.000 1.085 
520.000 1.085 
521.000 1.135 
522.000 1.177 
523.000 1.177 
524.000 1.178 
525.000 1.179 
526.000 1.180 
527.000 1.181 
528.000 1.181 
529.000 1.182 
530.000 1.183 
531.000 1.184 
532.000 1.183 
533.000 1.182 
534.000 1.180 
535.000 1.178 
536.000 1.174 
537.000 1.171 
538.000 1.167 
539.000 1.162 
540.000 1.158 
541.000 1.153 
542.000 1.148 
543.000 1.143 
544.000 1.138 
545.000 1.132 
546.000 1.127 
547.000 1.123 
548.000 1.118 
549.000 1.113 
550.000 1.109 
551.000 1.105 
552.000 1.102 
553.000 1.099 
554.000 1.096 
555.000 1.094 
556.000 1.092 
557.000 1.090 
558.000 1.089 
559.000 1.088 
560.000 1.088 
561.000 1.088 
562.000 1.089 
563.000 1.090 
564.000 1.091 
565.000 1.093 
566.000 1.095 
567.000 1.097 
568.000 1.099 
569.000 1.102 
570.000 1.104 
571.000 1.107 
572.000 1.110 
573.000 1.113 
574.000 1.116 
575.000 1.119 
576.000 1.122 
577.000 1.124 
578.000 1.127 
579.000 1.130 
580.000 1.132 
581.000 1.134 
582.000 1.136 
583.000 1.138 
584.000 1.140 
585.000 1.141 
586.000 1.142 
587.000 1.143 
588.000 1.144 
589.000 1.144 
590.000 1.144 
591.000 1.144 
592.000 1.144 
593.000 1.144 
594.000 1.143 
595.000 1.142 
596.000 1.141 
597.000 1.140 
598.000 1.139 
599.000 1.137 
600.000 1.136 
601.000 1.135 
602.000 1.133 
603.000 1.131 
604.000 1.130 
605.000 1.128 
606.000 1.127 
607.000 1.125 
608.000 1.124 
609.000 1.122 
610.000 1.121 
611.000 1.120 
612.000 1.119 
613.000 1.118 
614.000 1.117 
615.000 1.116 
616.000 1.116 
617.000 1.115 
618.000 1.115 
619.000 1.115 
620.000 1.115 
621.000 1.115 
622.000 1.115 
623.000 1.116 
624.000 1.116 
625.000 1.116 
626.000 1.117 
627.000 1.118 
628.000 1.119 
629.000 1.119 
630.000 1.120 
631.000 1.121 
632.000 1.122 
633.000 1.123 
634.000 1.124 
635.000 1.125 
636.000 1.126 
637.000 1.127 
638.000 1.127 
639.000 1.128 
640.000 1.129 
641.000 1.130 
642.000 1.130 
643.000 1.131 
644.000 1.131 
645.000 1.132 
646.000 1.132 
647.000 1.133 
648.000 1.133 
649.000 1.133 
650.000 1.133 
651.000 1.133 
652.000 1.133 
653.000 1.133 
654.000 1.133 
655.000 1.132 
656.000 1.132 
657.000 1.132 
658.000 1.131 
659.000 1.131 
660.000 1.130 
661.000 1.130 
662.000 1.130 
663.000 1.129 
664.000 1.129 
665.000 1.128 
666.000 1.128 
667.000 1.127 
668.000 1.127 
669.000 1.126 
670.000 1.126 
671.000 1.126 
672.000 1.125 
673.000 1.125 
674.000 1.125 
675.000 1.125 
676.000 1.124 
677.000 1.124 
678.000 1.124 
679.000 1.124 
680.000 1.124 
681.000 1.124 
682.000 1.124 
683.000 1.124 
684.000 1.125 
685.000 1.125 
686.000 1.125 
687.000 1.125 
688.000 1.125 
689.000 1.126 
690.000 1.126 
691.000 1.126 
692.000 1.127 
693.000 1.127 
694.000 1.127 
695.000 1.128 
696.000 1.128 
697.000 1.128 
698.000 1.128 
699.000 1.129 
700.000 1.129 
701.000 1.129 
702.000 1.129 
703.000 1.130 
704.000 1.130 
705.000 1.130 
706.000 1.130 
707.000 1.130 
708.000 1.130 
709.000 1.130 
710.000 1.130 
711.000 1.130 
712.000 1.130 
713.000 1.130 
714.000 1.130 
715.000 1.130 
716.000 1.130 
717.000 1.130 
718.000 1.130 
719.000 1.130 
720.000 1.130 
721.000 1.129 
722.000 1.129 
723.000 1.129 
724.000 1.129 
725.000 1.129 
726.000 1.129 
727.000 1.129 
728.000 1.128 
729.000 1.128 
730.000 1.128 
731.000 1.128 
732.000 1.128 
733.000 1.128 
734.000 1.128 
735.000 1.128 
736.000 1.128 
737.000 1.128 
738.000 1.128 
739.000 1.128 
740.000 1.128 
741.000 1.128 
742.000 1.128 
743.000 1.128 
744.000 1.128 
745.000 1.128 
746.000 1.128 
747.000 1.128 
748.000 1.128 
749.000 1.128 
750.000 1.128 
751.000 1.129 
752.000 1.129 
753.000 1.129 
754.000 1.129 
755.000 1.129 
756.000 1.129 
757.000 1.129 
758.000 1.129 
759.000 1.129 
760.000 1.129 
761.000 1.129 
762.000 1.130 
763.000 1.130 
764.000 1.130 
765.000 1.130 
766.000 1.130 
767.000 1.130 
768.000 1.130 
769.000 1.130 
770.000 1.130 
771.000 1.080 
772.000 1.030 
773.000 1.007 
774.000 1.006 
775.000 1.005 
776.000 1.004 
777.000 1.003 
778.000 1.002 
779.000 1.001 
780.000 1.000 
781.000 0.999 
782.000 0.999 
783.000 1.000 
784.000 1.002 
785.000 1.006 
786.000 1.010 
787.000 1.014 
788.000 1.020 
789.000 1.025 
790.000 1.031 
791.000 1.038 
792.000 1.044 
793.000 1.051 
794.000 1.058 
795.000 1.065 
796.000 1.071 
797.000 1.078 
798.000 1.084 
799.000 1.090 
800.000 1.096 
801.000 1.101 
802.000 1.106 
803.000 1.111 
804.000 1.114 
805.000 1.118 
806.000 1.121 
807.000 1.123 
808.000 1.124 
809.000 1.125 
810.000 1.126 
811.000 1.126 
812.000 1.125 
813.000 1.124 
814.000 1.123 
815.000 1.121 
816.000 1.118 
817.000 1.116 
818.000 1.113 
819.000 1.109 
820.000 1.106 
821.000 1.102 
822.000 1.098 
823.000 1.094 
824.000 1.091 
825.000 1.087 
826.000 1.083 
827.000 1.079 
828.000 1.075 
829.000 1.072 
830.000 1.069 
831.000 1.066 
832.000 1.063 
833.000 1.060 
834.000 1.058 
835.000 1.056 
836.000 1.054 
837.000 1.053 
838.000 1.052 
839.000 1.052 
840.000 1.051 
841.000 1.051 
842.000 1.051 
843.000 1.052 
844.000 1.053 
845.000 1.054 
846.000 1.055 
847.000 1.056 
848.000 1.058 
849.000 1.060 
850.000 1.062 
851.000 1.064 
852.000 1.066 
853.000 1.068 
854.000 1.070 
855.000 1.072 
856.000 1.074 
857.000 1.076 
858.000 1.078 
859.000 1.080 
860.000 1.082 
861.000 1.083 
862.000 1.085 
863.000 1.086 
864.000 1.087 
865.000 1.088 
866.000 1.089 
867.000 1.090 
868.000 1.090 
869.000 1.090 
870.000 1.090 
871.000 1.090 
872.000 1.090 
873.000 1.090 
874.000 1.089 
875.000 1.089 
876.000 1.088 
877.000 1.087 
878.000 1.086 
879.000 1.085 
880.000 1.084 
881.000 1.083 
882.000 1.081 
883.000 1.080 
884.000 1.079 
885.000 1.078 
886.000 1.076 
887.000 1.075 
888.000 1.074 
889.000 1.073 
890.000 1.072 
891.000 1.071 
892.000 1.070 
893.000 1.069 
894.000 1.069 
895.000 1.068 
896.000 1.067 
897.000 1.067 
898.000 1.067 
899.000 1.067 
900.000 1.066 
901.000 1.066 
902.000 1.066 
903.000 1.067 
904.000 1.067 
905.000 1.067 
906.000 1.068 
907.000 1.068 
908.000 1.068 
909.000 1.069 
910.000 1.070 
911.000 1.070 
912.000 1.071 
913.000 1.071 
914.000 1.072 
915.000 1.073 
916.000 1.073 
917.000 1.074 
918.000 1.075 
919.000 1.075 
920.000 1.076 
921.000 1.076 
922.000 1.076 
923.000 1.077 
924.000 1.077 
925.000 1.078 
926.000 1.078 
927.000 1.078 
928.000 1.078 
929.000 1.078 
930.000 1.078 
931.000 1.078 
932.000 1.078 
933.000 1.078 
934.000 1.078 
935.000 1.077 
936.000 1.077 
937.000 1.077 
938.000 1.077 
939.000 1.076 
940.000 1.076 
941.000 1.075 
942.000 1.075 
943.000 1.075 
944.000 1.074 
945.000 1.074 
946.000 1.073 
947.000 1.073 
948.000 1.073 
949.000 1.072 
950.000 1.072 
951.000 1.072 
952.000 1.071 
953.000 1.071 
954.000 1.071 
955.000 1.071 
956.000 1.070 
957.000 1.070 
958.000 1.070 
959.000 1.070 
960.000 1.070 
961.000 1.070 
962.000 1.070 
963.000 1.070 
964.000 1.070 
965.000 1.070 
966.000 1.070 
967.000 1.071 
968.000 1.071 
969.000 1.071 
970.000 1.071 
971.000 1.071 
972.000 1.071 
973.000 1.072 
974.000 1.072 
975.000 1.072 
976.000 1.072 
977.000 1.072 
978.000 1.072 
979.000 1.073 
980.000 1.073 
981.000 1.073 
982.000 1.073 
983.000 1.073 
984.000 1.073 
985.000 1.073 
986.000 1.073 
987.000 1.073 
988.000 1.073 
989.000 1.073 
990.000 1.073 
991.000 1.073 
992.000 1.073 
993.000 1.073 
994.000 1.073 
995.000 1.073 
996.000 1.073 
997.000 1.073 
998.000 1.073 
999.000 1.073 
1000.000 1.073 
1001.000 1.072 
1002.000 1.072 
1003.000 1.072 
1004.000 1.072 
1005.000 1.072 
1006.000 1.072 
1007.000 1.072 
1008.000 1.071 
1009.000 1.071 
1010.000 1.071 
1011.000 1.071 
1012.000 1.071 
1013.000 1.071 
1014.000 1.071 
1015.000 1.071 
1016.000 1.071 
1017.000 1.071 
1018.000 1.071 
1019.000 1.071 
1020.000 1.071 
1021.000 1.121 
1022.000 1.171 
1023.000 1.221 
1024.000 1.225 
1025.000 1.227 
1026.000 1.228 
1027.000 1.229 
1028.000 1.231 
1029.000 1.232 
1030.000 1.233 
1031.000 1.235 
1032.000 1.235 
1033.000 1.234 
1034.000 1.231 
1035.000 1.227 
1036.000 1.223 
1037.000 1.217 
1038.000 1.211 
1039.000 1.204 
1040.000 1.196 
1041.000 1.188 
1042.000 1.180 
1043.000 1.172 
1044.000 1.163 
1045.000 1.155 
1046.000 1.146 
1047.000 1.138 
1048.000 1.130 
1049.000 1.122 
1050.000 1.115 
1051.000 1.108 
1052.000 1.102 
1053.000 1.096 
1054.000 1.091 
1055.000 1.087 
1056.000 1.083 
1057.000 1.080 
1058.000 1.078 
1059.000 1.077 
1060.000 1.076 
1061.000 1.076 
1062.000 1.076 
1063.000 1.077 
1064.000 1.079 
1065.000 1.081 
1066.000 1.084 
1067.000 1.087 
1068.000 1.091 
1069.000 1.095 
1070.000 1.099 
1071.000 1.104 
1072.000 1.109 
1073.000 1.114 
1074.000 1.118 
1075.000 1.123 
1076.000 1.128 
1077.000 1.133 
1078.000 1.138 
1079.000 1.142 
1080.000 1.146 
1081.000 1.150 
1082.000 1.154 
1083.000 1.157 
1084.000 1.160 
1085.000 1.162 
1086.000 1.164 
1087.000 1.166 
1088.000 1.167 
1089.000 1.168 
1090.000 1.169 
1091.000 1.169 
1092.000 1.169 
1093.000 1.168 
1094.000 1.167 
1095.000 1.166 
1096.000 1.165 
1097.000 1.163 
1098.000 1.161 
1099.000 1.159 
1100.000 1.157 
1101.000 1.154 
1102.000 1.152 
1103.000 1.149 
1104.000 1.146 
1105.000 1.144 
1106.000 1.141 
1107.000 1.139 
1108.000 1.136 
1109.000 1.134 
1110.000 1.132 
1111.000 1.130 
1112.000 1.128 
1113.000 1.126 
1114.000 1.124 
1115.000 1.123 
1116.000 1.122 
1117.000 1.121 
1118.000 1.121 
1119.000 1.120 
1120.000 1.120 
1121.000 1.120 
1122.000 1.120 
1123.000 1.121 
1124.000 1.121 
1125.000 1.122 
1126.000 1.123 
1127.000 1.124 
1128.000 1.125 
1129.000 1.126 
1130.000 1.128 
1131.000 1.129 
1132.000 1.131 
1133.000 1.132 
1134.000 1.134 
1135.000 1.135 
1136.000 1.137 
1137.000 1.139 
1138.000 1.140 
1139.000 1.141 
1140.000 1.143 
1141.000 1.144 
1142.000 1.145 
1143.000 1.146 
1144.000 1.147 
1145.000 1.148 
1146.000 1.148 
1147.000 1.149 
1148.000 1.149 
1149.000 1.150 
1150.000 1.150 
1151.000 1.150 
1152.000 1.150 
1153.000 1.150 
1154.000 1.150 
1155.000 1.149 
1156.000 1.149 
1157.000 1.148 
1158.000 1.148 
1159.000 1.147 
1160.000 1.146 
1161.000 1.145 
1162.000 1.145 
1163.000 1.144 
1164.000 1.143 
1165.000 1.142 
1166.000 1.142 
1167.000 1.141 
1168.000 1.140 
1169.000 1.139 
1170.000 1.139 
1171.000 1.138 
1172.000 1.137 
1173.000 1.137 
1174.000 1.137 
1175.000 1.136 
1176.000 1.136 
1177.000 1.136 
1178.000 1.135 
1179.000 1.135 
1180.000 1.135 
1181.000 1.135 
1182.000 1.135 
1183.000 1.136 
1184.000 1.136 
1185.000 1.136 
1186.000 1.136 
1187.000 1.137 
1188.000 1.137 
1189.000 1.138 
1190.000 1.138 
1191.000 1.139 
1192.000 1.139 
1193.000 1.140 
1194.000 1.140 
1195.000 1.141 
1196.000 1.141 
1197.000 1.142 
1198.000 1.142 
1199.000 1.142 
1200.000 1.143 
1201.000 1.143 
1202.000 1.144 
1203.000 1.144 
1204.000 1.144 
1205.000 1.145 
1206.000 1.145 
1207.000 1.145 
1208.000 1.145 
1209.000 1.145 
1210.000 1.145 
1211.000 1.145 
1212.000 1.145 
1213.000 1.145 
1214.000 1.145 
1215.000 1.145 
1216.000 1.145 
1217.000 1.145 
1218.000 1.145 
1219.000 1.144 
1220.000 1.144 
1221.000 1.144 
1222.000 1.144 
1223.000 1.144 
1224.000 1.143 
1225.000 1.143 
1226.000 1.143 
1227.000 1.143 
1228.000 1.142 
1229.000 1.142 
1230.000 1.142 
1231.000 1.142 
1232.000 1.142 
1233.000 1.142 
1234.000 1.141 
1235.000 1.141 
1236.000 1.141 
1237.000 1.141 
1238.000 1.141 
1239.000 1.141 
1240.000 1.141 
1241.000 1.141 
1242.000 1.141 
1243.000 1.141 
1244.000 1.141 
1245.000 1.142 
1246.000 1.142 
1247.000 1.142 
1248.000 1.142 
1249.000 1.142 
1250.000 1.142 
1251.000 1.142 
1252.000 1.143 
1253.000 1.143 
1254.000 1.143 
1255.000 1.143 
1256.000 1.143 
1257.000 1.143 
1258.000 1.144 
1259.000 1.144 
1260.000 1.144 
1261.000 1.144 
1262.000 1.144 
1263.000 1.144 
1264.000 1.144 
1265.000 1.144 
1266.000 1.144 
1267.000 1.145 
1268.000 1.145 
1269.000 1.145 
1270.000 1.145 
