1.000 1.100 
2.000 1.100 
3.000 1.100 
4.000 1.100 
5.000 1.100 
6.000 1.100 
7.000 1.100 
8.000 1.100 
9.000 1.100 
10.000 1.100 
11.000 1.100 
12.000 1.100 
13.000 1.100 
14.000 1.100 
15.000 1.100 
16.000 1.100 
17.000 1.100 
18.000 1.100 
19.000 1.100 
20.000 1.100 
21.000 1.120 
22.000 1.120 
23.000 1.120 
24.000 1.120 
25.000 1.120 
26.000 1.120 
27.000 1.120 
28.000 1.120 
29.000 1.120 
30.000 1.120 
31.000 1.120 
32.000 1.120 
33.000 1.119 
34.000 1.119 
35.000 1.118 
36.000 1.118 
37.000 1.117 
38.000 1.116 
39.000 1.116 
40.000 1.115 
41.000 1.114 
42.000 1.113 
43.000 1.113 
44.000 1.112 
45.000 1.111 
46.000 1.111 
47.000 1.110 
48.000 1.109 
49.000 1.109 
50.000 1.108 
51.000 1.108 
52.000 1.107 
53.000 1.107 
54.000 1.106 
55.000 1.106 
56.000 1.106 
57.000 1.106 
58.000 1.105 
59.000 1.105 
60.000 1.105 
61.000 1.105 
62.000 1.105 
63.000 1.105 
64.000 1.105 
65.000 1.105 
66.000 1.105 
67.000 1.106 
68.000 1.106 
69.000 1.106 
70.000 1.106 
71.000 1.106 
72.000 1.107 
73.000 1.107 
74.000 1.107 
75.000 1.107 
76.000 1.108 
77.000 1.108 
78.000 1.108 
79.000 1.108 
80.000 1.109 
81.000 1.109 
82.000 1.109 
83.000 1.109 
84.000 1.109 
85.000 1.109 
86.000 1.110 
87.000 1.110 
88.000 1.110 
89.000 1.110 
90.000 1.110 
91.000 1.110 
92.000 1.110 
93.000 1.110 
94.000 1.110 
95.000 1.110 
96.000 1.110 
97.000 1.110 
98.000 1.110 
99.000 1.110 
100.000 1.110 
101.000 1.110 
102.000 1.110 
103.000 1.110 
104.000 1.110 
105.000 1.109 
106.000 1.109 
107.000 1.109 
108.000 1.109 
109.000 1.109 
110.000 1.109 
111.000 1.109 
112.000 1.109 
113.000 1.109 
114.000 1.109 
115.000 1.109 
116.000 1.109 
117.000 1.109 
118.000 1.109 
119.000 1.109 
120.000 1.109 
121.000 1.108 
122.000 1.108 
123.000 1.108 
124.000 1.108 
125.000 1.108 
126.000 1.108 
127.000 1.108 
128.000 1.108 
129.000 1.108 
130.000 1.108 
131.000 1.108 
132.000 1.108 
133.000 1.108 
134.000 1.109 
135.000 1.109 
136.000 1.109 
137.000 1.109 
138.000 1.109 
139.000 1.109 
140.000 1.109 
141.000 1.109 
142.000 1.109 
143.000 1.109 
144.000 1.109 
145.000 1.109 
146.000 1.109 
147.000 1.109 
148.000 1.109 
149.000 1.109 
150.000 1.109 
151.000 1.109 
152.000 1.109 
153.000 1.109 
154.000 1.109 
155.000 1.109 
156.000 1.109 
157.000 1.109 
158.000 1.109 
159.000 1.109 
160.000 1.109 
161.000 1.109 
162.000 1.109 
163.000 1.109 
164.000 1.109 
165.000 1.109 
166.000 1.109 
167.000 1.109 
168.000 1.109 
169.000 1.109 
170.000 1.109 
171.000 1.109 
172.000 1.109 
173.000 1.109 
174.000 1.109 
175.000 1.109 
176.000 1.109 
177.000 1.109 
178.000 1.109 
179.000 1.109 
180.000 1.109 
181.000 1.109 
182.000 1.109 
183.000 1.109 
184.000 1.109 
185.000 1.109 
186.000 1.109 
187.000 1.109 
188.000 1.109 
189.000 1.109 
190.000 1.109 
191.000 1.109 
192.000 1.109 
193.000 1.109 
194.000 1.109 
195.000 1.109 
196.000 1.109 
197.000 1.109 
198.000 1.109 
199.000 1.109 
200.000 1.109 
201.000 1.109 
202.000 1.109 
203.000 1.109 
204.000 1.109 
205.000 1.109 
206.000 1.109 
207.000 1.109 
208.000 1.109 
209.000 1.109 
210.000 1.109 
211.000 1.109 
212.000 1.109 
213.000 1.109 
214.000 1.109 
215.000 1.109 
216.000 1.109 
217.000 1.109 
218.000 1.109 
219.000 1.109 
220.000 1.109 
221.000 1.109 
222.000 1.109 
223.000 1.109 
224.000 1.109 
225.000 1.109 
226.000 1.109 
227.000 1.109 
228.000 1.109 
229.000 1.109 
230.000 1.109 
231.000 1.109 
232.000 1.109 
233.000 1.109 
234.000 1.109 
235.000 1.109 
236.000 1.109 
237.000 1.109 
238.000 1.109 
239.000 1.109 
240.000 1.109 
241.000 1.109 
242.000 1.109 
243.000 1.109 
244.000 1.109 
245.000 1.109 
246.000 1.109 
247.000 1.109 
248.000 1.109 
249.000 1.109 
250.000 1.109 
251.000 1.109 
252.000 1.109 
253.000 1.109 
254.000 1.109 
255.000 1.109 
256.000 1.109 
257.000 1.109 
258.000 1.109 
259.000 1.109 
260.000 1.109 
261.000 1.109 
262.000 1.109 
263.000 1.109 
264.000 1.109 
265.000 1.109 
266.000 1.109 
267.000 1.109 
268.000 1.109 
269.000 1.109 
270.000 1.109 
271.000 1.069 
272.000 1.069 
273.000 1.069 
274.000 1.069 
275.000 1.069 
276.000 1.069 
277.000 1.069 
278.000 1.069 
279.000 1.069 
280.000 1.069 
281.000 1.069 
282.000 1.069 
283.000 1.070 
284.000 1.071 
285.000 1.072 
286.000 1.073 
287.000 1.075 
288.000 1.076 
289.000 1.077 
290.000 1.079 
291.000 1.080 
292.000 1.082 
293.000 1.083 
294.000 1.085 
295.000 1.086 
296.000 1.088 
297.000 1.089 
298.000 1.090 
299.000 1.091 
300.000 1.093 
301.000 1.094 
302.000 1.095 
303.000 1.095 
304.000 1.096 
305.000 1.097 
306.000 1.097 
307.000 1.098 
308.000 1.098 
309.000 1.098 
310.000 1.099 
311.000 1.099 
312.000 1.099 
313.000 1.099 
314.000 1.098 
315.000 1.098 
316.000 1.098 
317.000 1.098 
318.000 1.097 
319.000 1.097 
320.000 1.096 
321.000 1.096 
322.000 1.095 
323.000 1.095 
324.000 1.094 
325.000 1.094 
326.000 1.094 
327.000 1.093 
328.000 1.093 
329.000 1.092 
330.000 1.092 
331.000 1.091 
332.000 1.091 
333.000 1.091 
334.000 1.090 
335.000 1.090 
336.000 1.090 
337.000 1.089 
338.000 1.089 
339.000 1.089 
340.000 1.089 
341.000 1.089 
342.000 1.089 
343.000 1.089 
344.000 1.089 
345.000 1.089 
346.000 1.089 
347.000 1.089 
348.000 1.089 
349.000 1.089 
350.000 1.089 
351.000 1.089 
352.000 1.089 
353.000 1.090 
354.000 1.090 
355.000 1.090 
356.000 1.090 
357.000 1.090 
358.000 1.090 
359.000 1.091 
360.000 1.091 
361.000 1.091 
362.000 1.091 
363.000 1.091 
364.000 1.091 
365.000 1.091 
366.000 1.091 
367.000 1.092 
368.000 1.092 
369.000 1.092 
370.000 1.092 
371.000 1.092 
372.000 1.092 
373.000 1.092 
374.000 1.092 
375.000 1.092 
376.000 1.092 
377.000 1.092 
378.000 1.092 
379.000 1.092 
380.000 1.092 
381.000 1.092 
382.000 1.092 
383.000 1.092 
384.000 1.092 
385.000 1.092 
386.000 1.092 
387.000 1.092 
388.000 1.092 
389.000 1.092 
390.000 1.091 
391.000 1.091 
392.000 1.091 
393.000 1.091 
394.000 1.091 
395.000 1.091 
396.000 1.091 
397.000 1.091 
398.000 1.091 
399.000 1.091 
400.000 1.091 
401.000 1.091 
402.000 1.091 
403.000 1.091 
404.000 1.091 
405.000 1.091 
406.000 1.091 
407.000 1.091 
408.000 1.091 
409.000 1.091 
410.000 1.091 
411.000 1.091 
412.000 1.091 
413.000 1.091 
414.000 1.091 
415.000 1.091 
416.000 1.091 
417.000 1.091 
418.000 1.091 
419.000 1.091 
420.000 1.091 
421.000 1.091 
422.000 1.091 
423.000 1.091 
424.000 1.091 
425.000 1.091 
426.000 1.091 
427.000 1.091 
428.000 1.091 
429.000 1.091 
430.000 1.091 
431.000 1.091 
432.000 1.091 
433.000 1.091 
434.000 1.091 
435.000 1.091 
436.000 1.091 
437.000 1.091 
438.000 1.091 
439.000 1.091 
440.000 1.091 
441.000 1.091 
442.000 1.091 
443.000 1.091 
444.000 1.091 
445.000 1.091 
446.000 1.091 
447.000 1.091 
448.000 1.091 
449.000 1.091 
450.000 1.091 
451.000 1.091 
452.000 1.091 
453.000 1.091 
454.000 1.091 
455.000 1.091 
456.000 1.091 
457.000 1.091 
458.000 1.091 
459.000 1.091 
460.000 1.091 
461.000 1.091 
462.000 1.091 
463.000 1.091 
464.000 1.091 
465.000 1.091 
466.000 1.091 
467.000 1.091 
468.000 1.091 
469.000 1.091 
470.000 1.091 
471.000 1.091 
472.000 1.091 
473.000 1.091 
474.000 1.091 
475.000 1.091 
476.000 1.091 
477.000 1.091 
478.000 1.091 
479.000 1.091 
480.000 1.091 
481.000 1.091 
482.000 1.091 
483.000 1.091 
484.000 1.091 
485.000 1.091 
486.000 1.091 
487.000 1.091 
488.000 1.091 
489.000 1.091 
490.000 1.091 
491.000 1.091 
492.000 1.091 
493.000 1.091 
494.000 1.091 
495.000 1.091 
496.000 1.091 
497.000 1.091 
498.000 1.091 
499.000 1.091 
500.000 1.091 
501.000 1.091 
502.000 1.091 
503.000 1.091 
504.000 1.091 
505.000 1.091 
506.000 1.091 
507.000 1.091 
508.000 1.091 
509.000 1.091 
510.000 1.091 
511.000 1.091 
512.000 1.091 
513.000 1.091 
514.000 1.091 
515.000 1.091 
516.000 1.091 
517.000 1.091 
518.000 1.091 
519.000 1.091 
520.000 1.091 
521.000 1.141 
522.000 1.151 
523.000 1.151 
524.000 1.151 
525.000 1.151 
526.000 1.151 
527.000 1.151 
528.000 1.151 
529.000 1.151 
530.000 1.151 
531.000 1.151 
532.000 1.150 
533.000 1.149 
534.000 1.148 
535.000 1.147 
536.000 1.145 
537.000 1.143 
538.000 1.141 
539.000 1.139 
540.000 1.137 
541.000 1.134 
542.000 1.132 
543.000 1.130 
544.000 1.128 
545.000 1.125 
546.000 1.123 
547.000 1.121 
548.000 1.119 
549.000 1.117 
550.000 1.116 
551.000 1.114 
552.000 1.113 
553.000 1.112 
554.000 1.110 
555.000 1.109 
556.000 1.109 
557.000 1.108 
558.000 1.107 
559.000 1.107 
560.000 1.107 
561.000 1.107 
562.000 1.107 
563.000 1.107 
564.000 1.107 
565.000 1.107 
566.000 1.107 
567.000 1.108 
568.000 1.108 
569.000 1.109 
570.000 1.110 
571.000 1.110 
572.000 1.111 
573.000 1.112 
574.000 1.113 
575.000 1.113 
576.000 1.114 
577.000 1.115 
578.000 1.115 
579.000 1.116 
580.000 1.117 
581.000 1.117 
582.000 1.118 
583.000 1.118 
584.000 1.119 
585.000 1.119 
586.000 1.120 
587.000 1.120 
588.000 1.120 
589.000 1.121 
590.000 1.121 
591.000 1.121 
592.000 1.121 
593.000 1.121 
594.000 1.121 
595.000 1.121 
596.000 1.121 
597.000 1.121 
598.000 1.121 
599.000 1.121 
600.000 1.121 
601.000 1.120 
602.000 1.120 
603.000 1.120 
604.000 1.120 
605.000 1.120 
606.000 1.119 
607.000 1.119 
608.000 1.119 
609.000 1.119 
610.000 1.118 
611.000 1.118 
612.000 1.118 
613.000 1.118 
614.000 1.118 
615.000 1.117 
616.000 1.117 
617.000 1.117 
618.000 1.117 
619.000 1.117 
620.000 1.117 
621.000 1.117 
622.000 1.117 
623.000 1.117 
624.000 1.116 
625.000 1.116 
626.000 1.116 
627.000 1.116 
628.000 1.116 
629.000 1.116 
630.000 1.117 
631.000 1.117 
632.000 1.117 
633.000 1.117 
634.000 1.117 
635.000 1.117 
636.000 1.117 
637.000 1.117 
638.000 1.117 
639.000 1.117 
640.000 1.117 
641.000 1.117 
642.000 1.117 
643.000 1.117 
644.000 1.117 
645.000 1.118 
646.000 1.118 
647.000 1.118 
648.000 1.118 
649.000 1.118 
650.000 1.118 
651.000 1.118 
652.000 1.118 
653.000 1.118 
654.000 1.118 
655.000 1.118 
656.000 1.118 
657.000 1.118 
658.000 1.118 
659.000 1.118 
660.000 1.118 
661.000 1.118 
662.000 1.118 
663.000 1.118 
664.000 1.118 
665.000 1.118 
666.000 1.118 
667.000 1.118 
668.000 1.118 
669.000 1.118 
670.000 1.118 
671.000 1.118 
672.000 1.118 
673.000 1.118 
674.000 1.118 
675.000 1.118 
676.000 1.118 
677.000 1.118 
678.000 1.118 
679.000 1.118 
680.000 1.118 
681.000 1.118 
682.000 1.118 
683.000 1.118 
684.000 1.118 
685.000 1.118 
686.000 1.118 
687.000 1.118 
688.000 1.117 
689.000 1.117 
690.000 1.117 
691.000 1.117 
692.000 1.117 
693.000 1.117 
694.000 1.117 
695.000 1.117 
696.000 1.118 
697.000 1.118 
698.000 1.118 
699.000 1.118 
700.000 1.118 
701.000 1.118 
702.000 1.118 
703.000 1.118 
704.000 1.118 
705.000 1.118 
706.000 1.118 
707.000 1.118 
708.000 1.118 
709.000 1.118 
710.000 1.118 
711.000 1.118 
712.000 1.118 
713.000 1.118 
714.000 1.118 
715.000 1.118 
716.000 1.118 
717.000 1.118 
718.000 1.118 
719.000 1.118 
720.000 1.118 
721.000 1.118 
722.000 1.118 
723.000 1.118 
724.000 1.118 
725.000 1.118 
726.000 1.118 
727.000 1.118 
728.000 1.118 
729.000 1.118 
730.000 1.118 
731.000 1.118 
732.000 1.118 
733.000 1.118 
734.000 1.118 
735.000 1.118 
736.000 1.118 
737.000 1.118 
738.000 1.118 
739.000 1.118 
740.000 1.118 
741.000 1.118 
742.000 1.118 
743.000 1.118 
744.000 1.118 
745.000 1.118 
746.000 1.118 
747.000 1.118 
748.000 1.118 
749.000 1.118 
750.000 1.118 
751.000 1.118 
752.000 1.118 
753.000 1.118 
754.000 1.118 
755.000 1.118 
756.000 1.118 
757.000 1.118 
758.000 1.118 
759.000 1.118 
760.000 1.118 
761.000 1.118 
762.000 1.118 
763.000 1.118 
764.000 1.118 
765.000 1.118 
766.000 1.118 
767.000 1.118 
768.000 1.118 
769.000 1.118 
770.000 1.118 
771.000 1.068 
772.000 1.038 
773.000 1.038 
774.000 1.038 
775.000 1.038 
776.000 1.038 
777.000 1.038 
778.000 1.038 
779.000 1.038 
780.000 1.038 
781.000 1.038 
782.000 1.039 
783.000 1.040 
784.000 1.041 
785.000 1.043 
786.000 1.046 
787.000 1.048 
788.000 1.051 
789.000 1.054 
790.000 1.057 
791.000 1.060 
792.000 1.063 
793.000 1.066 
794.000 1.069 
795.000 1.071 
796.000 1.074 
797.000 1.077 
798.000 1.080 
799.000 1.082 
800.000 1.084 
801.000 1.086 
802.000 1.088 
803.000 1.090 
804.000 1.092 
805.000 1.093 
806.000 1.094 
807.000 1.095 
808.000 1.096 
809.000 1.097 
810.000 1.097 
811.000 1.097 
812.000 1.097 
813.000 1.097 
814.000 1.097 
815.000 1.096 
816.000 1.096 
817.000 1.095 
818.000 1.095 
819.000 1.094 
820.000 1.093 
821.000 1.092 
822.000 1.091 
823.000 1.090 
824.000 1.089 
825.000 1.088 
826.000 1.087 
827.000 1.086 
828.000 1.085 
829.000 1.085 
830.000 1.084 
831.000 1.083 
832.000 1.082 
833.000 1.081 
834.000 1.081 
835.000 1.080 
836.000 1.080 
837.000 1.079 
838.000 1.079 
839.000 1.078 
840.000 1.078 
841.000 1.078 
842.000 1.078 
843.000 1.078 
844.000 1.078 
845.000 1.078 
846.000 1.078 
847.000 1.078 
848.000 1.078 
849.000 1.078 
850.000 1.078 
851.000 1.079 
852.000 1.079 
853.000 1.079 
854.000 1.079 
855.000 1.080 
856.000 1.080 
857.000 1.080 
858.000 1.081 
859.000 1.081 
860.000 1.081 
861.000 1.082 
862.000 1.082 
863.000 1.082 
864.000 1.082 
865.000 1.083 
866.000 1.083 
867.000 1.083 
868.000 1.083 
869.000 1.083 
870.000 1.084 
871.000 1.084 
872.000 1.084 
873.000 1.084 
874.000 1.084 
875.000 1.084 
876.000 1.084 
877.000 1.084 
878.000 1.084 
879.000 1.084 
880.000 1.084 
881.000 1.084 
882.000 1.084 
883.000 1.084 
884.000 1.084 
885.000 1.084 
886.000 1.083 
887.000 1.083 
888.000 1.083 
889.000 1.083 
890.000 1.083 
891.000 1.083 
892.000 1.083 
893.000 1.083 
894.000 1.083 
895.000 1.083 
896.000 1.082 
897.000 1.082 
898.000 1.082 
899.000 1.082 
900.000 1.082 
901.000 1.082 
902.000 1.082 
903.000 1.082 
904.000 1.082 
905.000 1.082 
906.000 1.082 
907.000 1.082 
908.000 1.082 
909.000 1.082 
910.000 1.082 
911.000 1.082 
912.000 1.082 
913.000 1.082 
914.000 1.082 
915.000 1.082 
916.000 1.082 
917.000 1.082 
918.000 1.082 
919.000 1.082 
920.000 1.082 
921.000 1.082 
922.000 1.082 
923.000 1.082 
924.000 1.082 
925.000 1.082 
926.000 1.082 
927.000 1.082 
928.000 1.082 
929.000 1.082 
930.000 1.082 
931.000 1.082 
932.000 1.082 
933.000 1.082 
934.000 1.082 
935.000 1.083 
936.000 1.083 
937.000 1.083 
938.000 1.083 
939.000 1.083 
940.000 1.083 
941.000 1.083 
942.000 1.083 
943.000 1.083 
944.000 1.083 
945.000 1.083 
946.000 1.083 
947.000 1.083 
948.000 1.083 
949.000 1.083 
950.000 1.083 
951.000 1.082 
952.000 1.082 
953.000 1.082 
954.000 1.082 
955.000 1.082 
956.000 1.082 
957.000 1.082 
958.000 1.082 
959.000 1.082 
960.000 1.082 
961.000 1.082 
962.000 1.082 
963.000 1.082 
964.000 1.082 
965.000 1.082 
966.000 1.082 
967.000 1.082 
968.000 1.082 
969.000 1.082 
970.000 1.082 
971.000 1.082 
972.000 1.082 
973.000 1.082 
974.000 1.082 
975.000 1.082 
976.000 1.082 
977.000 1.082 
978.000 1.082 
979.000 1.082 
980.000 1.082 
981.000 1.082 
982.000 1.082 
983.000 1.082 
984.000 1.082 
985.000 1.082 
986.000 1.082 
987.000 1.082 
988.000 1.082 
989.000 1.082 
990.000 1.082 
991.000 1.082 
992.000 1.082 
993.000 1.082 
994.000 1.082 
995.000 1.082 
996.000 1.082 
997.000 1.082 
998.000 1.082 
999.000 1.082 
1000.000 1.082 
1001.000 1.082 
1002.000 1.082 
1003.000 1.082 
1004.000 1.082 
1005.000 1.082 
1006.000 1.082 
1007.000 1.082 
1008.000 1.082 
1009.000 1.082 
1010.000 1.082 
1011.000 1.082 
1012.000 1.082 
1013.000 1.082 
1014.000 1.082 
1015.000 1.082 
1016.000 1.082 
1017.000 1.082 
1018.000 1.082 
1019.000 1.082 
1020.000 1.082 
1021.000 1.132 
1022.000 1.182 
1023.000 1.182 
1024.000 1.182 
1025.000 1.182 
1026.000 1.182 
1027.000 1.182 
1028.000 1.182 
1029.000 1.182 
1030.000 1.182 
1031.000 1.182 
1032.000 1.181 
1033.000 1.180 
1034.000 1.178 
1035.000 1.176 
1036.000 1.173 
1037.000 1.170 
1038.000 1.166 
1039.000 1.163 
1040.000 1.159 
1041.000 1.155 
1042.000 1.152 
1043.000 1.148 
1044.000 1.144 
1045.000 1.141 
1046.000 1.137 
1047.000 1.134 
1048.000 1.130 
1049.000 1.127 
1050.000 1.124 
1051.000 1.122 
1052.000 1.119 
1053.000 1.117 
1054.000 1.115 
1055.000 1.113 
1056.000 1.112 
1057.000 1.111 
1058.000 1.110 
1059.000 1.109 
1060.000 1.108 
1061.000 1.108 
1062.000 1.108 
1063.000 1.108 
1064.000 1.108 
1065.000 1.109 
1066.000 1.109 
1067.000 1.110 
1068.000 1.111 
1069.000 1.112 
1070.000 1.113 
1071.000 1.114 
1072.000 1.115 
1073.000 1.116 
1074.000 1.118 
1075.000 1.119 
1076.000 1.120 
1077.000 1.121 
1078.000 1.122 
1079.000 1.124 
1080.000 1.125 
1081.000 1.126 
1082.000 1.127 
1083.000 1.128 
1084.000 1.128 
1085.000 1.129 
1086.000 1.130 
1087.000 1.130 
1088.000 1.131 
1089.000 1.131 
1090.000 1.132 
1091.000 1.132 
1092.000 1.132 
1093.000 1.132 
1094.000 1.132 
1095.000 1.132 
1096.000 1.132 
1097.000 1.132 
1098.000 1.132 
1099.000 1.132 
1100.000 1.132 
1101.000 1.131 
1102.000 1.131 
1103.000 1.131 
1104.000 1.130 
1105.000 1.130 
1106.000 1.129 
1107.000 1.129 
1108.000 1.129 
1109.000 1.128 
1110.000 1.128 
1111.000 1.128 
1112.000 1.127 
1113.000 1.127 
1114.000 1.127 
1115.000 1.126 
1116.000 1.126 
1117.000 1.126 
1118.000 1.125 
1119.000 1.125 
1120.000 1.125 
1121.000 1.125 
1122.000 1.125 
1123.000 1.125 
1124.000 1.125 
1125.000 1.125 
1126.000 1.124 
1127.000 1.124 
1128.000 1.124 
1129.000 1.125 
1130.000 1.125 
1131.000 1.125 
1132.000 1.125 
1133.000 1.125 
1134.000 1.125 
1135.000 1.125 
1136.000 1.125 
1137.000 1.125 
1138.000 1.125 
1139.000 1.125 
1140.000 1.126 
1141.000 1.126 
1142.000 1.126 
1143.000 1.126 
1144.000 1.126 
1145.000 1.126 
1146.000 1.126 
1147.000 1.126 
1148.000 1.127 
1149.000 1.127 
1150.000 1.127 
1151.000 1.127 
1152.000 1.127 
1153.000 1.127 
1154.000 1.127 
1155.000 1.127 
1156.000 1.127 
1157.000 1.127 
1158.000 1.127 
1159.000 1.127 
1160.000 1.127 
1161.000 1.127 
1162.000 1.127 
1163.000 1.127 
1164.000 1.127 
1165.000 1.127 
1166.000 1.127 
1167.000 1.127 
1168.000 1.127 
1169.000 1.127 
1170.000 1.127 
1171.000 1.127 
1172.000 1.127 
1173.000 1.127 
1174.000 1.127 
1175.000 1.127 
1176.000 1.127 
1177.000 1.127 
1178.000 1.126 
1179.000 1.126 
1180.000 1.126 
1181.000 1.126 
1182.000 1.126 
1183.000 1.126 
1184.000 1.126 
1185.000 1.126 
1186.000 1.126 
1187.000 1.126 
1188.000 1.126 
1189.000 1.126 
1190.000 1.126 
1191.000 1.126 
1192.000 1.126 
1193.000 1.126 
1194.000 1.126 
1195.000 1.126 
1196.000 1.126 
1197.000 1.126 
1198.000 1.126 
1199.000 1.126 
1200.000 1.126 
1201.000 1.126 
1202.000 1.126 
1203.000 1.126 
1204.000 1.126 
1205.000 1.126 
1206.000 1.126 
1207.000 1.126 
1208.000 1.126 
1209.000 1.126 
1210.000 1.126 
1211.000 1.126 
1212.000 1.126 
1213.000 1.126 
1214.000 1.126 
1215.000 1.126 
1216.000 1.126 
1217.000 1.126 
1218.000 1.126 
1219.000 1.126 
1220.000 1.126 
1221.000 1.126 
1222.000 1.126 
1223.000 1.126 
1224.000 1.126 
1225.000 1.126 
1226.000 1.126 
1227.000 1.126 
1228.000 1.126 
1229.000 1.126 
1230.000 1.126 
1231.000 1.126 
1232.000 1.126 
1233.000 1.126 
1234.000 1.126 
1235.000 1.126 
1236.000 1.126 
1237.000 1.126 
1238.000 1.126 
1239.000 1.126 
1240.000 1.126 
1241.000 1.126 
1242.000 1.126 
1243.000 1.126 
1244.000 1.126 
1245.000 1.126 
1246.000 1.126 
1247.000 1.126 
1248.000 1.126 
1249.000 1.126 
1250.000 1.126 
1251.000 1.126 
1252.000 1.126 
1253.000 1.126 
1254.000 1.126 
1255.000 1.126 
1256.000 1.126 
1257.000 1.126 
1258.000 1.126 
1259.000 1.126 
1260.000 1.126 
1261.000 1.126 
1262.000 1.126 
1263.000 1.126 
1264.000 1.126 
1265.000 1.126 
1266.000 1.126 
1267.000 1.126 
1268.000 1.126 
1269.000 1.126 
1270.000 1.126 
