1.000 1.100 
2.000 1.100 
3.000 1.100 
4.000 1.100 
5.000 1.100 
6.000 1.100 
7.000 1.100 
8.000 1.100 
9.000 1.100 
10.000 1.100 
11.000 1.100 
12.000 1.100 
13.000 1.100 
14.000 1.100 
15.000 1.100 
16.000 1.100 
17.000 1.100 
18.000 1.100 
19.000 1.100 
20.000 1.100 
21.000 1.130 
22.000 1.131 
23.000 1.131 
24.000 1.131 
25.000 1.132 
26.000 1.132 
27.000 1.133 
28.000 1.133 
29.000 1.134 
30.000 1.134 
31.000 1.134 
32.000 1.134 
33.000 1.134 
34.000 1.133 
35.000 1.132 
36.000 1.131 
37.000 1.130 
38.000 1.129 
39.000 1.127 
40.000 1.126 
41.000 1.124 
42.000 1.122 
43.000 1.121 
44.000 1.119 
45.000 1.117 
46.000 1.115 
47.000 1.114 
48.000 1.112 
49.000 1.111 
50.000 1.109 
51.000 1.108 
52.000 1.107 
53.000 1.105 
54.000 1.104 
55.000 1.104 
56.000 1.103 
57.000 1.102 
58.000 1.102 
59.000 1.101 
60.000 1.101 
61.000 1.101 
62.000 1.101 
63.000 1.102 
64.000 1.102 
65.000 1.102 
66.000 1.103 
67.000 1.104 
68.000 1.104 
69.000 1.105 
70.000 1.106 
71.000 1.107 
72.000 1.108 
73.000 1.109 
74.000 1.110 
75.000 1.111 
76.000 1.112 
77.000 1.113 
78.000 1.114 
79.000 1.115 
80.000 1.116 
81.000 1.117 
82.000 1.118 
83.000 1.118 
84.000 1.119 
85.000 1.120 
86.000 1.120 
87.000 1.120 
88.000 1.121 
89.000 1.121 
90.000 1.121 
91.000 1.121 
92.000 1.121 
93.000 1.121 
94.000 1.121 
95.000 1.121 
96.000 1.121 
97.000 1.120 
98.000 1.120 
99.000 1.119 
100.000 1.119 
101.000 1.118 
102.000 1.118 
103.000 1.117 
104.000 1.117 
105.000 1.116 
106.000 1.116 
107.000 1.115 
108.000 1.115 
109.000 1.114 
110.000 1.113 
111.000 1.113 
112.000 1.113 
113.000 1.112 
114.000 1.112 
115.000 1.111 
116.000 1.111 
117.000 1.111 
118.000 1.111 
119.000 1.111 
120.000 1.111 
121.000 1.110 
122.000 1.110 
123.000 1.111 
124.000 1.111 
125.000 1.111 
126.000 1.111 
127.000 1.111 
128.000 1.111 
129.000 1.112 
130.000 1.112 
131.000 1.112 
132.000 1.113 
133.000 1.113 
134.000 1.113 
135.000 1.114 
136.000 1.114 
137.000 1.114 
138.000 1.115 
139.000 1.115 
140.000 1.115 
141.000 1.115 
142.000 1.116 
143.000 1.116 
144.000 1.116 
145.000 1.116 
146.000 1.117 
147.000 1.117 
148.000 1.117 
149.000 1.117 
150.000 1.117 
151.000 1.117 
152.000 1.117 
153.000 1.117 
154.000 1.117 
155.000 1.117 
156.000 1.117 
157.000 1.117 
158.000 1.117 
159.000 1.117 
160.000 1.117 
161.000 1.116 
162.000 1.116 
163.000 1.116 
164.000 1.116 
165.000 1.116 
166.000 1.116 
167.000 1.115 
168.000 1.115 
169.000 1.115 
170.000 1.115 
171.000 1.115 
172.000 1.115 
173.000 1.114 
174.000 1.114 
175.000 1.114 
176.000 1.114 
177.000 1.114 
178.000 1.114 
179.000 1.114 
180.000 1.114 
181.000 1.114 
182.000 1.114 
183.000 1.114 
184.000 1.114 
185.000 1.114 
186.000 1.114 
187.000 1.114 
188.000 1.114 
189.000 1.114 
190.000 1.114 
191.000 1.114 
192.000 1.114 
193.000 1.114 
194.000 1.115 
195.000 1.115 
196.000 1.115 
197.000 1.115 
198.000 1.115 
199.000 1.115 
200.000 1.115 
201.000 1.115 
202.000 1.115 
203.000 1.116 
204.000 1.116 
205.000 1.116 
206.000 1.116 
207.000 1.116 
208.000 1.116 
209.000 1.116 
210.000 1.116 
211.000 1.116 
212.000 1.116 
213.000 1.116 
214.000 1.116 
215.000 1.116 
216.000 1.116 
217.000 1.116 
218.000 1.116 
219.000 1.116 
220.000 1.116 
221.000 1.116 
222.000 1.116 
223.000 1.116 
224.000 1.116 
225.000 1.116 
226.000 1.116 
227.000 1.116 
228.000 1.115 
229.000 1.115 
230.000 1.115 
231.000 1.115 
232.000 1.115 
233.000 1.115 
234.000 1.115 
235.000 1.115 
236.000 1.115 
237.000 1.115 
238.000 1.115 
239.000 1.115 
240.000 1.115 
241.000 1.115 
242.000 1.115 
243.000 1.115 
244.000 1.115 
245.000 1.115 
246.000 1.115 
247.000 1.115 
248.000 1.115 
249.000 1.115 
250.000 1.115 
251.000 1.115 
252.000 1.115 
253.000 1.115 
254.000 1.115 
255.000 1.115 
256.000 1.115 
257.000 1.115 
258.000 1.115 
259.000 1.115 
260.000 1.115 
261.000 1.115 
262.000 1.116 
263.000 1.116 
264.000 1.116 
265.000 1.116 
266.000 1.116 
267.000 1.116 
268.000 1.116 
269.000 1.116 
270.000 1.116 
271.000 1.066 
272.000 1.054 
273.000 1.054 
274.000 1.053 
275.000 1.052 
276.000 1.051 
277.000 1.050 
278.000 1.049 
279.000 1.049 
280.000 1.048 
281.000 1.047 
282.000 1.047 
283.000 1.048 
284.000 1.049 
285.000 1.051 
286.000 1.053 
287.000 1.055 
288.000 1.058 
289.000 1.061 
290.000 1.064 
291.000 1.067 
292.000 1.070 
293.000 1.074 
294.000 1.077 
295.000 1.080 
296.000 1.084 
297.000 1.087 
298.000 1.091 
299.000 1.094 
300.000 1.097 
301.000 1.099 
302.000 1.102 
303.000 1.104 
304.000 1.106 
305.000 1.108 
306.000 1.110 
307.000 1.111 
308.000 1.112 
309.000 1.113 
310.000 1.113 
311.000 1.113 
312.000 1.113 
313.000 1.112 
314.000 1.112 
315.000 1.111 
316.000 1.110 
317.000 1.108 
318.000 1.107 
319.000 1.105 
320.000 1.104 
321.000 1.102 
322.000 1.100 
323.000 1.098 
324.000 1.096 
325.000 1.094 
326.000 1.092 
327.000 1.090 
328.000 1.088 
329.000 1.086 
330.000 1.084 
331.000 1.082 
332.000 1.081 
333.000 1.079 
334.000 1.078 
335.000 1.077 
336.000 1.076 
337.000 1.075 
338.000 1.074 
339.000 1.074 
340.000 1.073 
341.000 1.073 
342.000 1.073 
343.000 1.073 
344.000 1.073 
345.000 1.074 
346.000 1.074 
347.000 1.075 
348.000 1.076 
349.000 1.077 
350.000 1.078 
351.000 1.079 
352.000 1.080 
353.000 1.081 
354.000 1.082 
355.000 1.083 
356.000 1.084 
357.000 1.085 
358.000 1.086 
359.000 1.087 
360.000 1.088 
361.000 1.089 
362.000 1.090 
363.000 1.091 
364.000 1.092 
365.000 1.093 
366.000 1.093 
367.000 1.094 
368.000 1.094 
369.000 1.094 
370.000 1.094 
371.000 1.095 
372.000 1.095 
373.000 1.095 
374.000 1.094 
375.000 1.094 
376.000 1.094 
377.000 1.093 
378.000 1.093 
379.000 1.093 
380.000 1.092 
381.000 1.091 
382.000 1.091 
383.000 1.090 
384.000 1.089 
385.000 1.089 
386.000 1.088 
387.000 1.087 
388.000 1.087 
389.000 1.086 
390.000 1.085 
391.000 1.085 
392.000 1.084 
393.000 1.084 
394.000 1.083 
395.000 1.083 
396.000 1.082 
397.000 1.082 
398.000 1.082 
399.000 1.082 
400.000 1.081 
401.000 1.081 
402.000 1.081 
403.000 1.081 
404.000 1.081 
405.000 1.081 
406.000 1.081 
407.000 1.082 
408.000 1.082 
409.000 1.082 
410.000 1.082 
411.000 1.083 
412.000 1.083 
413.000 1.083 
414.000 1.084 
415.000 1.084 
416.000 1.084 
417.000 1.085 
418.000 1.085 
419.000 1.086 
420.000 1.086 
421.000 1.086 
422.000 1.086 
423.000 1.087 
424.000 1.087 
425.000 1.087 
426.000 1.088 
427.000 1.088 
428.000 1.088 
429.000 1.088 
430.000 1.088 
431.000 1.088 
432.000 1.088 
433.000 1.088 
434.000 1.088 
435.000 1.088 
436.000 1.088 
437.000 1.088 
438.000 1.088 
439.000 1.088 
440.000 1.087 
441.000 1.087 
442.000 1.087 
443.000 1.087 
444.000 1.087 
445.000 1.086 
446.000 1.086 
447.000 1.086 
448.000 1.086 
449.000 1.085 
450.000 1.085 
451.000 1.085 
452.000 1.085 
453.000 1.085 
454.000 1.084 
455.000 1.084 
456.000 1.084 
457.000 1.084 
458.000 1.084 
459.000 1.084 
460.000 1.084 
461.000 1.084 
462.000 1.084 
463.000 1.084 
464.000 1.084 
465.000 1.084 
466.000 1.084 
467.000 1.084 
468.000 1.084 
469.000 1.084 
470.000 1.084 
471.000 1.084 
472.000 1.084 
473.000 1.084 
474.000 1.084 
475.000 1.084 
476.000 1.084 
477.000 1.085 
478.000 1.085 
479.000 1.085 
480.000 1.085 
481.000 1.085 
482.000 1.085 
483.000 1.085 
484.000 1.085 
485.000 1.085 
486.000 1.086 
487.000 1.086 
488.000 1.086 
489.000 1.086 
490.000 1.086 
491.000 1.086 
492.000 1.086 
493.000 1.086 
494.000 1.086 
495.000 1.086 
496.000 1.086 
497.000 1.086 
498.000 1.086 
499.000 1.086 
500.000 1.086 
501.000 1.086 
502.000 1.085 
503.000 1.085 
504.000 1.085 
505.000 1.085 
506.000 1.085 
507.000 1.085 
508.000 1.085 
509.000 1.085 
510.000 1.085 
511.000 1.085 
512.000 1.085 
513.000 1.085 
514.000 1.085 
515.000 1.085 
516.000 1.084 
517.000 1.084 
518.000 1.084 
519.000 1.084 
520.000 1.084 
521.000 1.134 
522.000 1.176 
523.000 1.177 
524.000 1.179 
525.000 1.180 
526.000 1.181 
527.000 1.182 
528.000 1.184 
529.000 1.185 
530.000 1.186 
531.000 1.187 
532.000 1.187 
533.000 1.187 
534.000 1.185 
535.000 1.183 
536.000 1.180 
537.000 1.176 
538.000 1.173 
539.000 1.168 
540.000 1.164 
541.000 1.159 
542.000 1.154 
543.000 1.149 
544.000 1.144 
545.000 1.139 
546.000 1.134 
547.000 1.129 
548.000 1.124 
549.000 1.119 
550.000 1.114 
551.000 1.110 
552.000 1.106 
553.000 1.103 
554.000 1.099 
555.000 1.097 
556.000 1.094 
557.000 1.092 
558.000 1.091 
559.000 1.089 
560.000 1.089 
561.000 1.088 
562.000 1.089 
563.000 1.089 
564.000 1.090 
565.000 1.091 
566.000 1.093 
567.000 1.095 
568.000 1.097 
569.000 1.099 
570.000 1.102 
571.000 1.105 
572.000 1.107 
573.000 1.110 
574.000 1.113 
575.000 1.117 
576.000 1.120 
577.000 1.123 
578.000 1.126 
579.000 1.129 
580.000 1.131 
581.000 1.134 
582.000 1.136 
583.000 1.139 
584.000 1.141 
585.000 1.142 
586.000 1.144 
587.000 1.145 
588.000 1.146 
589.000 1.147 
590.000 1.148 
591.000 1.148 
592.000 1.148 
593.000 1.148 
594.000 1.148 
595.000 1.147 
596.000 1.147 
597.000 1.146 
598.000 1.145 
599.000 1.143 
600.000 1.142 
601.000 1.141 
602.000 1.139 
603.000 1.137 
604.000 1.136 
605.000 1.134 
606.000 1.132 
607.000 1.131 
608.000 1.129 
609.000 1.127 
610.000 1.126 
611.000 1.124 
612.000 1.123 
613.000 1.122 
614.000 1.120 
615.000 1.119 
616.000 1.119 
617.000 1.118 
618.000 1.117 
619.000 1.117 
620.000 1.116 
621.000 1.116 
622.000 1.116 
623.000 1.116 
624.000 1.116 
625.000 1.117 
626.000 1.117 
627.000 1.118 
628.000 1.118 
629.000 1.119 
630.000 1.120 
631.000 1.121 
632.000 1.122 
633.000 1.122 
634.000 1.123 
635.000 1.125 
636.000 1.126 
637.000 1.127 
638.000 1.128 
639.000 1.129 
640.000 1.130 
641.000 1.130 
642.000 1.131 
643.000 1.132 
644.000 1.133 
645.000 1.134 
646.000 1.134 
647.000 1.135 
648.000 1.135 
649.000 1.136 
650.000 1.136 
651.000 1.136 
652.000 1.136 
653.000 1.136 
654.000 1.136 
655.000 1.136 
656.000 1.136 
657.000 1.136 
658.000 1.135 
659.000 1.135 
660.000 1.135 
661.000 1.134 
662.000 1.134 
663.000 1.133 
664.000 1.133 
665.000 1.132 
666.000 1.131 
667.000 1.131 
668.000 1.130 
669.000 1.130 
670.000 1.129 
671.000 1.129 
672.000 1.128 
673.000 1.128 
674.000 1.127 
675.000 1.127 
676.000 1.127 
677.000 1.126 
678.000 1.126 
679.000 1.126 
680.000 1.126 
681.000 1.126 
682.000 1.126 
683.000 1.126 
684.000 1.126 
685.000 1.126 
686.000 1.126 
687.000 1.126 
688.000 1.126 
689.000 1.126 
690.000 1.127 
691.000 1.127 
692.000 1.127 
693.000 1.128 
694.000 1.128 
695.000 1.128 
696.000 1.129 
697.000 1.129 
698.000 1.129 
699.000 1.130 
700.000 1.130 
701.000 1.130 
702.000 1.131 
703.000 1.131 
704.000 1.131 
705.000 1.131 
706.000 1.132 
707.000 1.132 
708.000 1.132 
709.000 1.132 
710.000 1.132 
711.000 1.132 
712.000 1.132 
713.000 1.133 
714.000 1.133 
715.000 1.133 
716.000 1.132 
717.000 1.132 
718.000 1.132 
719.000 1.132 
720.000 1.132 
721.000 1.132 
722.000 1.132 
723.000 1.132 
724.000 1.132 
725.000 1.131 
726.000 1.131 
727.000 1.131 
728.000 1.131 
729.000 1.131 
730.000 1.130 
731.000 1.130 
732.000 1.130 
733.000 1.130 
734.000 1.130 
735.000 1.130 
736.000 1.130 
737.000 1.130 
738.000 1.129 
739.000 1.129 
740.000 1.129 
741.000 1.129 
742.000 1.129 
743.000 1.129 
744.000 1.129 
745.000 1.129 
746.000 1.129 
747.000 1.129 
748.000 1.129 
749.000 1.129 
750.000 1.129 
751.000 1.130 
752.000 1.130 
753.000 1.130 
754.000 1.130 
755.000 1.130 
756.000 1.130 
757.000 1.130 
758.000 1.130 
759.000 1.130 
760.000 1.131 
761.000 1.131 
762.000 1.131 
763.000 1.131 
764.000 1.131 
765.000 1.131 
766.000 1.131 
767.000 1.131 
768.000 1.131 
769.000 1.131 
770.000 1.131 
771.000 1.081 
772.000 1.031 
773.000 1.007 
774.000 1.006 
775.000 1.004 
776.000 1.002 
777.000 1.001 
778.000 0.999 
779.000 0.997 
780.000 0.996 
781.000 0.994 
782.000 0.994 
783.000 0.994 
784.000 0.996 
785.000 0.999 
786.000 1.002 
787.000 1.007 
788.000 1.012 
789.000 1.017 
790.000 1.023 
791.000 1.029 
792.000 1.036 
793.000 1.042 
794.000 1.049 
795.000 1.056 
796.000 1.063 
797.000 1.070 
798.000 1.077 
799.000 1.083 
800.000 1.089 
801.000 1.095 
802.000 1.100 
803.000 1.105 
804.000 1.110 
805.000 1.114 
806.000 1.117 
807.000 1.120 
808.000 1.122 
809.000 1.124 
810.000 1.125 
811.000 1.126 
812.000 1.126 
813.000 1.125 
814.000 1.124 
815.000 1.123 
816.000 1.121 
817.000 1.118 
818.000 1.116 
819.000 1.113 
820.000 1.109 
821.000 1.106 
822.000 1.102 
823.000 1.098 
824.000 1.094 
825.000 1.090 
826.000 1.086 
827.000 1.081 
828.000 1.077 
829.000 1.074 
830.000 1.070 
831.000 1.066 
832.000 1.063 
833.000 1.060 
834.000 1.057 
835.000 1.054 
836.000 1.052 
837.000 1.050 
838.000 1.049 
839.000 1.048 
840.000 1.047 
841.000 1.046 
842.000 1.046 
843.000 1.046 
844.000 1.046 
845.000 1.047 
846.000 1.048 
847.000 1.049 
848.000 1.050 
849.000 1.052 
850.000 1.054 
851.000 1.056 
852.000 1.058 
853.000 1.060 
854.000 1.062 
855.000 1.064 
856.000 1.067 
857.000 1.069 
858.000 1.071 
859.000 1.073 
860.000 1.075 
861.000 1.077 
862.000 1.079 
863.000 1.081 
864.000 1.083 
865.000 1.084 
866.000 1.085 
867.000 1.086 
868.000 1.087 
869.000 1.088 
870.000 1.089 
871.000 1.089 
872.000 1.089 
873.000 1.089 
874.000 1.089 
875.000 1.089 
876.000 1.088 
877.000 1.087 
878.000 1.087 
879.000 1.086 
880.000 1.085 
881.000 1.083 
882.000 1.082 
883.000 1.081 
884.000 1.080 
885.000 1.078 
886.000 1.077 
887.000 1.075 
888.000 1.074 
889.000 1.073 
890.000 1.071 
891.000 1.070 
892.000 1.069 
893.000 1.068 
894.000 1.067 
895.000 1.066 
896.000 1.065 
897.000 1.064 
898.000 1.064 
899.000 1.063 
900.000 1.063 
901.000 1.062 
902.000 1.062 
903.000 1.062 
904.000 1.062 
905.000 1.062 
906.000 1.063 
907.000 1.063 
908.000 1.063 
909.000 1.064 
910.000 1.064 
911.000 1.065 
912.000 1.065 
913.000 1.066 
914.000 1.067 
915.000 1.068 
916.000 1.068 
917.000 1.069 
918.000 1.070 
919.000 1.070 
920.000 1.071 
921.000 1.072 
922.000 1.072 
923.000 1.073 
924.000 1.074 
925.000 1.074 
926.000 1.075 
927.000 1.075 
928.000 1.075 
929.000 1.076 
930.000 1.076 
931.000 1.076 
932.000 1.076 
933.000 1.076 
934.000 1.076 
935.000 1.076 
936.000 1.076 
937.000 1.076 
938.000 1.076 
939.000 1.075 
940.000 1.075 
941.000 1.075 
942.000 1.074 
943.000 1.074 
944.000 1.073 
945.000 1.073 
946.000 1.072 
947.000 1.072 
948.000 1.072 
949.000 1.071 
950.000 1.071 
951.000 1.070 
952.000 1.070 
953.000 1.069 
954.000 1.069 
955.000 1.069 
956.000 1.068 
957.000 1.068 
958.000 1.068 
959.000 1.068 
960.000 1.067 
961.000 1.067 
962.000 1.067 
963.000 1.067 
964.000 1.067 
965.000 1.067 
966.000 1.067 
967.000 1.067 
968.000 1.067 
969.000 1.067 
970.000 1.068 
971.000 1.068 
972.000 1.068 
973.000 1.068 
974.000 1.068 
975.000 1.069 
976.000 1.069 
977.000 1.069 
978.000 1.069 
979.000 1.069 
980.000 1.070 
981.000 1.070 
982.000 1.070 
983.000 1.070 
984.000 1.071 
985.000 1.071 
986.000 1.071 
987.000 1.071 
988.000 1.071 
989.000 1.071 
990.000 1.071 
991.000 1.071 
992.000 1.072 
993.000 1.072 
994.000 1.072 
995.000 1.072 
996.000 1.071 
997.000 1.071 
998.000 1.071 
999.000 1.071 
1000.000 1.071 
1001.000 1.071 
1002.000 1.071 
1003.000 1.071 
1004.000 1.071 
1005.000 1.071 
1006.000 1.070 
1007.000 1.070 
1008.000 1.070 
1009.000 1.070 
1010.000 1.070 
1011.000 1.070 
1012.000 1.069 
1013.000 1.069 
1014.000 1.069 
1015.000 1.069 
1016.000 1.069 
1017.000 1.069 
1018.000 1.069 
1019.000 1.069 
1020.000 1.069 
1021.000 1.119 
1022.000 1.169 
1023.000 1.219 
1024.000 1.226 
1025.000 1.228 
1026.000 1.230 
1027.000 1.232 
1028.000 1.234 
1029.000 1.236 
1030.000 1.238 
1031.000 1.240 
1032.000 1.241 
1033.000 1.241 
1034.000 1.239 
1035.000 1.236 
1036.000 1.232 
1037.000 1.227 
1038.000 1.221 
1039.000 1.214 
1040.000 1.207 
1041.000 1.199 
1042.000 1.191 
1043.000 1.183 
1044.000 1.174 
1045.000 1.165 
1046.000 1.157 
1047.000 1.148 
1048.000 1.140 
1049.000 1.131 
1050.000 1.124 
1051.000 1.116 
1052.000 1.109 
1053.000 1.103 
1054.000 1.097 
1055.000 1.092 
1056.000 1.087 
1057.000 1.084 
1058.000 1.081 
1059.000 1.078 
1060.000 1.077 
1061.000 1.076 
1062.000 1.075 
1063.000 1.076 
1064.000 1.077 
1065.000 1.079 
1066.000 1.081 
1067.000 1.084 
1068.000 1.087 
1069.000 1.091 
1070.000 1.095 
1071.000 1.100 
1072.000 1.104 
1073.000 1.109 
1074.000 1.114 
1075.000 1.119 
1076.000 1.125 
1077.000 1.130 
1078.000 1.135 
1079.000 1.140 
1080.000 1.144 
1081.000 1.149 
1082.000 1.153 
1083.000 1.157 
1084.000 1.161 
1085.000 1.164 
1086.000 1.167 
1087.000 1.169 
1088.000 1.172 
1089.000 1.173 
1090.000 1.174 
1091.000 1.175 
1092.000 1.176 
1093.000 1.176 
1094.000 1.175 
1095.000 1.175 
1096.000 1.174 
1097.000 1.172 
1098.000 1.171 
1099.000 1.169 
1100.000 1.167 
1101.000 1.164 
1102.000 1.162 
1103.000 1.159 
1104.000 1.156 
1105.000 1.153 
1106.000 1.151 
1107.000 1.148 
1108.000 1.145 
1109.000 1.142 
1110.000 1.139 
1111.000 1.137 
1112.000 1.134 
1113.000 1.132 
1114.000 1.130 
1115.000 1.128 
1116.000 1.127 
1117.000 1.125 
1118.000 1.124 
1119.000 1.123 
1120.000 1.122 
1121.000 1.122 
1122.000 1.122 
1123.000 1.121 
1124.000 1.122 
1125.000 1.122 
1126.000 1.123 
1127.000 1.123 
1128.000 1.124 
1129.000 1.126 
1130.000 1.127 
1131.000 1.128 
1132.000 1.130 
1133.000 1.131 
1134.000 1.133 
1135.000 1.135 
1136.000 1.136 
1137.000 1.138 
1138.000 1.140 
1139.000 1.142 
1140.000 1.143 
1141.000 1.145 
1142.000 1.146 
1143.000 1.148 
1144.000 1.149 
1145.000 1.150 
1146.000 1.151 
1147.000 1.152 
1148.000 1.153 
1149.000 1.154 
1150.000 1.154 
1151.000 1.155 
1152.000 1.155 
1153.000 1.155 
1154.000 1.155 
1155.000 1.155 
1156.000 1.155 
1157.000 1.155 
1158.000 1.154 
1159.000 1.154 
1160.000 1.153 
1161.000 1.152 
1162.000 1.151 
1163.000 1.151 
1164.000 1.150 
1165.000 1.149 
1166.000 1.148 
1167.000 1.147 
1168.000 1.146 
1169.000 1.145 
1170.000 1.144 
1171.000 1.143 
1172.000 1.143 
1173.000 1.142 
1174.000 1.141 
1175.000 1.140 
1176.000 1.140 
1177.000 1.139 
1178.000 1.139 
1179.000 1.138 
1180.000 1.138 
1181.000 1.138 
1182.000 1.138 
1183.000 1.138 
1184.000 1.138 
1185.000 1.138 
1186.000 1.138 
1187.000 1.138 
1188.000 1.138 
1189.000 1.139 
1190.000 1.139 
1191.000 1.140 
1192.000 1.140 
1193.000 1.141 
1194.000 1.141 
1195.000 1.142 
1196.000 1.142 
1197.000 1.143 
1198.000 1.143 
1199.000 1.144 
1200.000 1.144 
1201.000 1.145 
1202.000 1.146 
1203.000 1.146 
1204.000 1.147 
1205.000 1.147 
1206.000 1.147 
1207.000 1.148 
1208.000 1.148 
1209.000 1.148 
1210.000 1.149 
1211.000 1.149 
1212.000 1.149 
1213.000 1.149 
1214.000 1.149 
1215.000 1.149 
1216.000 1.149 
1217.000 1.149 
1218.000 1.149 
1219.000 1.149 
1220.000 1.149 
1221.000 1.148 
1222.000 1.148 
1223.000 1.148 
1224.000 1.148 
1225.000 1.147 
1226.000 1.147 
1227.000 1.147 
1228.000 1.146 
1229.000 1.146 
1230.000 1.146 
1231.000 1.146 
1232.000 1.145 
1233.000 1.145 
1234.000 1.145 
1235.000 1.144 
1236.000 1.144 
1237.000 1.144 
1238.000 1.144 
1239.000 1.144 
1240.000 1.144 
1241.000 1.144 
1242.000 1.144 
1243.000 1.143 
1244.000 1.143 
1245.000 1.143 
1246.000 1.143 
1247.000 1.144 
1248.000 1.144 
1249.000 1.144 
1250.000 1.144 
1251.000 1.144 
1252.000 1.144 
1253.000 1.144 
1254.000 1.144 
1255.000 1.145 
1256.000 1.145 
1257.000 1.145 
1258.000 1.145 
1259.000 1.145 
1260.000 1.146 
1261.000 1.146 
1262.000 1.146 
1263.000 1.146 
1264.000 1.146 
1265.000 1.147 
1266.000 1.147 
1267.000 1.147 
1268.000 1.147 
1269.000 1.147 
1270.000 1.147 
