1.000 1.100 
2.000 1.100 
3.000 1.100 
4.000 1.100 
5.000 1.100 
6.000 1.100 
7.000 1.100 
8.000 1.100 
9.000 1.100 
10.000 1.100 
11.000 1.100 
12.000 1.100 
13.000 1.100 
14.000 1.100 
15.000 1.100 
16.000 1.100 
17.000 1.100 
18.000 1.100 
19.000 1.100 
20.000 1.100 
21.000 1.140 
22.000 1.140 
23.000 1.140 
24.000 1.140 
25.000 1.140 
26.000 1.140 
27.000 1.140 
28.000 1.140 
29.000 1.140 
30.000 1.140 
31.000 1.140 
32.000 1.139 
33.000 1.137 
34.000 1.136 
35.000 1.134 
36.000 1.131 
37.000 1.129 
38.000 1.126 
39.000 1.123 
40.000 1.120 
41.000 1.117 
42.000 1.114 
43.000 1.111 
44.000 1.108 
45.000 1.105 
46.000 1.103 
47.000 1.100 
48.000 1.098 
49.000 1.096 
50.000 1.094 
51.000 1.092 
52.000 1.091 
53.000 1.090 
54.000 1.090 
55.000 1.089 
56.000 1.089 
57.000 1.089 
58.000 1.090 
59.000 1.091 
60.000 1.092 
61.000 1.093 
62.000 1.095 
63.000 1.096 
64.000 1.098 
65.000 1.100 
66.000 1.103 
67.000 1.105 
68.000 1.107 
69.000 1.109 
70.000 1.111 
71.000 1.114 
72.000 1.116 
73.000 1.118 
74.000 1.120 
75.000 1.121 
76.000 1.123 
77.000 1.124 
78.000 1.125 
79.000 1.126 
80.000 1.127 
81.000 1.128 
82.000 1.128 
83.000 1.128 
84.000 1.128 
85.000 1.127 
86.000 1.127 
87.000 1.126 
88.000 1.125 
89.000 1.124 
90.000 1.122 
91.000 1.121 
92.000 1.119 
93.000 1.118 
94.000 1.116 
95.000 1.115 
96.000 1.113 
97.000 1.111 
98.000 1.110 
99.000 1.108 
100.000 1.106 
101.000 1.105 
102.000 1.104 
103.000 1.103 
104.000 1.102 
105.000 1.101 
106.000 1.100 
107.000 1.099 
108.000 1.099 
109.000 1.099 
110.000 1.099 
111.000 1.099 
112.000 1.099 
113.000 1.100 
114.000 1.100 
115.000 1.101 
116.000 1.102 
117.000 1.103 
118.000 1.104 
119.000 1.105 
120.000 1.106 
121.000 1.108 
122.000 1.109 
123.000 1.110 
124.000 1.111 
125.000 1.113 
126.000 1.114 
127.000 1.115 
128.000 1.116 
129.000 1.117 
130.000 1.118 
131.000 1.119 
132.000 1.119 
133.000 1.120 
134.000 1.120 
135.000 1.120 
136.000 1.121 
137.000 1.121 
138.000 1.120 
139.000 1.120 
140.000 1.120 
141.000 1.119 
142.000 1.119 
143.000 1.118 
144.000 1.118 
145.000 1.117 
146.000 1.116 
147.000 1.115 
148.000 1.114 
149.000 1.113 
150.000 1.112 
151.000 1.111 
152.000 1.110 
153.000 1.109 
154.000 1.109 
155.000 1.108 
156.000 1.107 
157.000 1.106 
158.000 1.106 
159.000 1.105 
160.000 1.105 
161.000 1.105 
162.000 1.104 
163.000 1.104 
164.000 1.104 
165.000 1.104 
166.000 1.105 
167.000 1.105 
168.000 1.105 
169.000 1.106 
170.000 1.106 
171.000 1.107 
172.000 1.107 
173.000 1.108 
174.000 1.109 
175.000 1.109 
176.000 1.110 
177.000 1.111 
178.000 1.111 
179.000 1.112 
180.000 1.113 
181.000 1.113 
182.000 1.114 
183.000 1.114 
184.000 1.115 
185.000 1.115 
186.000 1.116 
187.000 1.116 
188.000 1.116 
189.000 1.116 
190.000 1.116 
191.000 1.116 
192.000 1.116 
193.000 1.116 
194.000 1.116 
195.000 1.116 
196.000 1.116 
197.000 1.115 
198.000 1.115 
199.000 1.114 
200.000 1.114 
201.000 1.113 
202.000 1.113 
203.000 1.112 
204.000 1.112 
205.000 1.111 
206.000 1.111 
207.000 1.110 
208.000 1.110 
209.000 1.109 
210.000 1.109 
211.000 1.109 
212.000 1.108 
213.000 1.108 
214.000 1.108 
215.000 1.108 
216.000 1.107 
217.000 1.107 
218.000 1.107 
219.000 1.107 
220.000 1.108 
221.000 1.108 
222.000 1.108 
223.000 1.108 
224.000 1.108 
225.000 1.109 
226.000 1.109 
227.000 1.109 
228.000 1.110 
229.000 1.110 
230.000 1.111 
231.000 1.111 
232.000 1.111 
233.000 1.112 
234.000 1.112 
235.000 1.112 
236.000 1.113 
237.000 1.113 
238.000 1.113 
239.000 1.114 
240.000 1.114 
241.000 1.114 
242.000 1.114 
243.000 1.114 
244.000 1.114 
245.000 1.114 
246.000 1.114 
247.000 1.114 
248.000 1.114 
249.000 1.114 
250.000 1.114 
251.000 1.113 
252.000 1.113 
253.000 1.113 
254.000 1.113 
255.000 1.112 
256.000 1.112 
257.000 1.112 
258.000 1.112 
259.000 1.111 
260.000 1.111 
261.000 1.111 
262.000 1.110 
263.000 1.110 
264.000 1.110 
265.000 1.110 
266.000 1.110 
267.000 1.109 
268.000 1.109 
269.000 1.109 
270.000 1.109 
271.000 1.059 
272.000 1.029 
273.000 1.029 
274.000 1.029 
275.000 1.029 
276.000 1.029 
277.000 1.030 
278.000 1.030 
279.000 1.030 
280.000 1.030 
281.000 1.031 
282.000 1.032 
283.000 1.035 
284.000 1.038 
285.000 1.042 
286.000 1.047 
287.000 1.052 
288.000 1.058 
289.000 1.064 
290.000 1.070 
291.000 1.076 
292.000 1.082 
293.000 1.088 
294.000 1.094 
295.000 1.100 
296.000 1.106 
297.000 1.111 
298.000 1.116 
299.000 1.120 
300.000 1.124 
301.000 1.127 
302.000 1.130 
303.000 1.132 
304.000 1.133 
305.000 1.134 
306.000 1.134 
307.000 1.134 
308.000 1.133 
309.000 1.131 
310.000 1.129 
311.000 1.126 
312.000 1.123 
313.000 1.120 
314.000 1.116 
315.000 1.112 
316.000 1.107 
317.000 1.103 
318.000 1.098 
319.000 1.094 
320.000 1.089 
321.000 1.085 
322.000 1.080 
323.000 1.076 
324.000 1.072 
325.000 1.069 
326.000 1.065 
327.000 1.063 
328.000 1.060 
329.000 1.058 
330.000 1.057 
331.000 1.056 
332.000 1.055 
333.000 1.055 
334.000 1.055 
335.000 1.056 
336.000 1.057 
337.000 1.059 
338.000 1.061 
339.000 1.063 
340.000 1.066 
341.000 1.068 
342.000 1.071 
343.000 1.075 
344.000 1.078 
345.000 1.081 
346.000 1.085 
347.000 1.088 
348.000 1.092 
349.000 1.095 
350.000 1.098 
351.000 1.101 
352.000 1.104 
353.000 1.106 
354.000 1.108 
355.000 1.110 
356.000 1.112 
357.000 1.113 
358.000 1.114 
359.000 1.114 
360.000 1.114 
361.000 1.114 
362.000 1.113 
363.000 1.112 
364.000 1.111 
365.000 1.110 
366.000 1.108 
367.000 1.106 
368.000 1.104 
369.000 1.102 
370.000 1.099 
371.000 1.097 
372.000 1.094 
373.000 1.092 
374.000 1.089 
375.000 1.086 
376.000 1.084 
377.000 1.082 
378.000 1.080 
379.000 1.078 
380.000 1.076 
381.000 1.074 
382.000 1.073 
383.000 1.072 
384.000 1.071 
385.000 1.070 
386.000 1.070 
387.000 1.070 
388.000 1.070 
389.000 1.070 
390.000 1.071 
391.000 1.072 
392.000 1.073 
393.000 1.074 
394.000 1.076 
395.000 1.077 
396.000 1.079 
397.000 1.081 
398.000 1.083 
399.000 1.085 
400.000 1.087 
401.000 1.088 
402.000 1.090 
403.000 1.092 
404.000 1.094 
405.000 1.096 
406.000 1.097 
407.000 1.098 
408.000 1.100 
409.000 1.101 
410.000 1.101 
411.000 1.102 
412.000 1.103 
413.000 1.103 
414.000 1.103 
415.000 1.103 
416.000 1.102 
417.000 1.102 
418.000 1.101 
419.000 1.100 
420.000 1.100 
421.000 1.098 
422.000 1.097 
423.000 1.096 
424.000 1.095 
425.000 1.093 
426.000 1.092 
427.000 1.090 
428.000 1.089 
429.000 1.088 
430.000 1.086 
431.000 1.085 
432.000 1.084 
433.000 1.082 
434.000 1.081 
435.000 1.081 
436.000 1.080 
437.000 1.079 
438.000 1.079 
439.000 1.078 
440.000 1.078 
441.000 1.078 
442.000 1.078 
443.000 1.078 
444.000 1.079 
445.000 1.079 
446.000 1.080 
447.000 1.081 
448.000 1.081 
449.000 1.082 
450.000 1.083 
451.000 1.084 
452.000 1.085 
453.000 1.086 
454.000 1.087 
455.000 1.089 
456.000 1.090 
457.000 1.091 
458.000 1.092 
459.000 1.092 
460.000 1.093 
461.000 1.094 
462.000 1.095 
463.000 1.095 
464.000 1.096 
465.000 1.096 
466.000 1.096 
467.000 1.097 
468.000 1.097 
469.000 1.097 
470.000 1.096 
471.000 1.096 
472.000 1.096 
473.000 1.095 
474.000 1.095 
475.000 1.094 
476.000 1.094 
477.000 1.093 
478.000 1.092 
479.000 1.091 
480.000 1.090 
481.000 1.090 
482.000 1.089 
483.000 1.088 
484.000 1.087 
485.000 1.087 
486.000 1.086 
487.000 1.085 
488.000 1.085 
489.000 1.084 
490.000 1.084 
491.000 1.083 
492.000 1.083 
493.000 1.083 
494.000 1.083 
495.000 1.083 
496.000 1.083 
497.000 1.083 
498.000 1.083 
499.000 1.083 
500.000 1.084 
501.000 1.084 
502.000 1.085 
503.000 1.085 
504.000 1.086 
505.000 1.086 
506.000 1.087 
507.000 1.087 
508.000 1.088 
509.000 1.089 
510.000 1.089 
511.000 1.090 
512.000 1.090 
513.000 1.091 
514.000 1.091 
515.000 1.092 
516.000 1.092 
517.000 1.092 
518.000 1.093 
519.000 1.093 
520.000 1.093 
521.000 1.143 
522.000 1.193 
523.000 1.213 
524.000 1.213 
525.000 1.213 
526.000 1.213 
527.000 1.212 
528.000 1.212 
529.000 1.212 
530.000 1.211 
531.000 1.211 
532.000 1.209 
533.000 1.205 
534.000 1.200 
535.000 1.194 
536.000 1.187 
537.000 1.180 
538.000 1.171 
539.000 1.163 
540.000 1.154 
541.000 1.144 
542.000 1.135 
543.000 1.126 
544.000 1.117 
545.000 1.108 
546.000 1.099 
547.000 1.091 
548.000 1.084 
549.000 1.077 
550.000 1.071 
551.000 1.066 
552.000 1.062 
553.000 1.059 
554.000 1.056 
555.000 1.055 
556.000 1.054 
557.000 1.054 
558.000 1.056 
559.000 1.058 
560.000 1.061 
561.000 1.065 
562.000 1.069 
563.000 1.074 
564.000 1.080 
565.000 1.086 
566.000 1.092 
567.000 1.099 
568.000 1.106 
569.000 1.113 
570.000 1.120 
571.000 1.127 
572.000 1.133 
573.000 1.140 
574.000 1.146 
575.000 1.151 
576.000 1.156 
577.000 1.161 
578.000 1.165 
579.000 1.168 
580.000 1.170 
581.000 1.172 
582.000 1.173 
583.000 1.174 
584.000 1.174 
585.000 1.173 
586.000 1.171 
587.000 1.169 
588.000 1.166 
589.000 1.163 
590.000 1.159 
591.000 1.155 
592.000 1.150 
593.000 1.145 
594.000 1.140 
595.000 1.135 
596.000 1.130 
597.000 1.125 
598.000 1.119 
599.000 1.115 
600.000 1.110 
601.000 1.105 
602.000 1.101 
603.000 1.097 
604.000 1.094 
605.000 1.091 
606.000 1.089 
607.000 1.087 
608.000 1.085 
609.000 1.085 
610.000 1.084 
611.000 1.084 
612.000 1.085 
613.000 1.086 
614.000 1.088 
615.000 1.090 
616.000 1.093 
617.000 1.095 
618.000 1.099 
619.000 1.102 
620.000 1.106 
621.000 1.109 
622.000 1.113 
623.000 1.117 
624.000 1.121 
625.000 1.125 
626.000 1.129 
627.000 1.132 
628.000 1.135 
629.000 1.139 
630.000 1.141 
631.000 1.144 
632.000 1.146 
633.000 1.148 
634.000 1.149 
635.000 1.150 
636.000 1.151 
637.000 1.151 
638.000 1.151 
639.000 1.151 
640.000 1.150 
641.000 1.148 
642.000 1.147 
643.000 1.145 
644.000 1.143 
645.000 1.141 
646.000 1.138 
647.000 1.135 
648.000 1.133 
649.000 1.130 
650.000 1.127 
651.000 1.124 
652.000 1.121 
653.000 1.118 
654.000 1.116 
655.000 1.113 
656.000 1.111 
657.000 1.109 
658.000 1.107 
659.000 1.105 
660.000 1.104 
661.000 1.103 
662.000 1.102 
663.000 1.101 
664.000 1.101 
665.000 1.101 
666.000 1.102 
667.000 1.102 
668.000 1.103 
669.000 1.104 
670.000 1.106 
671.000 1.107 
672.000 1.109 
673.000 1.111 
674.000 1.113 
675.000 1.115 
676.000 1.117 
677.000 1.119 
678.000 1.122 
679.000 1.124 
680.000 1.126 
681.000 1.128 
682.000 1.130 
683.000 1.131 
684.000 1.133 
685.000 1.134 
686.000 1.136 
687.000 1.137 
688.000 1.138 
689.000 1.138 
690.000 1.138 
691.000 1.139 
692.000 1.139 
693.000 1.138 
694.000 1.138 
695.000 1.137 
696.000 1.136 
697.000 1.135 
698.000 1.134 
699.000 1.133 
700.000 1.131 
701.000 1.130 
702.000 1.128 
703.000 1.127 
704.000 1.125 
705.000 1.123 
706.000 1.122 
707.000 1.120 
708.000 1.119 
709.000 1.117 
710.000 1.116 
711.000 1.115 
712.000 1.114 
713.000 1.113 
714.000 1.112 
715.000 1.111 
716.000 1.111 
717.000 1.111 
718.000 1.111 
719.000 1.111 
720.000 1.111 
721.000 1.111 
722.000 1.112 
723.000 1.112 
724.000 1.113 
725.000 1.114 
726.000 1.115 
727.000 1.116 
728.000 1.117 
729.000 1.118 
730.000 1.120 
731.000 1.121 
732.000 1.122 
733.000 1.123 
734.000 1.124 
735.000 1.125 
736.000 1.127 
737.000 1.128 
738.000 1.128 
739.000 1.129 
740.000 1.130 
741.000 1.130 
742.000 1.131 
743.000 1.131 
744.000 1.131 
745.000 1.132 
746.000 1.132 
747.000 1.131 
748.000 1.131 
749.000 1.131 
750.000 1.130 
751.000 1.130 
752.000 1.129 
753.000 1.128 
754.000 1.127 
755.000 1.127 
756.000 1.126 
757.000 1.125 
758.000 1.124 
759.000 1.123 
760.000 1.122 
761.000 1.121 
762.000 1.120 
763.000 1.120 
764.000 1.119 
765.000 1.118 
766.000 1.118 
767.000 1.117 
768.000 1.117 
769.000 1.116 
770.000 1.116 
771.000 1.066 
772.000 1.016 
773.000 0.966 
774.000 0.956 
775.000 0.956 
776.000 0.957 
777.000 0.957 
778.000 0.957 
779.000 0.958 
780.000 0.958 
781.000 0.959 
782.000 0.961 
783.000 0.965 
784.000 0.971 
785.000 0.979 
786.000 0.988 
787.000 0.998 
788.000 1.008 
789.000 1.020 
790.000 1.032 
791.000 1.044 
792.000 1.056 
793.000 1.069 
794.000 1.081 
795.000 1.093 
796.000 1.105 
797.000 1.115 
798.000 1.126 
799.000 1.135 
800.000 1.143 
801.000 1.151 
802.000 1.157 
803.000 1.162 
804.000 1.165 
805.000 1.168 
806.000 1.169 
807.000 1.169 
808.000 1.167 
809.000 1.165 
810.000 1.161 
811.000 1.157 
812.000 1.151 
813.000 1.144 
814.000 1.137 
815.000 1.129 
816.000 1.121 
817.000 1.112 
818.000 1.103 
819.000 1.093 
820.000 1.084 
821.000 1.075 
822.000 1.066 
823.000 1.057 
824.000 1.049 
825.000 1.041 
826.000 1.034 
827.000 1.028 
828.000 1.023 
829.000 1.018 
830.000 1.015 
831.000 1.012 
832.000 1.010 
833.000 1.009 
834.000 1.009 
835.000 1.010 
836.000 1.012 
837.000 1.015 
838.000 1.018 
839.000 1.022 
840.000 1.027 
841.000 1.033 
842.000 1.039 
843.000 1.045 
844.000 1.052 
845.000 1.058 
846.000 1.065 
847.000 1.072 
848.000 1.079 
849.000 1.086 
850.000 1.092 
851.000 1.099 
852.000 1.104 
853.000 1.109 
854.000 1.114 
855.000 1.118 
856.000 1.122 
857.000 1.124 
858.000 1.127 
859.000 1.128 
860.000 1.129 
861.000 1.129 
862.000 1.128 
863.000 1.126 
864.000 1.124 
865.000 1.122 
866.000 1.119 
867.000 1.115 
868.000 1.111 
869.000 1.106 
870.000 1.102 
871.000 1.097 
872.000 1.092 
873.000 1.086 
874.000 1.081 
875.000 1.076 
876.000 1.071 
877.000 1.066 
878.000 1.062 
879.000 1.057 
880.000 1.054 
881.000 1.050 
882.000 1.047 
883.000 1.044 
884.000 1.042 
885.000 1.041 
886.000 1.040 
887.000 1.039 
888.000 1.039 
889.000 1.040 
890.000 1.041 
891.000 1.042 
892.000 1.044 
893.000 1.047 
894.000 1.049 
895.000 1.052 
896.000 1.056 
897.000 1.059 
898.000 1.063 
899.000 1.067 
900.000 1.071 
901.000 1.074 
902.000 1.078 
903.000 1.082 
904.000 1.086 
905.000 1.089 
906.000 1.092 
907.000 1.095 
908.000 1.098 
909.000 1.100 
910.000 1.102 
911.000 1.104 
912.000 1.105 
913.000 1.106 
914.000 1.106 
915.000 1.106 
916.000 1.106 
917.000 1.105 
918.000 1.104 
919.000 1.102 
920.000 1.101 
921.000 1.098 
922.000 1.096 
923.000 1.094 
924.000 1.091 
925.000 1.088 
926.000 1.085 
927.000 1.083 
928.000 1.080 
929.000 1.077 
930.000 1.074 
931.000 1.071 
932.000 1.069 
933.000 1.066 
934.000 1.064 
935.000 1.062 
936.000 1.060 
937.000 1.059 
938.000 1.058 
939.000 1.057 
940.000 1.056 
941.000 1.056 
942.000 1.056 
943.000 1.056 
944.000 1.057 
945.000 1.058 
946.000 1.059 
947.000 1.060 
948.000 1.062 
949.000 1.063 
950.000 1.065 
951.000 1.067 
952.000 1.069 
953.000 1.071 
954.000 1.074 
955.000 1.076 
956.000 1.078 
957.000 1.080 
958.000 1.082 
959.000 1.084 
960.000 1.086 
961.000 1.087 
962.000 1.089 
963.000 1.090 
964.000 1.091 
965.000 1.092 
966.000 1.093 
967.000 1.093 
968.000 1.093 
969.000 1.093 
970.000 1.093 
971.000 1.093 
972.000 1.092 
973.000 1.091 
974.000 1.090 
975.000 1.089 
976.000 1.088 
977.000 1.087 
978.000 1.085 
979.000 1.084 
980.000 1.082 
981.000 1.080 
982.000 1.079 
983.000 1.077 
984.000 1.076 
985.000 1.074 
986.000 1.073 
987.000 1.071 
988.000 1.070 
989.000 1.069 
990.000 1.068 
991.000 1.067 
992.000 1.066 
993.000 1.066 
994.000 1.066 
995.000 1.065 
996.000 1.065 
997.000 1.066 
998.000 1.066 
999.000 1.066 
1000.000 1.067 
1001.000 1.068 
1002.000 1.069 
1003.000 1.070 
1004.000 1.071 
1005.000 1.072 
1006.000 1.073 
1007.000 1.074 
1008.000 1.075 
1009.000 1.076 
1010.000 1.078 
1011.000 1.079 
1012.000 1.080 
1013.000 1.081 
1014.000 1.082 
1015.000 1.083 
1016.000 1.084 
1017.000 1.084 
1018.000 1.085 
1019.000 1.086 
1020.000 1.086 
1021.000 1.136 
1022.000 1.186 
1023.000 1.236 
1024.000 1.286 
1025.000 1.286 
1026.000 1.286 
1027.000 1.285 
1028.000 1.285 
1029.000 1.284 
1030.000 1.283 
1031.000 1.282 
1032.000 1.280 
1033.000 1.276 
1034.000 1.269 
1035.000 1.261 
1036.000 1.250 
1037.000 1.238 
1038.000 1.225 
1039.000 1.211 
1040.000 1.196 
1041.000 1.181 
1042.000 1.166 
1043.000 1.150 
1044.000 1.135 
1045.000 1.120 
1046.000 1.105 
1047.000 1.091 
1048.000 1.078 
1049.000 1.066 
1050.000 1.055 
1051.000 1.046 
1052.000 1.037 
1053.000 1.031 
1054.000 1.026 
1055.000 1.022 
1056.000 1.020 
1057.000 1.019 
1058.000 1.021 
1059.000 1.023 
1060.000 1.027 
1061.000 1.033 
1062.000 1.039 
1063.000 1.047 
1064.000 1.056 
1065.000 1.066 
1066.000 1.076 
1067.000 1.087 
1068.000 1.098 
1069.000 1.110 
1070.000 1.121 
1071.000 1.133 
1072.000 1.144 
1073.000 1.155 
1074.000 1.166 
1075.000 1.176 
1076.000 1.185 
1077.000 1.193 
1078.000 1.200 
1079.000 1.206 
1080.000 1.211 
1081.000 1.215 
1082.000 1.218 
1083.000 1.219 
1084.000 1.219 
1085.000 1.219 
1086.000 1.217 
1087.000 1.214 
1088.000 1.210 
1089.000 1.205 
1090.000 1.199 
1091.000 1.192 
1092.000 1.185 
1093.000 1.177 
1094.000 1.169 
1095.000 1.161 
1096.000 1.152 
1097.000 1.143 
1098.000 1.135 
1099.000 1.126 
1100.000 1.118 
1101.000 1.110 
1102.000 1.103 
1103.000 1.096 
1104.000 1.090 
1105.000 1.085 
1106.000 1.080 
1107.000 1.076 
1108.000 1.073 
1109.000 1.071 
1110.000 1.070 
1111.000 1.070 
1112.000 1.071 
1113.000 1.072 
1114.000 1.074 
1115.000 1.077 
1116.000 1.081 
1117.000 1.085 
1118.000 1.090 
1119.000 1.096 
1120.000 1.101 
1121.000 1.107 
1122.000 1.114 
1123.000 1.120 
1124.000 1.127 
1125.000 1.133 
1126.000 1.140 
1127.000 1.146 
1128.000 1.152 
1129.000 1.157 
1130.000 1.162 
1131.000 1.167 
1132.000 1.171 
1133.000 1.174 
1134.000 1.177 
1135.000 1.179 
1136.000 1.181 
1137.000 1.181 
1138.000 1.182 
1139.000 1.181 
1140.000 1.180 
1141.000 1.179 
1142.000 1.176 
1143.000 1.174 
1144.000 1.170 
1145.000 1.167 
1146.000 1.163 
1147.000 1.158 
1148.000 1.154 
1149.000 1.149 
1150.000 1.144 
1151.000 1.139 
1152.000 1.134 
1153.000 1.130 
1154.000 1.125 
1155.000 1.121 
1156.000 1.117 
1157.000 1.113 
1158.000 1.109 
1159.000 1.106 
1160.000 1.104 
1161.000 1.102 
1162.000 1.100 
1163.000 1.099 
1164.000 1.098 
1165.000 1.098 
1166.000 1.098 
1167.000 1.099 
1168.000 1.100 
1169.000 1.102 
1170.000 1.104 
1171.000 1.107 
1172.000 1.109 
1173.000 1.112 
1174.000 1.116 
1175.000 1.119 
1176.000 1.123 
1177.000 1.126 
1178.000 1.130 
1179.000 1.133 
1180.000 1.137 
1181.000 1.140 
1182.000 1.144 
1183.000 1.147 
1184.000 1.150 
1185.000 1.152 
1186.000 1.154 
1187.000 1.156 
1188.000 1.158 
1189.000 1.159 
1190.000 1.160 
1191.000 1.160 
1192.000 1.161 
1193.000 1.160 
1194.000 1.160 
1195.000 1.159 
1196.000 1.158 
1197.000 1.156 
1198.000 1.154 
1199.000 1.152 
1200.000 1.150 
1201.000 1.148 
1202.000 1.145 
1203.000 1.142 
1204.000 1.140 
1205.000 1.137 
1206.000 1.134 
1207.000 1.132 
1208.000 1.129 
1209.000 1.127 
1210.000 1.124 
1211.000 1.122 
1212.000 1.120 
1213.000 1.119 
1214.000 1.117 
1215.000 1.116 
1216.000 1.115 
1217.000 1.114 
1218.000 1.114 
1219.000 1.114 
1220.000 1.114 
1221.000 1.114 
1222.000 1.115 
1223.000 1.116 
1224.000 1.117 
1225.000 1.119 
1226.000 1.120 
1227.000 1.122 
1228.000 1.124 
1229.000 1.125 
1230.000 1.127 
1231.000 1.129 
1232.000 1.132 
1233.000 1.134 
1234.000 1.136 
1235.000 1.137 
1236.000 1.139 
1237.000 1.141 
1238.000 1.143 
1239.000 1.144 
1240.000 1.145 
1241.000 1.146 
1242.000 1.147 
1243.000 1.148 
1244.000 1.148 
1245.000 1.149 
1246.000 1.149 
1247.000 1.149 
1248.000 1.148 
1249.000 1.148 
1250.000 1.147 
1251.000 1.146 
1252.000 1.145 
1253.000 1.144 
1254.000 1.143 
1255.000 1.142 
1256.000 1.140 
1257.000 1.139 
1258.000 1.137 
1259.000 1.136 
1260.000 1.134 
1261.000 1.133 
1262.000 1.131 
1263.000 1.130 
1264.000 1.129 
1265.000 1.127 
1266.000 1.126 
1267.000 1.125 
1268.000 1.125 
1269.000 1.124 
1270.000 1.123 
