1.000 1.100 
2.000 1.100 
3.000 1.100 
4.000 1.100 
5.000 1.100 
6.000 1.100 
7.000 1.100 
8.000 1.100 
9.000 1.100 
10.000 1.100 
11.000 1.100 
12.000 1.100 
13.000 1.100 
14.000 1.100 
15.000 1.100 
16.000 1.100 
17.000 1.100 
18.000 1.100 
19.000 1.100 
20.000 1.100 
21.000 1.130 
22.000 1.131 
23.000 1.132 
24.000 1.133 
25.000 1.134 
26.000 1.135 
27.000 1.136 
28.000 1.137 
29.000 1.138 
30.000 1.139 
31.000 1.140 
32.000 1.140 
33.000 1.140 
34.000 1.140 
35.000 1.140 
36.000 1.139 
37.000 1.138 
38.000 1.137 
39.000 1.136 
40.000 1.134 
41.000 1.133 
42.000 1.131 
43.000 1.129 
44.000 1.127 
45.000 1.125 
46.000 1.123 
47.000 1.121 
48.000 1.119 
49.000 1.117 
50.000 1.115 
51.000 1.113 
52.000 1.111 
53.000 1.110 
54.000 1.108 
55.000 1.106 
56.000 1.105 
57.000 1.104 
58.000 1.102 
59.000 1.101 
60.000 1.101 
61.000 1.100 
62.000 1.099 
63.000 1.099 
64.000 1.099 
65.000 1.099 
66.000 1.099 
67.000 1.099 
68.000 1.099 
69.000 1.100 
70.000 1.101 
71.000 1.102 
72.000 1.102 
73.000 1.103 
74.000 1.105 
75.000 1.106 
76.000 1.107 
77.000 1.108 
78.000 1.110 
79.000 1.111 
80.000 1.112 
81.000 1.114 
82.000 1.115 
83.000 1.116 
84.000 1.118 
85.000 1.119 
86.000 1.120 
87.000 1.121 
88.000 1.122 
89.000 1.123 
90.000 1.124 
91.000 1.125 
92.000 1.125 
93.000 1.126 
94.000 1.126 
95.000 1.127 
96.000 1.127 
97.000 1.127 
98.000 1.127 
99.000 1.127 
100.000 1.126 
101.000 1.126 
102.000 1.126 
103.000 1.125 
104.000 1.124 
105.000 1.124 
106.000 1.123 
107.000 1.122 
108.000 1.122 
109.000 1.121 
110.000 1.120 
111.000 1.119 
112.000 1.118 
113.000 1.117 
114.000 1.116 
115.000 1.115 
116.000 1.114 
117.000 1.114 
118.000 1.113 
119.000 1.112 
120.000 1.111 
121.000 1.111 
122.000 1.110 
123.000 1.110 
124.000 1.109 
125.000 1.109 
126.000 1.109 
127.000 1.108 
128.000 1.108 
129.000 1.108 
130.000 1.108 
131.000 1.108 
132.000 1.108 
133.000 1.109 
134.000 1.109 
135.000 1.109 
136.000 1.110 
137.000 1.110 
138.000 1.111 
139.000 1.111 
140.000 1.112 
141.000 1.112 
142.000 1.113 
143.000 1.113 
144.000 1.114 
145.000 1.115 
146.000 1.115 
147.000 1.116 
148.000 1.116 
149.000 1.117 
150.000 1.117 
151.000 1.118 
152.000 1.118 
153.000 1.119 
154.000 1.119 
155.000 1.120 
156.000 1.120 
157.000 1.120 
158.000 1.120 
159.000 1.121 
160.000 1.121 
161.000 1.121 
162.000 1.121 
163.000 1.121 
164.000 1.121 
165.000 1.120 
166.000 1.120 
167.000 1.120 
168.000 1.120 
169.000 1.120 
170.000 1.119 
171.000 1.119 
172.000 1.119 
173.000 1.118 
174.000 1.118 
175.000 1.117 
176.000 1.117 
177.000 1.117 
178.000 1.116 
179.000 1.116 
180.000 1.115 
181.000 1.115 
182.000 1.115 
183.000 1.114 
184.000 1.114 
185.000 1.114 
186.000 1.113 
187.000 1.113 
188.000 1.113 
189.000 1.113 
190.000 1.113 
191.000 1.113 
192.000 1.112 
193.000 1.112 
194.000 1.112 
195.000 1.112 
196.000 1.112 
197.000 1.113 
198.000 1.113 
199.000 1.113 
200.000 1.113 
201.000 1.113 
202.000 1.113 
203.000 1.114 
204.000 1.114 
205.000 1.114 
206.000 1.114 
207.000 1.115 
208.000 1.115 
209.000 1.115 
210.000 1.115 
211.000 1.116 
212.000 1.116 
213.000 1.116 
214.000 1.116 
215.000 1.117 
216.000 1.117 
217.000 1.117 
218.000 1.117 
219.000 1.117 
220.000 1.118 
221.000 1.118 
222.000 1.118 
223.000 1.118 
224.000 1.118 
225.000 1.118 
226.000 1.118 
227.000 1.118 
228.000 1.118 
229.000 1.118 
230.000 1.118 
231.000 1.118 
232.000 1.118 
233.000 1.117 
234.000 1.117 
235.000 1.117 
236.000 1.117 
237.000 1.117 
238.000 1.117 
239.000 1.117 
240.000 1.116 
241.000 1.116 
242.000 1.116 
243.000 1.116 
244.000 1.116 
245.000 1.116 
246.000 1.115 
247.000 1.115 
248.000 1.115 
249.000 1.115 
250.000 1.115 
251.000 1.115 
252.000 1.115 
253.000 1.114 
254.000 1.114 
255.000 1.114 
256.000 1.114 
257.000 1.114 
258.000 1.114 
259.000 1.114 
260.000 1.114 
261.000 1.114 
262.000 1.114 
263.000 1.114 
264.000 1.114 
265.000 1.115 
266.000 1.115 
267.000 1.115 
268.000 1.115 
269.000 1.115 
270.000 1.115 
271.000 1.065 
272.000 1.052 
273.000 1.051 
274.000 1.049 
275.000 1.047 
276.000 1.045 
277.000 1.044 
278.000 1.042 
279.000 1.040 
280.000 1.038 
281.000 1.037 
282.000 1.036 
283.000 1.036 
284.000 1.036 
285.000 1.037 
286.000 1.038 
287.000 1.040 
288.000 1.042 
289.000 1.045 
290.000 1.048 
291.000 1.051 
292.000 1.054 
293.000 1.058 
294.000 1.061 
295.000 1.065 
296.000 1.069 
297.000 1.073 
298.000 1.077 
299.000 1.081 
300.000 1.085 
301.000 1.089 
302.000 1.093 
303.000 1.096 
304.000 1.100 
305.000 1.103 
306.000 1.106 
307.000 1.108 
308.000 1.111 
309.000 1.113 
310.000 1.114 
311.000 1.116 
312.000 1.117 
313.000 1.118 
314.000 1.118 
315.000 1.118 
316.000 1.118 
317.000 1.117 
318.000 1.117 
319.000 1.115 
320.000 1.114 
321.000 1.112 
322.000 1.111 
323.000 1.109 
324.000 1.106 
325.000 1.104 
326.000 1.102 
327.000 1.099 
328.000 1.096 
329.000 1.094 
330.000 1.091 
331.000 1.088 
332.000 1.085 
333.000 1.083 
334.000 1.080 
335.000 1.078 
336.000 1.076 
337.000 1.073 
338.000 1.071 
339.000 1.070 
340.000 1.068 
341.000 1.066 
342.000 1.065 
343.000 1.064 
344.000 1.063 
345.000 1.063 
346.000 1.062 
347.000 1.062 
348.000 1.062 
349.000 1.063 
350.000 1.063 
351.000 1.064 
352.000 1.065 
353.000 1.066 
354.000 1.067 
355.000 1.068 
356.000 1.070 
357.000 1.071 
358.000 1.073 
359.000 1.074 
360.000 1.076 
361.000 1.078 
362.000 1.080 
363.000 1.082 
364.000 1.083 
365.000 1.085 
366.000 1.087 
367.000 1.088 
368.000 1.090 
369.000 1.092 
370.000 1.093 
371.000 1.094 
372.000 1.095 
373.000 1.096 
374.000 1.097 
375.000 1.098 
376.000 1.098 
377.000 1.099 
378.000 1.099 
379.000 1.099 
380.000 1.099 
381.000 1.099 
382.000 1.099 
383.000 1.098 
384.000 1.098 
385.000 1.097 
386.000 1.096 
387.000 1.095 
388.000 1.095 
389.000 1.094 
390.000 1.092 
391.000 1.091 
392.000 1.090 
393.000 1.089 
394.000 1.088 
395.000 1.087 
396.000 1.085 
397.000 1.084 
398.000 1.083 
399.000 1.082 
400.000 1.081 
401.000 1.080 
402.000 1.079 
403.000 1.078 
404.000 1.077 
405.000 1.077 
406.000 1.076 
407.000 1.076 
408.000 1.075 
409.000 1.075 
410.000 1.075 
411.000 1.074 
412.000 1.074 
413.000 1.075 
414.000 1.075 
415.000 1.075 
416.000 1.075 
417.000 1.076 
418.000 1.076 
419.000 1.077 
420.000 1.077 
421.000 1.078 
422.000 1.079 
423.000 1.079 
424.000 1.080 
425.000 1.081 
426.000 1.082 
427.000 1.083 
428.000 1.083 
429.000 1.084 
430.000 1.085 
431.000 1.086 
432.000 1.086 
433.000 1.087 
434.000 1.088 
435.000 1.088 
436.000 1.089 
437.000 1.089 
438.000 1.090 
439.000 1.090 
440.000 1.090 
441.000 1.091 
442.000 1.091 
443.000 1.091 
444.000 1.091 
445.000 1.091 
446.000 1.091 
447.000 1.091 
448.000 1.090 
449.000 1.090 
450.000 1.090 
451.000 1.089 
452.000 1.089 
453.000 1.089 
454.000 1.088 
455.000 1.088 
456.000 1.087 
457.000 1.087 
458.000 1.086 
459.000 1.086 
460.000 1.085 
461.000 1.084 
462.000 1.084 
463.000 1.083 
464.000 1.083 
465.000 1.083 
466.000 1.082 
467.000 1.082 
468.000 1.081 
469.000 1.081 
470.000 1.081 
471.000 1.080 
472.000 1.080 
473.000 1.080 
474.000 1.080 
475.000 1.080 
476.000 1.080 
477.000 1.080 
478.000 1.080 
479.000 1.080 
480.000 1.080 
481.000 1.080 
482.000 1.081 
483.000 1.081 
484.000 1.081 
485.000 1.081 
486.000 1.082 
487.000 1.082 
488.000 1.082 
489.000 1.083 
490.000 1.083 
491.000 1.083 
492.000 1.084 
493.000 1.084 
494.000 1.084 
495.000 1.085 
496.000 1.085 
497.000 1.085 
498.000 1.086 
499.000 1.086 
500.000 1.086 
501.000 1.086 
502.000 1.087 
503.000 1.087 
504.000 1.087 
505.000 1.087 
506.000 1.087 
507.000 1.087 
508.000 1.087 
509.000 1.087 
510.000 1.087 
511.000 1.087 
512.000 1.087 
513.000 1.087 
514.000 1.087 
515.000 1.087 
516.000 1.086 
517.000 1.086 
518.000 1.086 
519.000 1.086 
520.000 1.086 
521.000 1.136 
522.000 1.179 
523.000 1.182 
524.000 1.185 
525.000 1.187 
526.000 1.190 
527.000 1.192 
528.000 1.195 
529.000 1.198 
530.000 1.200 
531.000 1.202 
532.000 1.204 
533.000 1.204 
534.000 1.204 
535.000 1.203 
536.000 1.201 
537.000 1.199 
538.000 1.195 
539.000 1.192 
540.000 1.188 
541.000 1.183 
542.000 1.178 
543.000 1.173 
544.000 1.167 
545.000 1.162 
546.000 1.156 
547.000 1.150 
548.000 1.144 
549.000 1.137 
550.000 1.131 
551.000 1.126 
552.000 1.120 
553.000 1.115 
554.000 1.109 
555.000 1.105 
556.000 1.100 
557.000 1.096 
558.000 1.093 
559.000 1.089 
560.000 1.087 
561.000 1.084 
562.000 1.083 
563.000 1.081 
564.000 1.081 
565.000 1.080 
566.000 1.081 
567.000 1.081 
568.000 1.083 
569.000 1.084 
570.000 1.086 
571.000 1.089 
572.000 1.091 
573.000 1.094 
574.000 1.098 
575.000 1.101 
576.000 1.105 
577.000 1.109 
578.000 1.113 
579.000 1.117 
580.000 1.121 
581.000 1.125 
582.000 1.129 
583.000 1.133 
584.000 1.137 
585.000 1.140 
586.000 1.144 
587.000 1.147 
588.000 1.150 
589.000 1.153 
590.000 1.156 
591.000 1.158 
592.000 1.160 
593.000 1.161 
594.000 1.163 
595.000 1.164 
596.000 1.164 
597.000 1.164 
598.000 1.164 
599.000 1.164 
600.000 1.163 
601.000 1.162 
602.000 1.161 
603.000 1.160 
604.000 1.158 
605.000 1.156 
606.000 1.154 
607.000 1.152 
608.000 1.149 
609.000 1.147 
610.000 1.144 
611.000 1.141 
612.000 1.139 
613.000 1.136 
614.000 1.133 
615.000 1.131 
616.000 1.128 
617.000 1.126 
618.000 1.123 
619.000 1.121 
620.000 1.119 
621.000 1.117 
622.000 1.115 
623.000 1.114 
624.000 1.112 
625.000 1.111 
626.000 1.110 
627.000 1.110 
628.000 1.109 
629.000 1.109 
630.000 1.109 
631.000 1.109 
632.000 1.110 
633.000 1.110 
634.000 1.111 
635.000 1.112 
636.000 1.113 
637.000 1.114 
638.000 1.116 
639.000 1.117 
640.000 1.119 
641.000 1.121 
642.000 1.122 
643.000 1.124 
644.000 1.126 
645.000 1.128 
646.000 1.129 
647.000 1.131 
648.000 1.133 
649.000 1.135 
650.000 1.136 
651.000 1.138 
652.000 1.139 
653.000 1.141 
654.000 1.142 
655.000 1.143 
656.000 1.144 
657.000 1.144 
658.000 1.145 
659.000 1.146 
660.000 1.146 
661.000 1.146 
662.000 1.146 
663.000 1.146 
664.000 1.146 
665.000 1.146 
666.000 1.145 
667.000 1.145 
668.000 1.144 
669.000 1.143 
670.000 1.142 
671.000 1.141 
672.000 1.140 
673.000 1.139 
674.000 1.138 
675.000 1.137 
676.000 1.135 
677.000 1.134 
678.000 1.133 
679.000 1.132 
680.000 1.131 
681.000 1.130 
682.000 1.128 
683.000 1.127 
684.000 1.126 
685.000 1.126 
686.000 1.125 
687.000 1.124 
688.000 1.123 
689.000 1.123 
690.000 1.122 
691.000 1.122 
692.000 1.122 
693.000 1.122 
694.000 1.122 
695.000 1.122 
696.000 1.122 
697.000 1.122 
698.000 1.122 
699.000 1.123 
700.000 1.123 
701.000 1.124 
702.000 1.124 
703.000 1.125 
704.000 1.125 
705.000 1.126 
706.000 1.127 
707.000 1.128 
708.000 1.129 
709.000 1.129 
710.000 1.130 
711.000 1.131 
712.000 1.132 
713.000 1.133 
714.000 1.133 
715.000 1.134 
716.000 1.135 
717.000 1.135 
718.000 1.136 
719.000 1.136 
720.000 1.137 
721.000 1.137 
722.000 1.137 
723.000 1.138 
724.000 1.138 
725.000 1.138 
726.000 1.138 
727.000 1.138 
728.000 1.138 
729.000 1.138 
730.000 1.138 
731.000 1.137 
732.000 1.137 
733.000 1.137 
734.000 1.136 
735.000 1.136 
736.000 1.136 
737.000 1.135 
738.000 1.135 
739.000 1.134 
740.000 1.134 
741.000 1.133 
742.000 1.132 
743.000 1.132 
744.000 1.131 
745.000 1.131 
746.000 1.130 
747.000 1.130 
748.000 1.129 
749.000 1.129 
750.000 1.129 
751.000 1.128 
752.000 1.128 
753.000 1.128 
754.000 1.128 
755.000 1.127 
756.000 1.127 
757.000 1.127 
758.000 1.127 
759.000 1.127 
760.000 1.127 
761.000 1.127 
762.000 1.127 
763.000 1.127 
764.000 1.128 
765.000 1.128 
766.000 1.128 
767.000 1.128 
768.000 1.129 
769.000 1.129 
770.000 1.129 
771.000 1.079 
772.000 1.029 
773.000 1.001 
774.000 0.998 
775.000 0.994 
776.000 0.991 
777.000 0.987 
778.000 0.984 
779.000 0.981 
780.000 0.977 
781.000 0.974 
782.000 0.972 
783.000 0.971 
784.000 0.971 
785.000 0.972 
786.000 0.974 
787.000 0.977 
788.000 0.981 
789.000 0.986 
790.000 0.991 
791.000 0.997 
792.000 1.004 
793.000 1.011 
794.000 1.018 
795.000 1.026 
796.000 1.034 
797.000 1.042 
798.000 1.050 
799.000 1.058 
800.000 1.066 
801.000 1.074 
802.000 1.082 
803.000 1.089 
804.000 1.096 
805.000 1.103 
806.000 1.109 
807.000 1.114 
808.000 1.119 
809.000 1.124 
810.000 1.128 
811.000 1.131 
812.000 1.133 
813.000 1.135 
814.000 1.136 
815.000 1.137 
816.000 1.137 
817.000 1.136 
818.000 1.135 
819.000 1.133 
820.000 1.130 
821.000 1.127 
822.000 1.124 
823.000 1.120 
824.000 1.115 
825.000 1.111 
826.000 1.106 
827.000 1.101 
828.000 1.095 
829.000 1.090 
830.000 1.084 
831.000 1.079 
832.000 1.074 
833.000 1.068 
834.000 1.063 
835.000 1.058 
836.000 1.053 
837.000 1.049 
838.000 1.044 
839.000 1.041 
840.000 1.037 
841.000 1.034 
842.000 1.031 
843.000 1.029 
844.000 1.027 
845.000 1.026 
846.000 1.025 
847.000 1.024 
848.000 1.024 
849.000 1.025 
850.000 1.025 
851.000 1.027 
852.000 1.028 
853.000 1.030 
854.000 1.032 
855.000 1.035 
856.000 1.037 
857.000 1.040 
858.000 1.044 
859.000 1.047 
860.000 1.051 
861.000 1.054 
862.000 1.058 
863.000 1.061 
864.000 1.065 
865.000 1.069 
866.000 1.072 
867.000 1.075 
868.000 1.079 
869.000 1.082 
870.000 1.085 
871.000 1.087 
872.000 1.090 
873.000 1.092 
874.000 1.094 
875.000 1.095 
876.000 1.096 
877.000 1.097 
878.000 1.098 
879.000 1.099 
880.000 1.099 
881.000 1.098 
882.000 1.098 
883.000 1.097 
884.000 1.096 
885.000 1.095 
886.000 1.094 
887.000 1.092 
888.000 1.090 
889.000 1.088 
890.000 1.086 
891.000 1.084 
892.000 1.082 
893.000 1.079 
894.000 1.077 
895.000 1.074 
896.000 1.072 
897.000 1.070 
898.000 1.067 
899.000 1.065 
900.000 1.063 
901.000 1.061 
902.000 1.059 
903.000 1.057 
904.000 1.055 
905.000 1.054 
906.000 1.052 
907.000 1.051 
908.000 1.050 
909.000 1.050 
910.000 1.049 
911.000 1.049 
912.000 1.049 
913.000 1.049 
914.000 1.049 
915.000 1.049 
916.000 1.050 
917.000 1.051 
918.000 1.052 
919.000 1.053 
920.000 1.054 
921.000 1.055 
922.000 1.057 
923.000 1.058 
924.000 1.060 
925.000 1.061 
926.000 1.063 
927.000 1.064 
928.000 1.066 
929.000 1.068 
930.000 1.069 
931.000 1.071 
932.000 1.072 
933.000 1.074 
934.000 1.075 
935.000 1.076 
936.000 1.077 
937.000 1.078 
938.000 1.079 
939.000 1.080 
940.000 1.081 
941.000 1.081 
942.000 1.081 
943.000 1.082 
944.000 1.082 
945.000 1.082 
946.000 1.082 
947.000 1.081 
948.000 1.081 
949.000 1.081 
950.000 1.080 
951.000 1.079 
952.000 1.079 
953.000 1.078 
954.000 1.077 
955.000 1.076 
956.000 1.075 
957.000 1.074 
958.000 1.073 
959.000 1.072 
960.000 1.071 
961.000 1.070 
962.000 1.068 
963.000 1.067 
964.000 1.066 
965.000 1.065 
966.000 1.065 
967.000 1.064 
968.000 1.063 
969.000 1.062 
970.000 1.062 
971.000 1.061 
972.000 1.061 
973.000 1.060 
974.000 1.060 
975.000 1.060 
976.000 1.060 
977.000 1.060 
978.000 1.060 
979.000 1.060 
980.000 1.060 
981.000 1.060 
982.000 1.061 
983.000 1.061 
984.000 1.062 
985.000 1.062 
986.000 1.063 
987.000 1.063 
988.000 1.064 
989.000 1.065 
990.000 1.066 
991.000 1.066 
992.000 1.067 
993.000 1.068 
994.000 1.068 
995.000 1.069 
996.000 1.070 
997.000 1.070 
998.000 1.071 
999.000 1.072 
1000.000 1.072 
1001.000 1.073 
1002.000 1.073 
1003.000 1.073 
1004.000 1.074 
1005.000 1.074 
1006.000 1.074 
1007.000 1.074 
1008.000 1.074 
1009.000 1.074 
1010.000 1.074 
1011.000 1.074 
1012.000 1.074 
1013.000 1.074 
1014.000 1.074 
1015.000 1.074 
1016.000 1.073 
1017.000 1.073 
1018.000 1.072 
1019.000 1.072 
1020.000 1.072 
1021.000 1.122 
1022.000 1.172 
1023.000 1.222 
1024.000 1.236 
1025.000 1.240 
1026.000 1.245 
1027.000 1.249 
1028.000 1.253 
1029.000 1.257 
1030.000 1.262 
1031.000 1.266 
1032.000 1.269 
1033.000 1.270 
1034.000 1.271 
1035.000 1.270 
1036.000 1.267 
1037.000 1.263 
1038.000 1.259 
1039.000 1.253 
1040.000 1.247 
1041.000 1.239 
1042.000 1.231 
1043.000 1.223 
1044.000 1.214 
1045.000 1.204 
1046.000 1.194 
1047.000 1.184 
1048.000 1.174 
1049.000 1.163 
1050.000 1.153 
1051.000 1.143 
1052.000 1.133 
1053.000 1.124 
1054.000 1.115 
1055.000 1.107 
1056.000 1.099 
1057.000 1.092 
1058.000 1.085 
1059.000 1.079 
1060.000 1.074 
1061.000 1.070 
1062.000 1.067 
1063.000 1.064 
1064.000 1.062 
1065.000 1.061 
1066.000 1.061 
1067.000 1.062 
1068.000 1.064 
1069.000 1.066 
1070.000 1.069 
1071.000 1.073 
1072.000 1.077 
1073.000 1.082 
1074.000 1.087 
1075.000 1.093 
1076.000 1.099 
1077.000 1.105 
1078.000 1.112 
1079.000 1.118 
1080.000 1.125 
1081.000 1.132 
1082.000 1.139 
1083.000 1.146 
1084.000 1.152 
1085.000 1.159 
1086.000 1.165 
1087.000 1.171 
1088.000 1.176 
1089.000 1.181 
1090.000 1.186 
1091.000 1.190 
1092.000 1.193 
1093.000 1.196 
1094.000 1.199 
1095.000 1.201 
1096.000 1.202 
1097.000 1.203 
1098.000 1.203 
1099.000 1.203 
1100.000 1.202 
1101.000 1.201 
1102.000 1.199 
1103.000 1.196 
1104.000 1.194 
1105.000 1.191 
1106.000 1.187 
1107.000 1.184 
1108.000 1.180 
1109.000 1.175 
1110.000 1.171 
1111.000 1.167 
1112.000 1.162 
1113.000 1.158 
1114.000 1.153 
1115.000 1.148 
1116.000 1.144 
1117.000 1.140 
1118.000 1.136 
1119.000 1.132 
1120.000 1.128 
1121.000 1.125 
1122.000 1.122 
1123.000 1.119 
1124.000 1.116 
1125.000 1.114 
1126.000 1.113 
1127.000 1.111 
1128.000 1.110 
1129.000 1.110 
1130.000 1.109 
1131.000 1.109 
1132.000 1.110 
1133.000 1.111 
1134.000 1.112 
1135.000 1.113 
1136.000 1.115 
1137.000 1.117 
1138.000 1.119 
1139.000 1.122 
1140.000 1.124 
1141.000 1.127 
1142.000 1.130 
1143.000 1.133 
1144.000 1.136 
1145.000 1.139 
1146.000 1.142 
1147.000 1.145 
1148.000 1.148 
1149.000 1.151 
1150.000 1.154 
1151.000 1.156 
1152.000 1.159 
1153.000 1.161 
1154.000 1.163 
1155.000 1.165 
1156.000 1.167 
1157.000 1.168 
1158.000 1.170 
1159.000 1.171 
1160.000 1.171 
1161.000 1.172 
1162.000 1.172 
1163.000 1.172 
1164.000 1.172 
1165.000 1.171 
1166.000 1.171 
1167.000 1.170 
1168.000 1.169 
1169.000 1.167 
1170.000 1.166 
1171.000 1.164 
1172.000 1.163 
1173.000 1.161 
1174.000 1.159 
1175.000 1.157 
1176.000 1.155 
1177.000 1.153 
1178.000 1.151 
1179.000 1.149 
1180.000 1.147 
1181.000 1.145 
1182.000 1.143 
1183.000 1.141 
1184.000 1.140 
1185.000 1.138 
1186.000 1.137 
1187.000 1.135 
1188.000 1.134 
1189.000 1.133 
1190.000 1.132 
1191.000 1.132 
1192.000 1.131 
1193.000 1.131 
1194.000 1.130 
1195.000 1.130 
1196.000 1.131 
1197.000 1.131 
1198.000 1.131 
1199.000 1.132 
1200.000 1.133 
1201.000 1.133 
1202.000 1.134 
1203.000 1.135 
1204.000 1.136 
1205.000 1.138 
1206.000 1.139 
1207.000 1.140 
1208.000 1.142 
1209.000 1.143 
1210.000 1.144 
1211.000 1.146 
1212.000 1.147 
1213.000 1.148 
1214.000 1.149 
1215.000 1.151 
1216.000 1.152 
1217.000 1.153 
1218.000 1.154 
1219.000 1.155 
1220.000 1.156 
1221.000 1.156 
1222.000 1.157 
1223.000 1.157 
1224.000 1.158 
1225.000 1.158 
1226.000 1.158 
1227.000 1.158 
1228.000 1.158 
1229.000 1.158 
1230.000 1.158 
1231.000 1.158 
1232.000 1.157 
1233.000 1.157 
1234.000 1.156 
1235.000 1.155 
1236.000 1.155 
1237.000 1.154 
1238.000 1.153 
1239.000 1.152 
1240.000 1.151 
1241.000 1.150 
1242.000 1.149 
1243.000 1.149 
1244.000 1.148 
1245.000 1.147 
1246.000 1.146 
1247.000 1.145 
1248.000 1.144 
1249.000 1.144 
1250.000 1.143 
1251.000 1.142 
1252.000 1.142 
1253.000 1.141 
1254.000 1.141 
1255.000 1.140 
1256.000 1.140 
1257.000 1.140 
1258.000 1.140 
1259.000 1.140 
1260.000 1.140 
1261.000 1.140 
1262.000 1.140 
1263.000 1.140 
1264.000 1.141 
1265.000 1.141 
1266.000 1.141 
1267.000 1.142 
1268.000 1.142 
1269.000 1.143 
1270.000 1.143 
