1.000 1.100 
2.000 1.100 
3.000 1.100 
4.000 1.100 
5.000 1.100 
6.000 1.100 
7.000 1.100 
8.000 1.100 
9.000 1.100 
10.000 1.100 
11.000 1.100 
12.000 1.100 
13.000 1.100 
14.000 1.100 
15.000 1.100 
16.000 1.100 
17.000 1.100 
18.000 1.100 
19.000 1.100 
20.000 1.100 
21.000 1.130 
22.000 1.130 
23.000 1.130 
24.000 1.130 
25.000 1.130 
26.000 1.130 
27.000 1.130 
28.000 1.130 
29.000 1.130 
30.000 1.130 
31.000 1.130 
32.000 1.129 
33.000 1.129 
34.000 1.128 
35.000 1.126 
36.000 1.125 
37.000 1.124 
38.000 1.122 
39.000 1.120 
40.000 1.119 
41.000 1.117 
42.000 1.115 
43.000 1.114 
44.000 1.112 
45.000 1.110 
46.000 1.109 
47.000 1.107 
48.000 1.106 
49.000 1.105 
50.000 1.104 
51.000 1.103 
52.000 1.102 
53.000 1.101 
54.000 1.100 
55.000 1.100 
56.000 1.100 
57.000 1.099 
58.000 1.099 
59.000 1.100 
60.000 1.100 
61.000 1.100 
62.000 1.101 
63.000 1.101 
64.000 1.102 
65.000 1.102 
66.000 1.103 
67.000 1.104 
68.000 1.105 
69.000 1.106 
70.000 1.107 
71.000 1.108 
72.000 1.108 
73.000 1.109 
74.000 1.110 
75.000 1.111 
76.000 1.112 
77.000 1.113 
78.000 1.113 
79.000 1.114 
80.000 1.114 
81.000 1.115 
82.000 1.115 
83.000 1.116 
84.000 1.116 
85.000 1.116 
86.000 1.116 
87.000 1.116 
88.000 1.116 
89.000 1.116 
90.000 1.116 
91.000 1.116 
92.000 1.115 
93.000 1.115 
94.000 1.115 
95.000 1.114 
96.000 1.114 
97.000 1.113 
98.000 1.113 
99.000 1.112 
100.000 1.112 
101.000 1.111 
102.000 1.111 
103.000 1.110 
104.000 1.110 
105.000 1.110 
106.000 1.109 
107.000 1.109 
108.000 1.108 
109.000 1.108 
110.000 1.108 
111.000 1.108 
112.000 1.107 
113.000 1.107 
114.000 1.107 
115.000 1.107 
116.000 1.107 
117.000 1.107 
118.000 1.107 
119.000 1.107 
120.000 1.107 
121.000 1.108 
122.000 1.108 
123.000 1.108 
124.000 1.108 
125.000 1.108 
126.000 1.109 
127.000 1.109 
128.000 1.109 
129.000 1.110 
130.000 1.110 
131.000 1.110 
132.000 1.110 
133.000 1.111 
134.000 1.111 
135.000 1.111 
136.000 1.111 
137.000 1.111 
138.000 1.112 
139.000 1.112 
140.000 1.112 
141.000 1.112 
142.000 1.112 
143.000 1.112 
144.000 1.112 
145.000 1.112 
146.000 1.112 
147.000 1.112 
148.000 1.112 
149.000 1.112 
150.000 1.112 
151.000 1.112 
152.000 1.112 
153.000 1.111 
154.000 1.111 
155.000 1.111 
156.000 1.111 
157.000 1.111 
158.000 1.111 
159.000 1.111 
160.000 1.110 
161.000 1.110 
162.000 1.110 
163.000 1.110 
164.000 1.110 
165.000 1.110 
166.000 1.110 
167.000 1.110 
168.000 1.110 
169.000 1.110 
170.000 1.109 
171.000 1.109 
172.000 1.109 
173.000 1.109 
174.000 1.109 
175.000 1.109 
176.000 1.109 
177.000 1.109 
178.000 1.109 
179.000 1.110 
180.000 1.110 
181.000 1.110 
182.000 1.110 
183.000 1.110 
184.000 1.110 
185.000 1.110 
186.000 1.110 
187.000 1.110 
188.000 1.110 
189.000 1.110 
190.000 1.110 
191.000 1.110 
192.000 1.110 
193.000 1.111 
194.000 1.111 
195.000 1.111 
196.000 1.111 
197.000 1.111 
198.000 1.111 
199.000 1.111 
200.000 1.111 
201.000 1.111 
202.000 1.111 
203.000 1.111 
204.000 1.111 
205.000 1.111 
206.000 1.111 
207.000 1.111 
208.000 1.111 
209.000 1.111 
210.000 1.111 
211.000 1.111 
212.000 1.111 
213.000 1.111 
214.000 1.111 
215.000 1.110 
216.000 1.110 
217.000 1.110 
218.000 1.110 
219.000 1.110 
220.000 1.110 
221.000 1.110 
222.000 1.110 
223.000 1.110 
224.000 1.110 
225.000 1.110 
226.000 1.110 
227.000 1.110 
228.000 1.110 
229.000 1.110 
230.000 1.110 
231.000 1.110 
232.000 1.110 
233.000 1.110 
234.000 1.110 
235.000 1.110 
236.000 1.110 
237.000 1.110 
238.000 1.110 
239.000 1.110 
240.000 1.110 
241.000 1.110 
242.000 1.110 
243.000 1.110 
244.000 1.110 
245.000 1.110 
246.000 1.110 
247.000 1.110 
248.000 1.110 
249.000 1.110 
250.000 1.110 
251.000 1.110 
252.000 1.110 
253.000 1.110 
254.000 1.110 
255.000 1.110 
256.000 1.110 
257.000 1.110 
258.000 1.110 
259.000 1.110 
260.000 1.110 
261.000 1.110 
262.000 1.110 
263.000 1.110 
264.000 1.110 
265.000 1.110 
266.000 1.110 
267.000 1.110 
268.000 1.110 
269.000 1.110 
270.000 1.110 
271.000 1.060 
272.000 1.050 
273.000 1.050 
274.000 1.050 
275.000 1.050 
276.000 1.050 
277.000 1.050 
278.000 1.050 
279.000 1.050 
280.000 1.050 
281.000 1.051 
282.000 1.051 
283.000 1.053 
284.000 1.055 
285.000 1.057 
286.000 1.060 
287.000 1.063 
288.000 1.066 
289.000 1.069 
290.000 1.072 
291.000 1.076 
292.000 1.079 
293.000 1.082 
294.000 1.086 
295.000 1.089 
296.000 1.092 
297.000 1.095 
298.000 1.098 
299.000 1.100 
300.000 1.103 
301.000 1.105 
302.000 1.106 
303.000 1.108 
304.000 1.109 
305.000 1.110 
306.000 1.111 
307.000 1.111 
308.000 1.111 
309.000 1.111 
310.000 1.111 
311.000 1.110 
312.000 1.109 
313.000 1.108 
314.000 1.107 
315.000 1.106 
316.000 1.104 
317.000 1.103 
318.000 1.101 
319.000 1.099 
320.000 1.097 
321.000 1.096 
322.000 1.094 
323.000 1.092 
324.000 1.090 
325.000 1.088 
326.000 1.087 
327.000 1.085 
328.000 1.084 
329.000 1.083 
330.000 1.082 
331.000 1.081 
332.000 1.080 
333.000 1.079 
334.000 1.079 
335.000 1.078 
336.000 1.078 
337.000 1.078 
338.000 1.078 
339.000 1.078 
340.000 1.079 
341.000 1.079 
342.000 1.080 
343.000 1.080 
344.000 1.081 
345.000 1.082 
346.000 1.083 
347.000 1.084 
348.000 1.085 
349.000 1.086 
350.000 1.086 
351.000 1.087 
352.000 1.088 
353.000 1.089 
354.000 1.090 
355.000 1.091 
356.000 1.092 
357.000 1.093 
358.000 1.093 
359.000 1.094 
360.000 1.095 
361.000 1.095 
362.000 1.095 
363.000 1.096 
364.000 1.096 
365.000 1.096 
366.000 1.096 
367.000 1.096 
368.000 1.096 
369.000 1.096 
370.000 1.095 
371.000 1.095 
372.000 1.095 
373.000 1.094 
374.000 1.094 
375.000 1.093 
376.000 1.093 
377.000 1.092 
378.000 1.092 
379.000 1.091 
380.000 1.091 
381.000 1.090 
382.000 1.090 
383.000 1.089 
384.000 1.089 
385.000 1.088 
386.000 1.088 
387.000 1.088 
388.000 1.087 
389.000 1.087 
390.000 1.087 
391.000 1.087 
392.000 1.086 
393.000 1.086 
394.000 1.086 
395.000 1.086 
396.000 1.086 
397.000 1.086 
398.000 1.086 
399.000 1.087 
400.000 1.087 
401.000 1.087 
402.000 1.087 
403.000 1.087 
404.000 1.088 
405.000 1.088 
406.000 1.088 
407.000 1.088 
408.000 1.089 
409.000 1.089 
410.000 1.089 
411.000 1.090 
412.000 1.090 
413.000 1.090 
414.000 1.090 
415.000 1.091 
416.000 1.091 
417.000 1.091 
418.000 1.091 
419.000 1.091 
420.000 1.091 
421.000 1.091 
422.000 1.091 
423.000 1.091 
424.000 1.092 
425.000 1.091 
426.000 1.091 
427.000 1.091 
428.000 1.091 
429.000 1.091 
430.000 1.091 
431.000 1.091 
432.000 1.091 
433.000 1.091 
434.000 1.091 
435.000 1.090 
436.000 1.090 
437.000 1.090 
438.000 1.090 
439.000 1.090 
440.000 1.090 
441.000 1.090 
442.000 1.089 
443.000 1.089 
444.000 1.089 
445.000 1.089 
446.000 1.089 
447.000 1.089 
448.000 1.089 
449.000 1.089 
450.000 1.089 
451.000 1.089 
452.000 1.089 
453.000 1.089 
454.000 1.089 
455.000 1.089 
456.000 1.089 
457.000 1.089 
458.000 1.089 
459.000 1.089 
460.000 1.089 
461.000 1.089 
462.000 1.089 
463.000 1.089 
464.000 1.089 
465.000 1.089 
466.000 1.089 
467.000 1.089 
468.000 1.090 
469.000 1.090 
470.000 1.090 
471.000 1.090 
472.000 1.090 
473.000 1.090 
474.000 1.090 
475.000 1.090 
476.000 1.090 
477.000 1.090 
478.000 1.090 
479.000 1.090 
480.000 1.090 
481.000 1.090 
482.000 1.090 
483.000 1.090 
484.000 1.090 
485.000 1.090 
486.000 1.090 
487.000 1.090 
488.000 1.090 
489.000 1.090 
490.000 1.090 
491.000 1.090 
492.000 1.090 
493.000 1.090 
494.000 1.090 
495.000 1.090 
496.000 1.090 
497.000 1.090 
498.000 1.090 
499.000 1.090 
500.000 1.090 
501.000 1.090 
502.000 1.090 
503.000 1.090 
504.000 1.089 
505.000 1.089 
506.000 1.089 
507.000 1.089 
508.000 1.089 
509.000 1.089 
510.000 1.089 
511.000 1.089 
512.000 1.089 
513.000 1.089 
514.000 1.089 
515.000 1.089 
516.000 1.089 
517.000 1.089 
518.000 1.089 
519.000 1.089 
520.000 1.090 
521.000 1.140 
522.000 1.180 
523.000 1.180 
524.000 1.180 
525.000 1.180 
526.000 1.180 
527.000 1.180 
528.000 1.180 
529.000 1.180 
530.000 1.180 
531.000 1.179 
532.000 1.178 
533.000 1.176 
534.000 1.174 
535.000 1.170 
536.000 1.167 
537.000 1.162 
538.000 1.158 
539.000 1.153 
540.000 1.148 
541.000 1.143 
542.000 1.138 
543.000 1.133 
544.000 1.128 
545.000 1.123 
546.000 1.118 
547.000 1.114 
548.000 1.110 
549.000 1.106 
550.000 1.102 
551.000 1.099 
552.000 1.096 
553.000 1.094 
554.000 1.092 
555.000 1.090 
556.000 1.089 
557.000 1.088 
558.000 1.088 
559.000 1.088 
560.000 1.089 
561.000 1.089 
562.000 1.091 
563.000 1.092 
564.000 1.094 
565.000 1.096 
566.000 1.098 
567.000 1.100 
568.000 1.103 
569.000 1.106 
570.000 1.108 
571.000 1.111 
572.000 1.114 
573.000 1.117 
574.000 1.119 
575.000 1.122 
576.000 1.124 
577.000 1.126 
578.000 1.129 
579.000 1.130 
580.000 1.132 
581.000 1.134 
582.000 1.135 
583.000 1.136 
584.000 1.137 
585.000 1.138 
586.000 1.138 
587.000 1.138 
588.000 1.138 
589.000 1.138 
590.000 1.137 
591.000 1.137 
592.000 1.136 
593.000 1.135 
594.000 1.134 
595.000 1.133 
596.000 1.132 
597.000 1.130 
598.000 1.129 
599.000 1.127 
600.000 1.126 
601.000 1.124 
602.000 1.123 
603.000 1.121 
604.000 1.120 
605.000 1.119 
606.000 1.118 
607.000 1.116 
608.000 1.115 
609.000 1.114 
610.000 1.114 
611.000 1.113 
612.000 1.112 
613.000 1.112 
614.000 1.112 
615.000 1.111 
616.000 1.111 
617.000 1.111 
618.000 1.111 
619.000 1.112 
620.000 1.112 
621.000 1.112 
622.000 1.113 
623.000 1.113 
624.000 1.114 
625.000 1.115 
626.000 1.115 
627.000 1.116 
628.000 1.117 
629.000 1.118 
630.000 1.119 
631.000 1.119 
632.000 1.120 
633.000 1.121 
634.000 1.122 
635.000 1.122 
636.000 1.123 
637.000 1.123 
638.000 1.124 
639.000 1.124 
640.000 1.125 
641.000 1.125 
642.000 1.125 
643.000 1.126 
644.000 1.126 
645.000 1.126 
646.000 1.126 
647.000 1.126 
648.000 1.126 
649.000 1.125 
650.000 1.125 
651.000 1.125 
652.000 1.125 
653.000 1.124 
654.000 1.124 
655.000 1.123 
656.000 1.123 
657.000 1.123 
658.000 1.122 
659.000 1.122 
660.000 1.121 
661.000 1.121 
662.000 1.121 
663.000 1.120 
664.000 1.120 
665.000 1.119 
666.000 1.119 
667.000 1.119 
668.000 1.119 
669.000 1.118 
670.000 1.118 
671.000 1.118 
672.000 1.118 
673.000 1.118 
674.000 1.118 
675.000 1.118 
676.000 1.118 
677.000 1.118 
678.000 1.118 
679.000 1.118 
680.000 1.118 
681.000 1.119 
682.000 1.119 
683.000 1.119 
684.000 1.119 
685.000 1.119 
686.000 1.120 
687.000 1.120 
688.000 1.120 
689.000 1.120 
690.000 1.120 
691.000 1.121 
692.000 1.121 
693.000 1.121 
694.000 1.121 
695.000 1.121 
696.000 1.122 
697.000 1.122 
698.000 1.122 
699.000 1.122 
700.000 1.122 
701.000 1.122 
702.000 1.122 
703.000 1.122 
704.000 1.122 
705.000 1.122 
706.000 1.122 
707.000 1.122 
708.000 1.122 
709.000 1.122 
710.000 1.122 
711.000 1.122 
712.000 1.122 
713.000 1.121 
714.000 1.121 
715.000 1.121 
716.000 1.121 
717.000 1.121 
718.000 1.121 
719.000 1.121 
720.000 1.121 
721.000 1.121 
722.000 1.120 
723.000 1.120 
724.000 1.120 
725.000 1.120 
726.000 1.120 
727.000 1.120 
728.000 1.120 
729.000 1.120 
730.000 1.120 
731.000 1.120 
732.000 1.120 
733.000 1.120 
734.000 1.120 
735.000 1.120 
736.000 1.120 
737.000 1.120 
738.000 1.120 
739.000 1.120 
740.000 1.120 
741.000 1.120 
742.000 1.120 
743.000 1.120 
744.000 1.120 
745.000 1.120 
746.000 1.120 
747.000 1.121 
748.000 1.121 
749.000 1.121 
750.000 1.121 
751.000 1.121 
752.000 1.121 
753.000 1.121 
754.000 1.121 
755.000 1.121 
756.000 1.121 
757.000 1.121 
758.000 1.121 
759.000 1.121 
760.000 1.121 
761.000 1.121 
762.000 1.121 
763.000 1.121 
764.000 1.121 
765.000 1.121 
766.000 1.121 
767.000 1.121 
768.000 1.121 
769.000 1.121 
770.000 1.121 
771.000 1.071 
772.000 1.021 
773.000 1.001 
774.000 1.001 
775.000 1.001 
776.000 1.001 
777.000 1.001 
778.000 1.001 
779.000 1.001 
780.000 1.001 
781.000 1.001 
782.000 1.002 
783.000 1.004 
784.000 1.007 
785.000 1.012 
786.000 1.016 
787.000 1.022 
788.000 1.028 
789.000 1.034 
790.000 1.040 
791.000 1.047 
792.000 1.054 
793.000 1.061 
794.000 1.067 
795.000 1.074 
796.000 1.080 
797.000 1.086 
798.000 1.092 
799.000 1.098 
800.000 1.102 
801.000 1.107 
802.000 1.111 
803.000 1.114 
804.000 1.117 
805.000 1.119 
806.000 1.121 
807.000 1.122 
808.000 1.123 
809.000 1.123 
810.000 1.122 
811.000 1.121 
812.000 1.120 
813.000 1.118 
814.000 1.116 
815.000 1.113 
816.000 1.110 
817.000 1.107 
818.000 1.104 
819.000 1.100 
820.000 1.097 
821.000 1.093 
822.000 1.090 
823.000 1.086 
824.000 1.082 
825.000 1.079 
826.000 1.076 
827.000 1.073 
828.000 1.070 
829.000 1.067 
830.000 1.065 
831.000 1.063 
832.000 1.061 
833.000 1.059 
834.000 1.058 
835.000 1.057 
836.000 1.056 
837.000 1.056 
838.000 1.056 
839.000 1.056 
840.000 1.057 
841.000 1.058 
842.000 1.059 
843.000 1.060 
844.000 1.061 
845.000 1.063 
846.000 1.064 
847.000 1.066 
848.000 1.068 
849.000 1.070 
850.000 1.072 
851.000 1.074 
852.000 1.076 
853.000 1.078 
854.000 1.079 
855.000 1.081 
856.000 1.083 
857.000 1.085 
858.000 1.086 
859.000 1.087 
860.000 1.088 
861.000 1.089 
862.000 1.090 
863.000 1.091 
864.000 1.091 
865.000 1.092 
866.000 1.092 
867.000 1.092 
868.000 1.092 
869.000 1.092 
870.000 1.091 
871.000 1.091 
872.000 1.090 
873.000 1.089 
874.000 1.088 
875.000 1.087 
876.000 1.087 
877.000 1.086 
878.000 1.085 
879.000 1.083 
880.000 1.082 
881.000 1.081 
882.000 1.080 
883.000 1.079 
884.000 1.078 
885.000 1.077 
886.000 1.077 
887.000 1.076 
888.000 1.075 
889.000 1.075 
890.000 1.074 
891.000 1.074 
892.000 1.073 
893.000 1.073 
894.000 1.073 
895.000 1.073 
896.000 1.073 
897.000 1.073 
898.000 1.073 
899.000 1.073 
900.000 1.073 
901.000 1.074 
902.000 1.074 
903.000 1.074 
904.000 1.075 
905.000 1.075 
906.000 1.076 
907.000 1.077 
908.000 1.077 
909.000 1.078 
910.000 1.078 
911.000 1.079 
912.000 1.079 
913.000 1.080 
914.000 1.080 
915.000 1.081 
916.000 1.081 
917.000 1.082 
918.000 1.082 
919.000 1.082 
920.000 1.082 
921.000 1.083 
922.000 1.083 
923.000 1.083 
924.000 1.083 
925.000 1.083 
926.000 1.083 
927.000 1.083 
928.000 1.083 
929.000 1.083 
930.000 1.082 
931.000 1.082 
932.000 1.082 
933.000 1.082 
934.000 1.081 
935.000 1.081 
936.000 1.081 
937.000 1.081 
938.000 1.080 
939.000 1.080 
940.000 1.080 
941.000 1.079 
942.000 1.079 
943.000 1.079 
944.000 1.079 
945.000 1.078 
946.000 1.078 
947.000 1.078 
948.000 1.078 
949.000 1.078 
950.000 1.078 
951.000 1.077 
952.000 1.077 
953.000 1.077 
954.000 1.077 
955.000 1.077 
956.000 1.077 
957.000 1.078 
958.000 1.078 
959.000 1.078 
960.000 1.078 
961.000 1.078 
962.000 1.078 
963.000 1.078 
964.000 1.078 
965.000 1.079 
966.000 1.079 
967.000 1.079 
968.000 1.079 
969.000 1.079 
970.000 1.079 
971.000 1.079 
972.000 1.080 
973.000 1.080 
974.000 1.080 
975.000 1.080 
976.000 1.080 
977.000 1.080 
978.000 1.080 
979.000 1.080 
980.000 1.080 
981.000 1.080 
982.000 1.080 
983.000 1.080 
984.000 1.080 
985.000 1.080 
986.000 1.080 
987.000 1.080 
988.000 1.080 
989.000 1.080 
990.000 1.080 
991.000 1.080 
992.000 1.080 
993.000 1.080 
994.000 1.080 
995.000 1.080 
996.000 1.080 
997.000 1.080 
998.000 1.079 
999.000 1.079 
1000.000 1.079 
1001.000 1.079 
1002.000 1.079 
1003.000 1.079 
1004.000 1.079 
1005.000 1.079 
1006.000 1.079 
1007.000 1.079 
1008.000 1.079 
1009.000 1.079 
1010.000 1.079 
1011.000 1.079 
1012.000 1.079 
1013.000 1.079 
1014.000 1.079 
1015.000 1.079 
1016.000 1.079 
1017.000 1.079 
1018.000 1.079 
1019.000 1.079 
1020.000 1.079 
1021.000 1.129 
1022.000 1.179 
1023.000 1.229 
1024.000 1.229 
1025.000 1.229 
1026.000 1.229 
1027.000 1.229 
1028.000 1.229 
1029.000 1.229 
1030.000 1.229 
1031.000 1.229 
1032.000 1.228 
1033.000 1.226 
1034.000 1.222 
1035.000 1.217 
1036.000 1.211 
1037.000 1.204 
1038.000 1.197 
1039.000 1.190 
1040.000 1.182 
1041.000 1.173 
1042.000 1.165 
1043.000 1.156 
1044.000 1.148 
1045.000 1.140 
1046.000 1.132 
1047.000 1.124 
1048.000 1.117 
1049.000 1.110 
1050.000 1.104 
1051.000 1.098 
1052.000 1.093 
1053.000 1.088 
1054.000 1.085 
1055.000 1.082 
1056.000 1.079 
1057.000 1.078 
1058.000 1.077 
1059.000 1.077 
1060.000 1.077 
1061.000 1.078 
1062.000 1.080 
1063.000 1.082 
1064.000 1.085 
1065.000 1.088 
1066.000 1.091 
1067.000 1.095 
1068.000 1.099 
1069.000 1.104 
1070.000 1.108 
1071.000 1.112 
1072.000 1.117 
1073.000 1.122 
1074.000 1.126 
1075.000 1.130 
1076.000 1.135 
1077.000 1.138 
1078.000 1.142 
1079.000 1.146 
1080.000 1.149 
1081.000 1.151 
1082.000 1.154 
1083.000 1.156 
1084.000 1.157 
1085.000 1.159 
1086.000 1.160 
1087.000 1.160 
1088.000 1.160 
1089.000 1.160 
1090.000 1.159 
1091.000 1.158 
1092.000 1.157 
1093.000 1.156 
1094.000 1.154 
1095.000 1.152 
1096.000 1.150 
1097.000 1.148 
1098.000 1.146 
1099.000 1.143 
1100.000 1.141 
1101.000 1.139 
1102.000 1.136 
1103.000 1.134 
1104.000 1.131 
1105.000 1.129 
1106.000 1.127 
1107.000 1.125 
1108.000 1.123 
1109.000 1.122 
1110.000 1.120 
1111.000 1.119 
1112.000 1.118 
1113.000 1.117 
1114.000 1.116 
1115.000 1.116 
1116.000 1.115 
1117.000 1.115 
1118.000 1.115 
1119.000 1.116 
1120.000 1.116 
1121.000 1.117 
1122.000 1.118 
1123.000 1.118 
1124.000 1.119 
1125.000 1.121 
1126.000 1.122 
1127.000 1.123 
1128.000 1.124 
1129.000 1.126 
1130.000 1.127 
1131.000 1.128 
1132.000 1.129 
1133.000 1.131 
1134.000 1.132 
1135.000 1.133 
1136.000 1.134 
1137.000 1.135 
1138.000 1.136 
1139.000 1.137 
1140.000 1.138 
1141.000 1.138 
1142.000 1.139 
1143.000 1.139 
1144.000 1.139 
1145.000 1.139 
1146.000 1.139 
1147.000 1.139 
1148.000 1.139 
1149.000 1.139 
1150.000 1.139 
1151.000 1.138 
1152.000 1.138 
1153.000 1.137 
1154.000 1.137 
1155.000 1.136 
1156.000 1.135 
1157.000 1.135 
1158.000 1.134 
1159.000 1.133 
1160.000 1.133 
1161.000 1.132 
1162.000 1.131 
1163.000 1.130 
1164.000 1.130 
1165.000 1.129 
1166.000 1.129 
1167.000 1.128 
1168.000 1.128 
1169.000 1.127 
1170.000 1.127 
1171.000 1.127 
1172.000 1.127 
1173.000 1.127 
1174.000 1.126 
1175.000 1.126 
1176.000 1.126 
1177.000 1.127 
1178.000 1.127 
1179.000 1.127 
1180.000 1.127 
1181.000 1.127 
1182.000 1.128 
1183.000 1.128 
1184.000 1.128 
1185.000 1.129 
1186.000 1.129 
1187.000 1.129 
1188.000 1.130 
1189.000 1.130 
1190.000 1.130 
1191.000 1.131 
1192.000 1.131 
1193.000 1.132 
1194.000 1.132 
1195.000 1.132 
1196.000 1.132 
1197.000 1.133 
1198.000 1.133 
1199.000 1.133 
1200.000 1.133 
1201.000 1.133 
1202.000 1.133 
1203.000 1.133 
1204.000 1.133 
1205.000 1.133 
1206.000 1.133 
1207.000 1.133 
1208.000 1.133 
1209.000 1.133 
1210.000 1.133 
1211.000 1.133 
1212.000 1.133 
1213.000 1.132 
1214.000 1.132 
1215.000 1.132 
1216.000 1.132 
1217.000 1.132 
1218.000 1.131 
1219.000 1.131 
1220.000 1.131 
1221.000 1.131 
1222.000 1.131 
1223.000 1.130 
1224.000 1.130 
1225.000 1.130 
1226.000 1.130 
1227.000 1.130 
1228.000 1.130 
1229.000 1.130 
1230.000 1.130 
1231.000 1.130 
1232.000 1.130 
1233.000 1.130 
1234.000 1.130 
1235.000 1.130 
1236.000 1.130 
1237.000 1.130 
1238.000 1.130 
1239.000 1.130 
1240.000 1.130 
1241.000 1.130 
1242.000 1.130 
1243.000 1.130 
1244.000 1.130 
1245.000 1.130 
1246.000 1.131 
1247.000 1.131 
1248.000 1.131 
1249.000 1.131 
1250.000 1.131 
1251.000 1.131 
1252.000 1.131 
1253.000 1.131 
1254.000 1.131 
1255.000 1.131 
1256.000 1.132 
1257.000 1.132 
1258.000 1.132 
1259.000 1.132 
1260.000 1.132 
1261.000 1.132 
1262.000 1.132 
1263.000 1.132 
1264.000 1.132 
1265.000 1.132 
1266.000 1.132 
1267.000 1.132 
1268.000 1.132 
1269.000 1.131 
1270.000 1.131 
