1.000 2.000 
2.000 2.000 
3.000 2.000 
4.000 2.000 
5.000 2.000 
6.000 2.000 
7.000 2.000 
8.000 2.000 
9.000 2.000 
10.000 2.000 
11.000 2.000 
12.000 2.000 
13.000 2.000 
14.000 2.000 
15.000 2.000 
16.000 2.000 
17.000 2.000 
18.000 2.000 
19.000 2.000 
20.000 2.000 
21.000 2.000 
22.000 2.000 
23.000 2.000 
24.000 2.000 
25.000 2.000 
26.000 2.000 
27.000 2.000 
28.000 2.000 
29.000 2.000 
30.000 2.000 
31.000 2.001 
32.000 2.002 
33.000 2.003 
34.000 2.005 
35.000 2.008 
36.000 2.010 
37.000 2.013 
38.000 2.016 
39.000 2.019 
40.000 2.022 
41.000 2.025 
42.000 2.028 
43.000 2.031 
44.000 2.033 
45.000 2.036 
46.000 2.038 
47.000 2.040 
48.000 2.041 
49.000 2.043 
50.000 2.044 
51.000 2.044 
52.000 2.045 
53.000 2.045 
54.000 2.044 
55.000 2.044 
56.000 2.043 
57.000 2.043 
58.000 2.042 
59.000 2.041 
60.000 2.040 
61.000 2.040 
62.000 2.039 
63.000 2.038 
64.000 2.038 
65.000 2.037 
66.000 2.037 
67.000 2.037 
68.000 2.037 
69.000 2.037 
70.000 2.037 
71.000 2.038 
72.000 2.038 
73.000 2.039 
74.000 2.040 
75.000 2.040 
76.000 2.041 
77.000 2.042 
78.000 2.042 
79.000 2.043 
80.000 2.044 
81.000 2.044 
82.000 2.045 
83.000 2.045 
84.000 2.046 
85.000 2.046 
86.000 2.046 
87.000 2.046 
88.000 2.046 
89.000 2.046 
90.000 2.046 
91.000 2.046 
92.000 2.046 
93.000 2.045 
94.000 2.045 
95.000 2.045 
96.000 2.045 
97.000 2.044 
98.000 2.044 
99.000 2.044 
100.000 2.044 
101.000 2.044 
102.000 2.044 
103.000 2.044 
104.000 2.044 
105.000 2.044 
106.000 2.044 
107.000 2.044 
108.000 2.044 
109.000 2.044 
110.000 2.045 
111.000 2.045 
112.000 2.045 
113.000 2.045 
114.000 2.046 
115.000 2.046 
116.000 2.046 
117.000 2.046 
118.000 2.046 
119.000 2.046 
120.000 2.047 
121.000 2.047 
122.000 2.047 
123.000 2.047 
124.000 2.047 
125.000 2.047 
126.000 2.047 
127.000 2.047 
128.000 2.047 
129.000 2.047 
130.000 2.047 
131.000 2.046 
132.000 2.046 
133.000 2.046 
134.000 2.046 
135.000 2.046 
136.000 2.046 
137.000 2.046 
138.000 2.046 
139.000 2.046 
140.000 2.046 
141.000 2.046 
142.000 2.046 
143.000 2.047 
144.000 2.047 
145.000 2.047 
146.000 2.047 
147.000 2.047 
148.000 2.047 
149.000 2.047 
150.000 2.047 
151.000 2.047 
152.000 2.047 
153.000 2.047 
154.000 2.047 
155.000 2.047 
156.000 2.047 
157.000 2.048 
158.000 2.048 
159.000 2.048 
160.000 2.048 
161.000 2.048 
162.000 2.048 
163.000 2.048 
164.000 2.048 
165.000 2.048 
166.000 2.048 
167.000 2.048 
168.000 2.048 
169.000 2.048 
170.000 2.048 
171.000 2.048 
172.000 2.048 
173.000 2.048 
174.000 2.048 
175.000 2.048 
176.000 2.048 
177.000 2.048 
178.000 2.048 
179.000 2.048 
180.000 2.048 
181.000 2.048 
182.000 2.048 
183.000 2.048 
184.000 2.048 
185.000 2.048 
186.000 2.048 
187.000 2.048 
188.000 2.048 
189.000 2.048 
190.000 2.048 
191.000 2.048 
192.000 2.048 
193.000 2.048 
194.000 2.048 
195.000 2.048 
196.000 2.048 
197.000 2.048 
198.000 2.048 
199.000 2.048 
200.000 2.048 
201.000 2.048 
202.000 2.048 
203.000 2.048 
204.000 2.048 
205.000 2.048 
206.000 2.048 
207.000 2.048 
208.000 2.048 
209.000 2.048 
210.000 2.048 
211.000 2.048 
212.000 2.049 
213.000 2.049 
214.000 2.049 
215.000 2.049 
216.000 2.049 
217.000 2.049 
218.000 2.049 
219.000 2.049 
220.000 2.049 
221.000 2.049 
222.000 2.049 
223.000 2.049 
224.000 2.049 
225.000 2.049 
226.000 2.049 
227.000 2.049 
228.000 2.049 
229.000 2.049 
230.000 2.049 
231.000 2.049 
232.000 2.049 
233.000 2.049 
234.000 2.049 
235.000 2.049 
236.000 2.049 
237.000 2.049 
238.000 2.049 
239.000 2.049 
240.000 2.049 
241.000 2.049 
242.000 2.049 
243.000 2.049 
244.000 2.049 
245.000 2.049 
246.000 2.049 
247.000 2.049 
248.000 2.049 
249.000 2.049 
250.000 2.049 
251.000 2.049 
252.000 2.049 
253.000 2.049 
254.000 2.049 
255.000 2.049 
256.000 2.049 
257.000 2.049 
258.000 2.049 
259.000 2.049 
260.000 2.049 
261.000 2.049 
262.000 2.049 
263.000 2.049 
264.000 2.049 
265.000 2.049 
266.000 2.049 
267.000 2.049 
268.000 2.049 
269.000 2.049 
270.000 2.049 
271.000 2.049 
272.000 2.049 
273.000 2.049 
274.000 2.049 
275.000 2.049 
276.000 2.049 
277.000 2.049 
278.000 2.049 
279.000 2.049 
280.000 2.049 
281.000 2.049 
282.000 2.047 
283.000 2.045 
284.000 2.042 
285.000 2.038 
286.000 2.033 
287.000 2.028 
288.000 2.023 
289.000 2.017 
290.000 2.011 
291.000 2.005 
292.000 1.999 
293.000 1.993 
294.000 1.987 
295.000 1.982 
296.000 1.977 
297.000 1.973 
298.000 1.969 
299.000 1.966 
300.000 1.963 
301.000 1.962 
302.000 1.960 
303.000 1.960 
304.000 1.960 
305.000 1.960 
306.000 1.961 
307.000 1.962 
308.000 1.964 
309.000 1.965 
310.000 1.967 
311.000 1.968 
312.000 1.970 
313.000 1.971 
314.000 1.973 
315.000 1.974 
316.000 1.974 
317.000 1.975 
318.000 1.975 
319.000 1.975 
320.000 1.975 
321.000 1.974 
322.000 1.973 
323.000 1.972 
324.000 1.971 
325.000 1.970 
326.000 1.968 
327.000 1.967 
328.000 1.965 
329.000 1.964 
330.000 1.963 
331.000 1.961 
332.000 1.960 
333.000 1.959 
334.000 1.958 
335.000 1.958 
336.000 1.957 
337.000 1.957 
338.000 1.957 
339.000 1.957 
340.000 1.957 
341.000 1.957 
342.000 1.958 
343.000 1.958 
344.000 1.958 
345.000 1.959 
346.000 1.959 
347.000 1.960 
348.000 1.960 
349.000 1.961 
350.000 1.961 
351.000 1.962 
352.000 1.962 
353.000 1.962 
354.000 1.962 
355.000 1.962 
356.000 1.962 
357.000 1.961 
358.000 1.961 
359.000 1.961 
360.000 1.960 
361.000 1.960 
362.000 1.960 
363.000 1.959 
364.000 1.959 
365.000 1.958 
366.000 1.958 
367.000 1.957 
368.000 1.957 
369.000 1.957 
370.000 1.956 
371.000 1.956 
372.000 1.956 
373.000 1.956 
374.000 1.956 
375.000 1.956 
376.000 1.956 
377.000 1.956 
378.000 1.956 
379.000 1.956 
380.000 1.956 
381.000 1.956 
382.000 1.957 
383.000 1.957 
384.000 1.957 
385.000 1.957 
386.000 1.957 
387.000 1.957 
388.000 1.957 
389.000 1.957 
390.000 1.957 
391.000 1.957 
392.000 1.957 
393.000 1.957 
394.000 1.956 
395.000 1.956 
396.000 1.956 
397.000 1.956 
398.000 1.956 
399.000 1.956 
400.000 1.955 
401.000 1.955 
402.000 1.955 
403.000 1.955 
404.000 1.955 
405.000 1.955 
406.000 1.955 
407.000 1.955 
408.000 1.955 
409.000 1.954 
410.000 1.954 
411.000 1.954 
412.000 1.954 
413.000 1.954 
414.000 1.954 
415.000 1.954 
416.000 1.954 
417.000 1.954 
418.000 1.954 
419.000 1.954 
420.000 1.954 
421.000 1.954 
422.000 1.954 
423.000 1.954 
424.000 1.954 
425.000 1.954 
426.000 1.954 
427.000 1.954 
428.000 1.954 
429.000 1.954 
430.000 1.954 
431.000 1.954 
432.000 1.954 
433.000 1.954 
434.000 1.954 
435.000 1.954 
436.000 1.954 
437.000 1.954 
438.000 1.953 
439.000 1.953 
440.000 1.953 
441.000 1.953 
442.000 1.953 
443.000 1.953 
444.000 1.953 
445.000 1.953 
446.000 1.953 
447.000 1.953 
448.000 1.953 
449.000 1.953 
450.000 1.953 
451.000 1.953 
452.000 1.953 
453.000 1.953 
454.000 1.953 
455.000 1.953 
456.000 1.953 
457.000 1.953 
458.000 1.953 
459.000 1.953 
460.000 1.953 
461.000 1.953 
462.000 1.953 
463.000 1.953 
464.000 1.953 
465.000 1.953 
466.000 1.953 
467.000 1.953 
468.000 1.953 
469.000 1.953 
470.000 1.952 
471.000 1.952 
472.000 1.952 
473.000 1.952 
474.000 1.952 
475.000 1.952 
476.000 1.952 
477.000 1.952 
478.000 1.952 
479.000 1.952 
480.000 1.952 
481.000 1.952 
482.000 1.952 
483.000 1.952 
484.000 1.952 
485.000 1.952 
486.000 1.952 
487.000 1.952 
488.000 1.952 
489.000 1.952 
490.000 1.952 
491.000 1.952 
492.000 1.952 
493.000 1.952 
494.000 1.952 
495.000 1.952 
496.000 1.952 
497.000 1.952 
498.000 1.952 
499.000 1.952 
500.000 1.952 
501.000 1.952 
502.000 1.952 
503.000 1.952 
504.000 1.952 
505.000 1.952 
506.000 1.952 
507.000 1.952 
508.000 1.952 
509.000 1.952 
510.000 1.952 
511.000 1.952 
512.000 1.952 
513.000 1.952 
514.000 1.951 
515.000 1.951 
516.000 1.951 
517.000 1.951 
518.000 1.951 
519.000 1.951 
520.000 1.951 
521.000 1.951 
522.000 1.951 
523.000 1.951 
524.000 1.951 
525.000 1.951 
526.000 1.951 
527.000 1.951 
528.000 1.951 
529.000 1.951 
530.000 1.951 
531.000 1.952 
532.000 1.954 
533.000 1.957 
534.000 1.962 
535.000 1.967 
536.000 1.974 
537.000 1.981 
538.000 1.989 
539.000 1.998 
540.000 2.007 
541.000 2.016 
542.000 2.025 
543.000 2.034 
544.000 2.043 
545.000 2.051 
546.000 2.058 
547.000 2.065 
548.000 2.071 
549.000 2.076 
550.000 2.079 
551.000 2.082 
552.000 2.084 
553.000 2.086 
554.000 2.086 
555.000 2.085 
556.000 2.084 
557.000 2.083 
558.000 2.081 
559.000 2.079 
560.000 2.076 
561.000 2.074 
562.000 2.071 
563.000 2.069 
564.000 2.067 
565.000 2.066 
566.000 2.064 
567.000 2.063 
568.000 2.063 
569.000 2.063 
570.000 2.063 
571.000 2.064 
572.000 2.065 
573.000 2.067 
574.000 2.068 
575.000 2.070 
576.000 2.072 
577.000 2.075 
578.000 2.077 
579.000 2.079 
580.000 2.081 
581.000 2.083 
582.000 2.085 
583.000 2.086 
584.000 2.088 
585.000 2.089 
586.000 2.089 
587.000 2.090 
588.000 2.090 
589.000 2.090 
590.000 2.090 
591.000 2.090 
592.000 2.089 
593.000 2.089 
594.000 2.088 
595.000 2.087 
596.000 2.086 
597.000 2.086 
598.000 2.085 
599.000 2.084 
600.000 2.084 
601.000 2.083 
602.000 2.083 
603.000 2.083 
604.000 2.083 
605.000 2.083 
606.000 2.083 
607.000 2.083 
608.000 2.083 
609.000 2.084 
610.000 2.085 
611.000 2.085 
612.000 2.086 
613.000 2.087 
614.000 2.087 
615.000 2.088 
616.000 2.089 
617.000 2.089 
618.000 2.090 
619.000 2.090 
620.000 2.091 
621.000 2.091 
622.000 2.091 
623.000 2.091 
624.000 2.091 
625.000 2.091 
626.000 2.091 
627.000 2.091 
628.000 2.091 
629.000 2.091 
630.000 2.091 
631.000 2.091 
632.000 2.091 
633.000 2.090 
634.000 2.090 
635.000 2.090 
636.000 2.090 
637.000 2.090 
638.000 2.090 
639.000 2.090 
640.000 2.090 
641.000 2.090 
642.000 2.090 
643.000 2.090 
644.000 2.090 
645.000 2.091 
646.000 2.091 
647.000 2.091 
648.000 2.091 
649.000 2.092 
650.000 2.092 
651.000 2.092 
652.000 2.092 
653.000 2.093 
654.000 2.093 
655.000 2.093 
656.000 2.093 
657.000 2.093 
658.000 2.093 
659.000 2.093 
660.000 2.093 
661.000 2.094 
662.000 2.094 
663.000 2.094 
664.000 2.094 
665.000 2.094 
666.000 2.094 
667.000 2.094 
668.000 2.094 
669.000 2.094 
670.000 2.094 
671.000 2.094 
672.000 2.094 
673.000 2.094 
674.000 2.094 
675.000 2.094 
676.000 2.094 
677.000 2.094 
678.000 2.094 
679.000 2.094 
680.000 2.094 
681.000 2.094 
682.000 2.094 
683.000 2.094 
684.000 2.094 
685.000 2.095 
686.000 2.095 
687.000 2.095 
688.000 2.095 
689.000 2.095 
690.000 2.095 
691.000 2.095 
692.000 2.095 
693.000 2.095 
694.000 2.095 
695.000 2.095 
696.000 2.095 
697.000 2.095 
698.000 2.095 
699.000 2.096 
700.000 2.096 
701.000 2.096 
702.000 2.096 
703.000 2.096 
704.000 2.096 
705.000 2.096 
706.000 2.096 
707.000 2.096 
708.000 2.096 
709.000 2.096 
710.000 2.096 
711.000 2.096 
712.000 2.096 
713.000 2.096 
714.000 2.096 
715.000 2.096 
716.000 2.096 
717.000 2.096 
718.000 2.096 
719.000 2.096 
720.000 2.096 
721.000 2.096 
722.000 2.096 
723.000 2.097 
724.000 2.097 
725.000 2.097 
726.000 2.097 
727.000 2.097 
728.000 2.097 
729.000 2.097 
730.000 2.097 
731.000 2.097 
732.000 2.097 
733.000 2.097 
734.000 2.097 
735.000 2.097 
736.000 2.097 
737.000 2.097 
738.000 2.097 
739.000 2.097 
740.000 2.097 
741.000 2.097 
742.000 2.097 
743.000 2.097 
744.000 2.097 
745.000 2.097 
746.000 2.097 
747.000 2.097 
748.000 2.097 
749.000 2.097 
750.000 2.097 
751.000 2.097 
752.000 2.097 
753.000 2.097 
754.000 2.098 
755.000 2.098 
756.000 2.098 
757.000 2.098 
758.000 2.098 
759.000 2.098 
760.000 2.098 
761.000 2.098 
762.000 2.098 
763.000 2.098 
764.000 2.098 
765.000 2.098 
766.000 2.098 
767.000 2.098 
768.000 2.098 
769.000 2.098 
770.000 2.098 
771.000 2.098 
772.000 2.098 
773.000 2.098 
774.000 2.098 
775.000 2.098 
776.000 2.098 
777.000 2.098 
778.000 2.098 
779.000 2.098 
780.000 2.098 
781.000 2.098 
782.000 2.096 
783.000 2.092 
784.000 2.086 
785.000 2.079 
786.000 2.071 
787.000 2.061 
788.000 2.051 
789.000 2.040 
790.000 2.028 
791.000 2.016 
792.000 2.003 
793.000 1.991 
794.000 1.979 
795.000 1.968 
796.000 1.958 
797.000 1.949 
798.000 1.941 
799.000 1.934 
800.000 1.928 
801.000 1.924 
802.000 1.921 
803.000 1.919 
804.000 1.918 
805.000 1.918 
806.000 1.920 
807.000 1.921 
808.000 1.924 
809.000 1.927 
810.000 1.930 
811.000 1.933 
812.000 1.936 
813.000 1.939 
814.000 1.942 
815.000 1.945 
816.000 1.946 
817.000 1.948 
818.000 1.949 
819.000 1.949 
820.000 1.949 
821.000 1.948 
822.000 1.946 
823.000 1.944 
824.000 1.942 
825.000 1.940 
826.000 1.937 
827.000 1.934 
828.000 1.931 
829.000 1.928 
830.000 1.926 
831.000 1.923 
832.000 1.921 
833.000 1.918 
834.000 1.917 
835.000 1.915 
836.000 1.914 
837.000 1.913 
838.000 1.913 
839.000 1.912 
840.000 1.913 
841.000 1.913 
842.000 1.914 
843.000 1.914 
844.000 1.915 
845.000 1.916 
846.000 1.917 
847.000 1.918 
848.000 1.919 
849.000 1.920 
850.000 1.921 
851.000 1.922 
852.000 1.922 
853.000 1.923 
854.000 1.923 
855.000 1.923 
856.000 1.923 
857.000 1.922 
858.000 1.922 
859.000 1.921 
860.000 1.920 
861.000 1.920 
862.000 1.919 
863.000 1.918 
864.000 1.917 
865.000 1.916 
866.000 1.915 
867.000 1.914 
868.000 1.914 
869.000 1.913 
870.000 1.912 
871.000 1.912 
872.000 1.912 
873.000 1.911 
874.000 1.911 
875.000 1.911 
876.000 1.911 
877.000 1.911 
878.000 1.911 
879.000 1.912 
880.000 1.912 
881.000 1.912 
882.000 1.912 
883.000 1.912 
884.000 1.913 
885.000 1.913 
886.000 1.913 
887.000 1.913 
888.000 1.913 
889.000 1.913 
890.000 1.913 
891.000 1.913 
892.000 1.913 
893.000 1.913 
894.000 1.913 
895.000 1.912 
896.000 1.912 
897.000 1.912 
898.000 1.911 
899.000 1.911 
900.000 1.911 
901.000 1.910 
902.000 1.910 
903.000 1.910 
904.000 1.909 
905.000 1.909 
906.000 1.909 
907.000 1.909 
908.000 1.909 
909.000 1.909 
910.000 1.908 
911.000 1.908 
912.000 1.908 
913.000 1.908 
914.000 1.908 
915.000 1.908 
916.000 1.908 
917.000 1.908 
918.000 1.908 
919.000 1.908 
920.000 1.908 
921.000 1.908 
922.000 1.908 
923.000 1.908 
924.000 1.908 
925.000 1.908 
926.000 1.908 
927.000 1.908 
928.000 1.908 
929.000 1.908 
930.000 1.908 
931.000 1.908 
932.000 1.908 
933.000 1.907 
934.000 1.907 
935.000 1.907 
936.000 1.907 
937.000 1.907 
938.000 1.907 
939.000 1.907 
940.000 1.906 
941.000 1.906 
942.000 1.906 
943.000 1.906 
944.000 1.906 
945.000 1.906 
946.000 1.906 
947.000 1.906 
948.000 1.906 
949.000 1.906 
950.000 1.906 
951.000 1.906 
952.000 1.906 
953.000 1.906 
954.000 1.906 
955.000 1.906 
956.000 1.906 
957.000 1.906 
958.000 1.906 
959.000 1.905 
960.000 1.905 
961.000 1.905 
962.000 1.905 
963.000 1.905 
964.000 1.905 
965.000 1.905 
966.000 1.905 
967.000 1.905 
968.000 1.905 
969.000 1.905 
970.000 1.905 
971.000 1.905 
972.000 1.905 
973.000 1.905 
974.000 1.905 
975.000 1.904 
976.000 1.904 
977.000 1.904 
978.000 1.904 
979.000 1.904 
980.000 1.904 
981.000 1.904 
982.000 1.904 
983.000 1.904 
984.000 1.904 
985.000 1.904 
986.000 1.904 
987.000 1.904 
988.000 1.904 
989.000 1.904 
990.000 1.904 
991.000 1.904 
992.000 1.904 
993.000 1.904 
994.000 1.904 
995.000 1.904 
996.000 1.904 
997.000 1.904 
998.000 1.904 
999.000 1.903 
1000.000 1.903 
1001.000 1.903 
1002.000 1.903 
1003.000 1.903 
1004.000 1.903 
1005.000 1.903 
1006.000 1.903 
1007.000 1.903 
1008.000 1.903 
1009.000 1.903 
1010.000 1.903 
1011.000 1.903 
1012.000 1.903 
1013.000 1.903 
1014.000 1.903 
1015.000 1.903 
1016.000 1.903 
1017.000 1.903 
1018.000 1.903 
1019.000 1.903 
1020.000 1.903 
1021.000 1.903 
1022.000 1.903 
1023.000 1.903 
1024.000 1.903 
1025.000 1.903 
1026.000 1.903 
1027.000 1.903 
1028.000 1.902 
1029.000 1.902 
1030.000 1.902 
1031.000 1.903 
1032.000 1.905 
1033.000 1.909 
1034.000 1.915 
1035.000 1.924 
1036.000 1.934 
1037.000 1.945 
1038.000 1.958 
1039.000 1.972 
1040.000 1.986 
1041.000 2.002 
1042.000 2.017 
1043.000 2.032 
1044.000 2.047 
1045.000 2.061 
1046.000 2.074 
1047.000 2.086 
1048.000 2.097 
1049.000 2.106 
1050.000 2.113 
1051.000 2.119 
1052.000 2.124 
1053.000 2.126 
1054.000 2.128 
1055.000 2.128 
1056.000 2.127 
1057.000 2.125 
1058.000 2.122 
1059.000 2.118 
1060.000 2.114 
1061.000 2.110 
1062.000 2.106 
1063.000 2.102 
1064.000 2.099 
1065.000 2.096 
1066.000 2.093 
1067.000 2.091 
1068.000 2.090 
1069.000 2.090 
1070.000 2.090 
1071.000 2.091 
1072.000 2.092 
1073.000 2.094 
1074.000 2.097 
1075.000 2.100 
1076.000 2.103 
1077.000 2.107 
1078.000 2.110 
1079.000 2.114 
1080.000 2.118 
1081.000 2.121 
1082.000 2.124 
1083.000 2.127 
1084.000 2.129 
1085.000 2.131 
1086.000 2.133 
1087.000 2.134 
1088.000 2.135 
1089.000 2.135 
1090.000 2.135 
1091.000 2.134 
1092.000 2.134 
1093.000 2.133 
1094.000 2.132 
1095.000 2.130 
1096.000 2.129 
1097.000 2.128 
1098.000 2.127 
1099.000 2.125 
1100.000 2.124 
1101.000 2.123 
1102.000 2.123 
1103.000 2.122 
1104.000 2.122 
1105.000 2.122 
1106.000 2.122 
1107.000 2.122 
1108.000 2.123 
1109.000 2.124 
1110.000 2.125 
1111.000 2.126 
1112.000 2.127 
1113.000 2.128 
1114.000 2.129 
1115.000 2.130 
1116.000 2.131 
1117.000 2.132 
1118.000 2.133 
1119.000 2.134 
1120.000 2.135 
1121.000 2.135 
1122.000 2.136 
1123.000 2.136 
1124.000 2.136 
1125.000 2.136 
1126.000 2.136 
1127.000 2.136 
1128.000 2.136 
1129.000 2.136 
1130.000 2.136 
1131.000 2.135 
1132.000 2.135 
1133.000 2.135 
1134.000 2.134 
1135.000 2.134 
1136.000 2.134 
1137.000 2.134 
1138.000 2.134 
1139.000 2.134 
1140.000 2.134 
1141.000 2.134 
1142.000 2.134 
1143.000 2.134 
1144.000 2.135 
1145.000 2.135 
1146.000 2.135 
1147.000 2.136 
1148.000 2.136 
1149.000 2.136 
1150.000 2.137 
1151.000 2.137 
1152.000 2.138 
1153.000 2.138 
1154.000 2.138 
1155.000 2.139 
1156.000 2.139 
1157.000 2.139 
1158.000 2.139 
1159.000 2.139 
1160.000 2.140 
1161.000 2.140 
1162.000 2.140 
1163.000 2.140 
1164.000 2.140 
1165.000 2.140 
1166.000 2.140 
1167.000 2.140 
1168.000 2.140 
1169.000 2.140 
1170.000 2.140 
1171.000 2.140 
1172.000 2.140 
1173.000 2.140 
1174.000 2.140 
1175.000 2.140 
1176.000 2.140 
1177.000 2.140 
1178.000 2.140 
1179.000 2.140 
1180.000 2.140 
1181.000 2.141 
1182.000 2.141 
1183.000 2.141 
1184.000 2.141 
1185.000 2.141 
1186.000 2.141 
1187.000 2.142 
1188.000 2.142 
1189.000 2.142 
1190.000 2.142 
1191.000 2.142 
1192.000 2.142 
1193.000 2.142 
1194.000 2.143 
1195.000 2.143 
1196.000 2.143 
1197.000 2.143 
1198.000 2.143 
1199.000 2.143 
1200.000 2.143 
1201.000 2.143 
1202.000 2.143 
1203.000 2.143 
1204.000 2.143 
1205.000 2.143 
1206.000 2.143 
1207.000 2.143 
1208.000 2.143 
1209.000 2.143 
1210.000 2.143 
1211.000 2.143 
1212.000 2.143 
1213.000 2.144 
1214.000 2.144 
1215.000 2.144 
1216.000 2.144 
1217.000 2.144 
1218.000 2.144 
1219.000 2.144 
1220.000 2.144 
1221.000 2.144 
1222.000 2.144 
1223.000 2.144 
1224.000 2.144 
1225.000 2.145 
1226.000 2.145 
1227.000 2.145 
1228.000 2.145 
1229.000 2.145 
1230.000 2.145 
1231.000 2.145 
1232.000 2.145 
1233.000 2.145 
1234.000 2.145 
1235.000 2.145 
1236.000 2.145 
1237.000 2.145 
1238.000 2.145 
1239.000 2.145 
1240.000 2.145 
1241.000 2.145 
1242.000 2.145 
1243.000 2.145 
1244.000 2.146 
1245.000 2.146 
1246.000 2.146 
1247.000 2.146 
1248.000 2.146 
1249.000 2.146 
1250.000 2.146 
1251.000 2.146 
1252.000 2.146 
1253.000 2.146 
1254.000 2.146 
1255.000 2.146 
1256.000 2.146 
1257.000 2.146 
1258.000 2.146 
1259.000 2.146 
1260.000 2.146 
1261.000 2.146 
1262.000 2.146 
1263.000 2.146 
1264.000 2.146 
1265.000 2.147 
1266.000 2.147 
1267.000 2.147 
1268.000 2.147 
1269.000 2.147 
1270.000 2.147 
