1.000 2.000 
2.000 2.000 
3.000 2.000 
4.000 2.000 
5.000 2.000 
6.000 2.000 
7.000 2.000 
8.000 2.000 
9.000 2.000 
10.000 2.000 
11.000 2.000 
12.000 2.000 
13.000 2.000 
14.000 2.000 
15.000 2.000 
16.000 2.000 
17.000 2.000 
18.000 2.000 
19.000 2.000 
20.000 2.000 
21.000 2.000 
22.000 2.000 
23.000 2.000 
24.000 2.000 
25.000 2.000 
26.000 2.000 
27.000 2.000 
28.000 2.000 
29.000 2.000 
30.000 2.000 
31.000 2.001 
32.000 2.002 
33.000 2.003 
34.000 2.005 
35.000 2.008 
36.000 2.010 
37.000 2.013 
38.000 2.016 
39.000 2.019 
40.000 2.022 
41.000 2.025 
42.000 2.028 
43.000 2.031 
44.000 2.034 
45.000 2.037 
46.000 2.040 
47.000 2.042 
48.000 2.045 
49.000 2.047 
50.000 2.049 
51.000 2.051 
52.000 2.053 
53.000 2.054 
54.000 2.055 
55.000 2.056 
56.000 2.056 
57.000 2.057 
58.000 2.057 
59.000 2.057 
60.000 2.057 
61.000 2.056 
62.000 2.056 
63.000 2.055 
64.000 2.054 
65.000 2.053 
66.000 2.052 
67.000 2.051 
68.000 2.049 
69.000 2.048 
70.000 2.047 
71.000 2.045 
72.000 2.044 
73.000 2.043 
74.000 2.042 
75.000 2.041 
76.000 2.040 
77.000 2.039 
78.000 2.038 
79.000 2.037 
80.000 2.036 
81.000 2.036 
82.000 2.035 
83.000 2.035 
84.000 2.035 
85.000 2.035 
86.000 2.035 
87.000 2.035 
88.000 2.035 
89.000 2.035 
90.000 2.036 
91.000 2.036 
92.000 2.037 
93.000 2.037 
94.000 2.038 
95.000 2.038 
96.000 2.039 
97.000 2.040 
98.000 2.041 
99.000 2.041 
100.000 2.042 
101.000 2.043 
102.000 2.043 
103.000 2.044 
104.000 2.045 
105.000 2.045 
106.000 2.046 
107.000 2.046 
108.000 2.047 
109.000 2.047 
110.000 2.047 
111.000 2.048 
112.000 2.048 
113.000 2.048 
114.000 2.048 
115.000 2.048 
116.000 2.048 
117.000 2.048 
118.000 2.048 
119.000 2.048 
120.000 2.048 
121.000 2.048 
122.000 2.047 
123.000 2.047 
124.000 2.047 
125.000 2.047 
126.000 2.047 
127.000 2.046 
128.000 2.046 
129.000 2.046 
130.000 2.046 
131.000 2.045 
132.000 2.045 
133.000 2.045 
134.000 2.045 
135.000 2.045 
136.000 2.044 
137.000 2.044 
138.000 2.044 
139.000 2.044 
140.000 2.044 
141.000 2.044 
142.000 2.044 
143.000 2.044 
144.000 2.044 
145.000 2.044 
146.000 2.044 
147.000 2.044 
148.000 2.045 
149.000 2.045 
150.000 2.045 
151.000 2.045 
152.000 2.045 
153.000 2.045 
154.000 2.046 
155.000 2.046 
156.000 2.046 
157.000 2.046 
158.000 2.046 
159.000 2.046 
160.000 2.047 
161.000 2.047 
162.000 2.047 
163.000 2.047 
164.000 2.047 
165.000 2.047 
166.000 2.047 
167.000 2.047 
168.000 2.048 
169.000 2.048 
170.000 2.048 
171.000 2.048 
172.000 2.048 
173.000 2.048 
174.000 2.048 
175.000 2.048 
176.000 2.048 
177.000 2.048 
178.000 2.048 
179.000 2.048 
180.000 2.048 
181.000 2.048 
182.000 2.048 
183.000 2.048 
184.000 2.048 
185.000 2.048 
186.000 2.047 
187.000 2.047 
188.000 2.047 
189.000 2.047 
190.000 2.047 
191.000 2.047 
192.000 2.047 
193.000 2.047 
194.000 2.047 
195.000 2.047 
196.000 2.047 
197.000 2.047 
198.000 2.047 
199.000 2.047 
200.000 2.047 
201.000 2.047 
202.000 2.047 
203.000 2.047 
204.000 2.047 
205.000 2.048 
206.000 2.048 
207.000 2.048 
208.000 2.048 
209.000 2.048 
210.000 2.048 
211.000 2.048 
212.000 2.048 
213.000 2.048 
214.000 2.048 
215.000 2.048 
216.000 2.048 
217.000 2.048 
218.000 2.048 
219.000 2.048 
220.000 2.048 
221.000 2.048 
222.000 2.048 
223.000 2.048 
224.000 2.048 
225.000 2.048 
226.000 2.048 
227.000 2.048 
228.000 2.048 
229.000 2.048 
230.000 2.048 
231.000 2.048 
232.000 2.049 
233.000 2.049 
234.000 2.049 
235.000 2.049 
236.000 2.049 
237.000 2.049 
238.000 2.049 
239.000 2.049 
240.000 2.049 
241.000 2.049 
242.000 2.049 
243.000 2.049 
244.000 2.049 
245.000 2.049 
246.000 2.049 
247.000 2.049 
248.000 2.049 
249.000 2.049 
250.000 2.049 
251.000 2.049 
252.000 2.049 
253.000 2.049 
254.000 2.049 
255.000 2.049 
256.000 2.049 
257.000 2.049 
258.000 2.049 
259.000 2.049 
260.000 2.049 
261.000 2.049 
262.000 2.049 
263.000 2.049 
264.000 2.049 
265.000 2.049 
266.000 2.049 
267.000 2.049 
268.000 2.049 
269.000 2.049 
270.000 2.049 
271.000 2.049 
272.000 2.049 
273.000 2.049 
274.000 2.049 
275.000 2.049 
276.000 2.049 
277.000 2.049 
278.000 2.049 
279.000 2.049 
280.000 2.049 
281.000 2.049 
282.000 2.047 
283.000 2.045 
284.000 2.041 
285.000 2.037 
286.000 2.033 
287.000 2.028 
288.000 2.022 
289.000 2.017 
290.000 2.011 
291.000 2.004 
292.000 1.998 
293.000 1.992 
294.000 1.986 
295.000 1.980 
296.000 1.974 
297.000 1.968 
298.000 1.963 
299.000 1.958 
300.000 1.954 
301.000 1.950 
302.000 1.946 
303.000 1.943 
304.000 1.940 
305.000 1.938 
306.000 1.936 
307.000 1.935 
308.000 1.935 
309.000 1.934 
310.000 1.935 
311.000 1.935 
312.000 1.936 
313.000 1.938 
314.000 1.939 
315.000 1.941 
316.000 1.943 
317.000 1.946 
318.000 1.948 
319.000 1.950 
320.000 1.953 
321.000 1.956 
322.000 1.958 
323.000 1.961 
324.000 1.963 
325.000 1.966 
326.000 1.968 
327.000 1.970 
328.000 1.972 
329.000 1.974 
330.000 1.975 
331.000 1.977 
332.000 1.978 
333.000 1.978 
334.000 1.979 
335.000 1.980 
336.000 1.980 
337.000 1.980 
338.000 1.979 
339.000 1.979 
340.000 1.978 
341.000 1.978 
342.000 1.977 
343.000 1.976 
344.000 1.975 
345.000 1.973 
346.000 1.972 
347.000 1.971 
348.000 1.969 
349.000 1.968 
350.000 1.966 
351.000 1.965 
352.000 1.964 
353.000 1.962 
354.000 1.961 
355.000 1.960 
356.000 1.959 
357.000 1.958 
358.000 1.957 
359.000 1.956 
360.000 1.955 
361.000 1.955 
362.000 1.954 
363.000 1.954 
364.000 1.953 
365.000 1.953 
366.000 1.953 
367.000 1.953 
368.000 1.953 
369.000 1.953 
370.000 1.953 
371.000 1.954 
372.000 1.954 
373.000 1.954 
374.000 1.955 
375.000 1.955 
376.000 1.956 
377.000 1.956 
378.000 1.957 
379.000 1.957 
380.000 1.958 
381.000 1.958 
382.000 1.959 
383.000 1.959 
384.000 1.960 
385.000 1.960 
386.000 1.960 
387.000 1.960 
388.000 1.961 
389.000 1.961 
390.000 1.961 
391.000 1.961 
392.000 1.961 
393.000 1.961 
394.000 1.961 
395.000 1.961 
396.000 1.961 
397.000 1.961 
398.000 1.960 
399.000 1.960 
400.000 1.960 
401.000 1.960 
402.000 1.959 
403.000 1.959 
404.000 1.959 
405.000 1.958 
406.000 1.958 
407.000 1.958 
408.000 1.957 
409.000 1.957 
410.000 1.957 
411.000 1.956 
412.000 1.956 
413.000 1.956 
414.000 1.955 
415.000 1.955 
416.000 1.955 
417.000 1.955 
418.000 1.955 
419.000 1.954 
420.000 1.954 
421.000 1.954 
422.000 1.954 
423.000 1.954 
424.000 1.954 
425.000 1.954 
426.000 1.954 
427.000 1.954 
428.000 1.954 
429.000 1.954 
430.000 1.954 
431.000 1.954 
432.000 1.954 
433.000 1.954 
434.000 1.954 
435.000 1.955 
436.000 1.955 
437.000 1.955 
438.000 1.955 
439.000 1.955 
440.000 1.955 
441.000 1.955 
442.000 1.955 
443.000 1.955 
444.000 1.955 
445.000 1.955 
446.000 1.955 
447.000 1.955 
448.000 1.955 
449.000 1.955 
450.000 1.955 
451.000 1.955 
452.000 1.955 
453.000 1.955 
454.000 1.955 
455.000 1.955 
456.000 1.955 
457.000 1.955 
458.000 1.954 
459.000 1.954 
460.000 1.954 
461.000 1.954 
462.000 1.954 
463.000 1.954 
464.000 1.954 
465.000 1.954 
466.000 1.954 
467.000 1.954 
468.000 1.954 
469.000 1.953 
470.000 1.953 
471.000 1.953 
472.000 1.953 
473.000 1.953 
474.000 1.953 
475.000 1.953 
476.000 1.953 
477.000 1.953 
478.000 1.953 
479.000 1.953 
480.000 1.953 
481.000 1.953 
482.000 1.953 
483.000 1.953 
484.000 1.953 
485.000 1.953 
486.000 1.953 
487.000 1.953 
488.000 1.953 
489.000 1.953 
490.000 1.953 
491.000 1.953 
492.000 1.953 
493.000 1.953 
494.000 1.953 
495.000 1.953 
496.000 1.953 
497.000 1.953 
498.000 1.953 
499.000 1.953 
500.000 1.953 
501.000 1.953 
502.000 1.953 
503.000 1.953 
504.000 1.953 
505.000 1.953 
506.000 1.953 
507.000 1.953 
508.000 1.953 
509.000 1.952 
510.000 1.952 
511.000 1.952 
512.000 1.952 
513.000 1.952 
514.000 1.952 
515.000 1.952 
516.000 1.952 
517.000 1.952 
518.000 1.952 
519.000 1.952 
520.000 1.952 
521.000 1.952 
522.000 1.952 
523.000 1.952 
524.000 1.952 
525.000 1.952 
526.000 1.952 
527.000 1.952 
528.000 1.952 
529.000 1.952 
530.000 1.952 
531.000 1.952 
532.000 1.954 
533.000 1.957 
534.000 1.962 
535.000 1.968 
536.000 1.974 
537.000 1.982 
538.000 1.990 
539.000 1.998 
540.000 2.007 
541.000 2.016 
542.000 2.026 
543.000 2.035 
544.000 2.044 
545.000 2.054 
546.000 2.063 
547.000 2.071 
548.000 2.079 
549.000 2.087 
550.000 2.094 
551.000 2.100 
552.000 2.105 
553.000 2.110 
554.000 2.114 
555.000 2.118 
556.000 2.120 
557.000 2.122 
558.000 2.124 
559.000 2.124 
560.000 2.124 
561.000 2.123 
562.000 2.122 
563.000 2.120 
564.000 2.118 
565.000 2.115 
566.000 2.112 
567.000 2.108 
568.000 2.105 
569.000 2.101 
570.000 2.097 
571.000 2.093 
572.000 2.089 
573.000 2.085 
574.000 2.081 
575.000 2.078 
576.000 2.074 
577.000 2.071 
578.000 2.068 
579.000 2.066 
580.000 2.063 
581.000 2.061 
582.000 2.059 
583.000 2.058 
584.000 2.057 
585.000 2.056 
586.000 2.056 
587.000 2.056 
588.000 2.056 
589.000 2.057 
590.000 2.057 
591.000 2.059 
592.000 2.060 
593.000 2.061 
594.000 2.063 
595.000 2.065 
596.000 2.067 
597.000 2.069 
598.000 2.071 
599.000 2.073 
600.000 2.075 
601.000 2.077 
602.000 2.079 
603.000 2.081 
604.000 2.083 
605.000 2.085 
606.000 2.087 
607.000 2.088 
608.000 2.090 
609.000 2.091 
610.000 2.092 
611.000 2.093 
612.000 2.094 
613.000 2.095 
614.000 2.095 
615.000 2.096 
616.000 2.096 
617.000 2.096 
618.000 2.096 
619.000 2.096 
620.000 2.095 
621.000 2.095 
622.000 2.094 
623.000 2.094 
624.000 2.093 
625.000 2.093 
626.000 2.092 
627.000 2.091 
628.000 2.090 
629.000 2.090 
630.000 2.089 
631.000 2.088 
632.000 2.087 
633.000 2.087 
634.000 2.086 
635.000 2.086 
636.000 2.085 
637.000 2.085 
638.000 2.084 
639.000 2.084 
640.000 2.084 
641.000 2.084 
642.000 2.084 
643.000 2.084 
644.000 2.084 
645.000 2.084 
646.000 2.084 
647.000 2.084 
648.000 2.084 
649.000 2.085 
650.000 2.085 
651.000 2.086 
652.000 2.086 
653.000 2.087 
654.000 2.087 
655.000 2.088 
656.000 2.088 
657.000 2.089 
658.000 2.089 
659.000 2.090 
660.000 2.090 
661.000 2.091 
662.000 2.091 
663.000 2.091 
664.000 2.092 
665.000 2.092 
666.000 2.093 
667.000 2.093 
668.000 2.093 
669.000 2.093 
670.000 2.094 
671.000 2.094 
672.000 2.094 
673.000 2.094 
674.000 2.094 
675.000 2.094 
676.000 2.094 
677.000 2.094 
678.000 2.094 
679.000 2.094 
680.000 2.094 
681.000 2.094 
682.000 2.094 
683.000 2.094 
684.000 2.094 
685.000 2.093 
686.000 2.093 
687.000 2.093 
688.000 2.093 
689.000 2.093 
690.000 2.093 
691.000 2.093 
692.000 2.093 
693.000 2.093 
694.000 2.093 
695.000 2.093 
696.000 2.093 
697.000 2.093 
698.000 2.093 
699.000 2.093 
700.000 2.093 
701.000 2.093 
702.000 2.093 
703.000 2.093 
704.000 2.093 
705.000 2.093 
706.000 2.093 
707.000 2.093 
708.000 2.093 
709.000 2.093 
710.000 2.094 
711.000 2.094 
712.000 2.094 
713.000 2.094 
714.000 2.094 
715.000 2.094 
716.000 2.094 
717.000 2.095 
718.000 2.095 
719.000 2.095 
720.000 2.095 
721.000 2.095 
722.000 2.095 
723.000 2.095 
724.000 2.095 
725.000 2.096 
726.000 2.096 
727.000 2.096 
728.000 2.096 
729.000 2.096 
730.000 2.096 
731.000 2.096 
732.000 2.096 
733.000 2.096 
734.000 2.096 
735.000 2.096 
736.000 2.096 
737.000 2.096 
738.000 2.096 
739.000 2.096 
740.000 2.096 
741.000 2.096 
742.000 2.096 
743.000 2.096 
744.000 2.096 
745.000 2.096 
746.000 2.096 
747.000 2.096 
748.000 2.096 
749.000 2.096 
750.000 2.096 
751.000 2.096 
752.000 2.096 
753.000 2.096 
754.000 2.096 
755.000 2.096 
756.000 2.096 
757.000 2.096 
758.000 2.096 
759.000 2.096 
760.000 2.096 
761.000 2.096 
762.000 2.096 
763.000 2.097 
764.000 2.097 
765.000 2.097 
766.000 2.097 
767.000 2.097 
768.000 2.097 
769.000 2.097 
770.000 2.097 
771.000 2.097 
772.000 2.097 
773.000 2.097 
774.000 2.097 
775.000 2.097 
776.000 2.097 
777.000 2.097 
778.000 2.097 
779.000 2.097 
780.000 2.097 
781.000 2.097 
782.000 2.095 
783.000 2.091 
784.000 2.086 
785.000 2.078 
786.000 2.070 
787.000 2.060 
788.000 2.050 
789.000 2.039 
790.000 2.027 
791.000 2.015 
792.000 2.002 
793.000 1.990 
794.000 1.977 
795.000 1.965 
796.000 1.953 
797.000 1.941 
798.000 1.930 
799.000 1.920 
800.000 1.911 
801.000 1.902 
802.000 1.894 
803.000 1.887 
804.000 1.882 
805.000 1.877 
806.000 1.873 
807.000 1.870 
808.000 1.868 
809.000 1.867 
810.000 1.867 
811.000 1.868 
812.000 1.869 
813.000 1.872 
814.000 1.875 
815.000 1.878 
816.000 1.882 
817.000 1.887 
818.000 1.891 
819.000 1.896 
820.000 1.901 
821.000 1.907 
822.000 1.912 
823.000 1.917 
824.000 1.922 
825.000 1.927 
826.000 1.932 
827.000 1.936 
828.000 1.941 
829.000 1.944 
830.000 1.948 
831.000 1.951 
832.000 1.953 
833.000 1.955 
834.000 1.957 
835.000 1.958 
836.000 1.958 
837.000 1.958 
838.000 1.958 
839.000 1.958 
840.000 1.957 
841.000 1.955 
842.000 1.954 
843.000 1.952 
844.000 1.950 
845.000 1.947 
846.000 1.945 
847.000 1.942 
848.000 1.939 
849.000 1.936 
850.000 1.934 
851.000 1.931 
852.000 1.928 
853.000 1.925 
854.000 1.923 
855.000 1.920 
856.000 1.918 
857.000 1.916 
858.000 1.914 
859.000 1.912 
860.000 1.910 
861.000 1.909 
862.000 1.908 
863.000 1.907 
864.000 1.906 
865.000 1.905 
866.000 1.905 
867.000 1.905 
868.000 1.905 
869.000 1.905 
870.000 1.906 
871.000 1.906 
872.000 1.907 
873.000 1.907 
874.000 1.908 
875.000 1.909 
876.000 1.910 
877.000 1.911 
878.000 1.912 
879.000 1.913 
880.000 1.914 
881.000 1.915 
882.000 1.916 
883.000 1.917 
884.000 1.918 
885.000 1.919 
886.000 1.919 
887.000 1.920 
888.000 1.920 
889.000 1.921 
890.000 1.921 
891.000 1.921 
892.000 1.922 
893.000 1.922 
894.000 1.922 
895.000 1.921 
896.000 1.921 
897.000 1.921 
898.000 1.921 
899.000 1.920 
900.000 1.920 
901.000 1.919 
902.000 1.918 
903.000 1.918 
904.000 1.917 
905.000 1.917 
906.000 1.916 
907.000 1.915 
908.000 1.914 
909.000 1.914 
910.000 1.913 
911.000 1.912 
912.000 1.912 
913.000 1.911 
914.000 1.911 
915.000 1.910 
916.000 1.910 
917.000 1.909 
918.000 1.909 
919.000 1.909 
920.000 1.908 
921.000 1.908 
922.000 1.908 
923.000 1.908 
924.000 1.908 
925.000 1.908 
926.000 1.908 
927.000 1.908 
928.000 1.908 
929.000 1.908 
930.000 1.908 
931.000 1.908 
932.000 1.908 
933.000 1.908 
934.000 1.908 
935.000 1.909 
936.000 1.909 
937.000 1.909 
938.000 1.909 
939.000 1.909 
940.000 1.909 
941.000 1.909 
942.000 1.910 
943.000 1.910 
944.000 1.910 
945.000 1.910 
946.000 1.910 
947.000 1.910 
948.000 1.910 
949.000 1.910 
950.000 1.910 
951.000 1.910 
952.000 1.910 
953.000 1.909 
954.000 1.909 
955.000 1.909 
956.000 1.909 
957.000 1.909 
958.000 1.909 
959.000 1.909 
960.000 1.908 
961.000 1.908 
962.000 1.908 
963.000 1.908 
964.000 1.908 
965.000 1.907 
966.000 1.907 
967.000 1.907 
968.000 1.907 
969.000 1.907 
970.000 1.907 
971.000 1.906 
972.000 1.906 
973.000 1.906 
974.000 1.906 
975.000 1.906 
976.000 1.906 
977.000 1.906 
978.000 1.906 
979.000 1.905 
980.000 1.905 
981.000 1.905 
982.000 1.905 
983.000 1.905 
984.000 1.905 
985.000 1.905 
986.000 1.905 
987.000 1.905 
988.000 1.905 
989.000 1.905 
990.000 1.905 
991.000 1.905 
992.000 1.905 
993.000 1.905 
994.000 1.905 
995.000 1.905 
996.000 1.905 
997.000 1.905 
998.000 1.905 
999.000 1.905 
1000.000 1.905 
1001.000 1.905 
1002.000 1.905 
1003.000 1.905 
1004.000 1.905 
1005.000 1.905 
1006.000 1.905 
1007.000 1.905 
1008.000 1.905 
1009.000 1.905 
1010.000 1.905 
1011.000 1.905 
1012.000 1.905 
1013.000 1.905 
1014.000 1.905 
1015.000 1.904 
1016.000 1.904 
1017.000 1.904 
1018.000 1.904 
1019.000 1.904 
1020.000 1.904 
1021.000 1.904 
1022.000 1.904 
1023.000 1.904 
1024.000 1.904 
1025.000 1.904 
1026.000 1.904 
1027.000 1.904 
1028.000 1.904 
1029.000 1.904 
1030.000 1.904 
1031.000 1.904 
1032.000 1.906 
1033.000 1.910 
1034.000 1.916 
1035.000 1.925 
1036.000 1.935 
1037.000 1.946 
1038.000 1.959 
1039.000 1.973 
1040.000 1.987 
1041.000 2.003 
1042.000 2.018 
1043.000 2.034 
1044.000 2.050 
1045.000 2.065 
1046.000 2.080 
1047.000 2.095 
1048.000 2.109 
1049.000 2.122 
1050.000 2.134 
1051.000 2.145 
1052.000 2.155 
1053.000 2.164 
1054.000 2.172 
1055.000 2.178 
1056.000 2.184 
1057.000 2.188 
1058.000 2.190 
1059.000 2.192 
1060.000 2.192 
1061.000 2.191 
1062.000 2.190 
1063.000 2.187 
1064.000 2.184 
1065.000 2.180 
1066.000 2.175 
1067.000 2.169 
1068.000 2.163 
1069.000 2.157 
1070.000 2.151 
1071.000 2.144 
1072.000 2.138 
1073.000 2.131 
1074.000 2.124 
1075.000 2.118 
1076.000 2.112 
1077.000 2.107 
1078.000 2.101 
1079.000 2.096 
1080.000 2.092 
1081.000 2.088 
1082.000 2.085 
1083.000 2.082 
1084.000 2.080 
1085.000 2.079 
1086.000 2.078 
1087.000 2.077 
1088.000 2.077 
1089.000 2.078 
1090.000 2.079 
1091.000 2.081 
1092.000 2.083 
1093.000 2.085 
1094.000 2.088 
1095.000 2.090 
1096.000 2.094 
1097.000 2.097 
1098.000 2.100 
1099.000 2.104 
1100.000 2.107 
1101.000 2.111 
1102.000 2.114 
1103.000 2.118 
1104.000 2.121 
1105.000 2.124 
1106.000 2.127 
1107.000 2.130 
1108.000 2.133 
1109.000 2.135 
1110.000 2.137 
1111.000 2.139 
1112.000 2.140 
1113.000 2.142 
1114.000 2.143 
1115.000 2.143 
1116.000 2.144 
1117.000 2.144 
1118.000 2.144 
1119.000 2.144 
1120.000 2.144 
1121.000 2.143 
1122.000 2.142 
1123.000 2.141 
1124.000 2.140 
1125.000 2.139 
1126.000 2.138 
1127.000 2.137 
1128.000 2.136 
1129.000 2.134 
1130.000 2.133 
1131.000 2.132 
1132.000 2.130 
1133.000 2.129 
1134.000 2.128 
1135.000 2.127 
1136.000 2.126 
1137.000 2.126 
1138.000 2.125 
1139.000 2.124 
1140.000 2.124 
1141.000 2.123 
1142.000 2.123 
1143.000 2.123 
1144.000 2.123 
1145.000 2.123 
1146.000 2.124 
1147.000 2.124 
1148.000 2.124 
1149.000 2.125 
1150.000 2.126 
1151.000 2.126 
1152.000 2.127 
1153.000 2.128 
1154.000 2.129 
1155.000 2.129 
1156.000 2.130 
1157.000 2.131 
1158.000 2.132 
1159.000 2.133 
1160.000 2.134 
1161.000 2.134 
1162.000 2.135 
1163.000 2.136 
1164.000 2.137 
1165.000 2.137 
1166.000 2.138 
1167.000 2.138 
1168.000 2.139 
1169.000 2.139 
1170.000 2.140 
1171.000 2.140 
1172.000 2.140 
1173.000 2.140 
1174.000 2.141 
1175.000 2.141 
1176.000 2.141 
1177.000 2.141 
1178.000 2.141 
1179.000 2.141 
1180.000 2.140 
1181.000 2.140 
1182.000 2.140 
1183.000 2.140 
1184.000 2.140 
1185.000 2.140 
1186.000 2.139 
1187.000 2.139 
1188.000 2.139 
1189.000 2.139 
1190.000 2.139 
1191.000 2.138 
1192.000 2.138 
1193.000 2.138 
1194.000 2.138 
1195.000 2.138 
1196.000 2.138 
1197.000 2.138 
1198.000 2.138 
1199.000 2.138 
1200.000 2.138 
1201.000 2.138 
1202.000 2.138 
1203.000 2.138 
1204.000 2.138 
1205.000 2.139 
1206.000 2.139 
1207.000 2.139 
1208.000 2.139 
1209.000 2.139 
1210.000 2.140 
1211.000 2.140 
1212.000 2.140 
1213.000 2.140 
1214.000 2.141 
1215.000 2.141 
1216.000 2.141 
1217.000 2.141 
1218.000 2.141 
1219.000 2.142 
1220.000 2.142 
1221.000 2.142 
1222.000 2.142 
1223.000 2.142 
1224.000 2.143 
1225.000 2.143 
1226.000 2.143 
1227.000 2.143 
1228.000 2.143 
1229.000 2.143 
1230.000 2.143 
1231.000 2.143 
1232.000 2.143 
1233.000 2.144 
1234.000 2.144 
1235.000 2.144 
1236.000 2.144 
1237.000 2.144 
1238.000 2.144 
1239.000 2.144 
1240.000 2.144 
1241.000 2.144 
1242.000 2.144 
1243.000 2.144 
1244.000 2.144 
1245.000 2.144 
1246.000 2.144 
1247.000 2.144 
1248.000 2.144 
1249.000 2.144 
1250.000 2.144 
1251.000 2.144 
1252.000 2.144 
1253.000 2.144 
1254.000 2.144 
1255.000 2.144 
1256.000 2.144 
1257.000 2.144 
1258.000 2.144 
1259.000 2.144 
1260.000 2.144 
1261.000 2.144 
1262.000 2.144 
1263.000 2.144 
1264.000 2.144 
1265.000 2.144 
1266.000 2.145 
1267.000 2.145 
1268.000 2.145 
1269.000 2.145 
1270.000 2.145 
