1.000 2.000, 
2.000 2.000, 
3.000 2.000, 
4.000 2.000, 
5.000 2.000, 
6.000 2.000, 
7.000 2.000, 
8.000 2.000, 
9.000 2.000, 
10.000 2.000, 
11.000 2.000, 
12.000 2.000, 
13.000 2.000, 
14.000 2.000, 
15.000 2.000, 
16.000 2.000, 
17.000 2.000, 
18.000 2.000, 
19.000 2.000, 
20.000 2.000, 
21.000 2.000, 
22.000 2.000, 
23.000 2.000, 
24.000 2.000, 
25.000 2.000, 
26.000 2.000, 
27.000 2.000, 
28.000 2.000, 
29.000 2.000, 
30.000 2.000, 
31.000 2.000, 
32.000 2.001, 
33.000 2.002, 
34.000 2.004, 
35.000 2.006, 
36.000 2.009, 
37.000 2.011, 
38.000 2.014, 
39.000 2.017, 
40.000 2.020, 
41.000 2.023, 
42.000 2.026, 
43.000 2.029, 
44.000 2.032, 
45.000 2.035, 
46.000 2.038, 
47.000 2.041, 
48.000 2.044, 
49.000 2.047, 
50.000 2.049, 
51.000 2.052, 
52.000 2.054, 
53.000 2.055, 
54.000 2.057, 
55.000 2.058, 
56.000 2.060, 
57.000 2.060, 
58.000 2.061, 
59.000 2.061, 
60.000 2.061, 
61.000 2.061, 
62.000 2.061, 
63.000 2.060, 
64.000 2.060, 
65.000 2.059, 
66.000 2.058, 
67.000 2.057, 
68.000 2.055, 
69.000 2.054, 
70.000 2.052, 
71.000 2.051, 
72.000 2.049, 
73.000 2.047, 
74.000 2.046, 
75.000 2.044, 
76.000 2.042, 
77.000 2.041, 
78.000 2.039, 
79.000 2.038, 
80.000 2.037, 
81.000 2.035, 
82.000 2.034, 
83.000 2.033, 
84.000 2.032, 
85.000 2.032, 
86.000 2.031, 
87.000 2.031, 
88.000 2.030, 
89.000 2.030, 
90.000 2.030, 
91.000 2.031, 
92.000 2.031, 
93.000 2.031, 
94.000 2.032, 
95.000 2.032, 
96.000 2.033, 
97.000 2.034, 
98.000 2.035, 
99.000 2.036, 
100.000 2.037, 
101.000 2.038, 
102.000 2.039, 
103.000 2.040, 
104.000 2.041, 
105.000 2.042, 
106.000 2.043, 
107.000 2.044, 
108.000 2.045, 
109.000 2.046, 
110.000 2.047, 
111.000 2.048, 
112.000 2.048, 
113.000 2.049, 
114.000 2.050, 
115.000 2.050, 
116.000 2.051, 
117.000 2.051, 
118.000 2.051, 
119.000 2.052, 
120.000 2.052, 
121.000 2.052, 
122.000 2.052, 
123.000 2.052, 
124.000 2.051, 
125.000 2.051, 
126.000 2.051, 
127.000 2.051, 
128.000 2.050, 
129.000 2.050, 
130.000 2.049, 
131.000 2.049, 
132.000 2.048, 
133.000 2.048, 
134.000 2.047, 
135.000 2.047, 
136.000 2.046, 
137.000 2.046, 
138.000 2.045, 
139.000 2.045, 
140.000 2.044, 
141.000 2.044, 
142.000 2.043, 
143.000 2.043, 
144.000 2.043, 
145.000 2.043, 
146.000 2.042, 
147.000 2.042, 
148.000 2.042, 
149.000 2.042, 
150.000 2.042, 
151.000 2.042, 
152.000 2.042, 
153.000 2.042, 
154.000 2.042, 
155.000 2.043, 
156.000 2.043, 
157.000 2.043, 
158.000 2.043, 
159.000 2.044, 
160.000 2.044, 
161.000 2.044, 
162.000 2.045, 
163.000 2.045, 
164.000 2.045, 
165.000 2.046, 
166.000 2.046, 
167.000 2.046, 
168.000 2.047, 
169.000 2.047, 
170.000 2.047, 
171.000 2.048, 
172.000 2.048, 
173.000 2.048, 
174.000 2.049, 
175.000 2.049, 
176.000 2.049, 
177.000 2.049, 
178.000 2.049, 
179.000 2.049, 
180.000 2.049, 
181.000 2.049, 
182.000 2.049, 
183.000 2.049, 
184.000 2.049, 
185.000 2.049, 
186.000 2.049, 
187.000 2.049, 
188.000 2.049, 
189.000 2.049, 
190.000 2.049, 
191.000 2.049, 
192.000 2.049, 
193.000 2.048, 
194.000 2.048, 
195.000 2.048, 
196.000 2.048, 
197.000 2.048, 
198.000 2.048, 
199.000 2.047, 
200.000 2.047, 
201.000 2.047, 
202.000 2.047, 
203.000 2.047, 
204.000 2.047, 
205.000 2.047, 
206.000 2.047, 
207.000 2.047, 
208.000 2.047, 
209.000 2.047, 
210.000 2.047, 
211.000 2.047, 
212.000 2.047, 
213.000 2.047, 
214.000 2.047, 
215.000 2.047, 
216.000 2.047, 
217.000 2.047, 
218.000 2.047, 
219.000 2.047, 
220.000 2.047, 
221.000 2.047, 
222.000 2.047, 
223.000 2.047, 
224.000 2.048, 
225.000 2.048, 
226.000 2.048, 
227.000 2.048, 
228.000 2.048, 
229.000 2.048, 
230.000 2.048, 
231.000 2.048, 
232.000 2.049, 
233.000 2.049, 
234.000 2.049, 
235.000 2.049, 
236.000 2.049, 
237.000 2.049, 
238.000 2.049, 
239.000 2.049, 
240.000 2.049, 
241.000 2.049, 
242.000 2.049, 
243.000 2.049, 
244.000 2.049, 
245.000 2.049, 
246.000 2.049, 
247.000 2.049, 
248.000 2.049, 
249.000 2.049, 
250.000 2.049, 
251.000 2.049, 
252.000 2.049, 
253.000 2.049, 
254.000 2.049, 
255.000 2.049, 
256.000 2.049, 
257.000 2.049, 
258.000 2.049, 
259.000 2.049, 
260.000 2.049, 
261.000 2.049, 
262.000 2.049, 
263.000 2.049, 
264.000 2.049, 
265.000 2.048, 
266.000 2.048, 
267.000 2.048, 
268.000 2.048, 
269.000 2.048, 
270.000 2.048, 
271.000 2.048, 
272.000 2.048, 
273.000 2.048, 
274.000 2.048, 
275.000 2.048, 
276.000 2.048, 
277.000 2.049, 
278.000 2.049, 
279.000 2.049, 
280.000 2.049, 
281.000 2.048, 
282.000 2.047, 
283.000 2.044, 
284.000 2.041, 
285.000 2.037, 
286.000 2.033, 
287.000 2.028, 
288.000 2.022, 
289.000 2.016, 
290.000 2.010, 
291.000 2.004, 
292.000 1.998, 
293.000 1.992, 
294.000 1.986, 
295.000 1.979, 
296.000 1.973, 
297.000 1.967, 
298.000 1.962, 
299.000 1.956, 
300.000 1.951, 
301.000 1.947, 
302.000 1.943, 
303.000 1.939, 
304.000 1.936, 
305.000 1.933, 
306.000 1.930, 
307.000 1.929, 
308.000 1.927, 
309.000 1.927, 
310.000 1.926, 
311.000 1.926, 
312.000 1.927, 
313.000 1.928, 
314.000 1.929, 
315.000 1.931, 
316.000 1.933, 
317.000 1.936, 
318.000 1.938, 
319.000 1.941, 
320.000 1.944, 
321.000 1.947, 
322.000 1.951, 
323.000 1.954, 
324.000 1.957, 
325.000 1.961, 
326.000 1.964, 
327.000 1.967, 
328.000 1.970, 
329.000 1.973, 
330.000 1.976, 
331.000 1.978, 
332.000 1.980, 
333.000 1.982, 
334.000 1.984, 
335.000 1.985, 
336.000 1.987, 
337.000 1.988, 
338.000 1.988, 
339.000 1.988, 
340.000 1.989, 
341.000 1.988, 
342.000 1.988, 
343.000 1.987, 
344.000 1.986, 
345.000 1.985, 
346.000 1.984, 
347.000 1.982, 
348.000 1.980, 
349.000 1.979, 
350.000 1.977, 
351.000 1.975, 
352.000 1.973, 
353.000 1.970, 
354.000 1.968, 
355.000 1.966, 
356.000 1.964, 
357.000 1.962, 
358.000 1.960, 
359.000 1.958, 
360.000 1.956, 
361.000 1.955, 
362.000 1.953, 
363.000 1.952, 
364.000 1.950, 
365.000 1.949, 
366.000 1.948, 
367.000 1.948, 
368.000 1.947, 
369.000 1.947, 
370.000 1.946, 
371.000 1.946, 
372.000 1.946, 
373.000 1.946, 
374.000 1.947, 
375.000 1.947, 
376.000 1.948, 
377.000 1.948, 
378.000 1.949, 
379.000 1.950, 
380.000 1.951, 
381.000 1.952, 
382.000 1.953, 
383.000 1.954, 
384.000 1.955, 
385.000 1.956, 
386.000 1.957, 
387.000 1.958, 
388.000 1.959, 
389.000 1.960, 
390.000 1.961, 
391.000 1.962, 
392.000 1.962, 
393.000 1.963, 
394.000 1.964, 
395.000 1.964, 
396.000 1.965, 
397.000 1.965, 
398.000 1.965, 
399.000 1.966, 
400.000 1.966, 
401.000 1.966, 
402.000 1.966, 
403.000 1.965, 
404.000 1.965, 
405.000 1.965, 
406.000 1.964, 
407.000 1.964, 
408.000 1.963, 
409.000 1.963, 
410.000 1.962, 
411.000 1.961, 
412.000 1.961, 
413.000 1.960, 
414.000 1.959, 
415.000 1.958, 
416.000 1.958, 
417.000 1.957, 
418.000 1.956, 
419.000 1.956, 
420.000 1.955, 
421.000 1.954, 
422.000 1.954, 
423.000 1.953, 
424.000 1.953, 
425.000 1.952, 
426.000 1.952, 
427.000 1.952, 
428.000 1.951, 
429.000 1.951, 
430.000 1.951, 
431.000 1.951, 
432.000 1.951, 
433.000 1.951, 
434.000 1.951, 
435.000 1.951, 
436.000 1.951, 
437.000 1.951, 
438.000 1.951, 
439.000 1.952, 
440.000 1.952, 
441.000 1.952, 
442.000 1.953, 
443.000 1.953, 
444.000 1.953, 
445.000 1.953, 
446.000 1.954, 
447.000 1.954, 
448.000 1.954, 
449.000 1.955, 
450.000 1.955, 
451.000 1.955, 
452.000 1.956, 
453.000 1.956, 
454.000 1.956, 
455.000 1.956, 
456.000 1.956, 
457.000 1.957, 
458.000 1.957, 
459.000 1.957, 
460.000 1.957, 
461.000 1.957, 
462.000 1.957, 
463.000 1.957, 
464.000 1.957, 
465.000 1.956, 
466.000 1.956, 
467.000 1.956, 
468.000 1.956, 
469.000 1.956, 
470.000 1.956, 
471.000 1.955, 
472.000 1.955, 
473.000 1.955, 
474.000 1.955, 
475.000 1.954, 
476.000 1.954, 
477.000 1.954, 
478.000 1.954, 
479.000 1.953, 
480.000 1.953, 
481.000 1.953, 
482.000 1.953, 
483.000 1.953, 
484.000 1.952, 
485.000 1.952, 
486.000 1.952, 
487.000 1.952, 
488.000 1.952, 
489.000 1.952, 
490.000 1.952, 
491.000 1.951, 
492.000 1.951, 
493.000 1.951, 
494.000 1.951, 
495.000 1.951, 
496.000 1.951, 
497.000 1.951, 
498.000 1.951, 
499.000 1.952, 
500.000 1.952, 
501.000 1.952, 
502.000 1.952, 
503.000 1.952, 
504.000 1.952, 
505.000 1.952, 
506.000 1.952, 
507.000 1.952, 
508.000 1.952, 
509.000 1.952, 
510.000 1.953, 
511.000 1.953, 
512.000 1.953, 
513.000 1.953, 
514.000 1.953, 
515.000 1.953, 
516.000 1.953, 
517.000 1.953, 
518.000 1.953, 
519.000 1.953, 
520.000 1.953, 
521.000 1.953, 
522.000 1.953, 
523.000 1.953, 
524.000 1.953, 
525.000 1.953, 
526.000 1.953, 
527.000 1.953, 
528.000 1.953, 
529.000 1.953, 
530.000 1.953, 
531.000 1.953, 
532.000 1.955, 
533.000 1.958, 
534.000 1.963, 
535.000 1.968, 
536.000 1.975, 
537.000 1.982, 
538.000 1.990, 
539.000 1.999, 
540.000 2.007, 
541.000 2.016, 
542.000 2.026, 
543.000 2.035, 
544.000 2.045, 
545.000 2.054, 
546.000 2.063, 
547.000 2.072, 
548.000 2.081, 
549.000 2.089, 
550.000 2.097, 
551.000 2.104, 
552.000 2.110, 
553.000 2.116, 
554.000 2.121, 
555.000 2.125, 
556.000 2.129, 
557.000 2.132, 
558.000 2.134, 
559.000 2.136, 
560.000 2.136, 
561.000 2.136, 
562.000 2.136, 
563.000 2.134, 
564.000 2.132, 
565.000 2.130, 
566.000 2.127, 
567.000 2.123, 
568.000 2.119, 
569.000 2.115, 
570.000 2.111, 
571.000 2.106, 
572.000 2.101, 
573.000 2.096, 
574.000 2.091, 
575.000 2.086, 
576.000 2.081, 
577.000 2.076, 
578.000 2.072, 
579.000 2.067, 
580.000 2.063, 
581.000 2.059, 
582.000 2.056, 
583.000 2.053, 
584.000 2.050, 
585.000 2.048, 
586.000 2.046, 
587.000 2.044, 
588.000 2.043, 
589.000 2.043, 
590.000 2.043, 
591.000 2.043, 
592.000 2.043, 
593.000 2.044, 
594.000 2.046, 
595.000 2.047, 
596.000 2.049, 
597.000 2.052, 
598.000 2.054, 
599.000 2.057, 
600.000 2.060, 
601.000 2.063, 
602.000 2.066, 
603.000 2.069, 
604.000 2.072, 
605.000 2.075, 
606.000 2.078, 
607.000 2.081, 
608.000 2.084, 
609.000 2.087, 
610.000 2.090, 
611.000 2.093, 
612.000 2.095, 
613.000 2.097, 
614.000 2.099, 
615.000 2.101, 
616.000 2.102, 
617.000 2.104, 
618.000 2.105, 
619.000 2.105, 
620.000 2.106, 
621.000 2.106, 
622.000 2.106, 
623.000 2.106, 
624.000 2.106, 
625.000 2.105, 
626.000 2.104, 
627.000 2.103, 
628.000 2.102, 
629.000 2.101, 
630.000 2.100, 
631.000 2.098, 
632.000 2.097, 
633.000 2.095, 
634.000 2.093, 
635.000 2.092, 
636.000 2.090, 
637.000 2.089, 
638.000 2.087, 
639.000 2.086, 
640.000 2.084, 
641.000 2.083, 
642.000 2.082, 
643.000 2.081, 
644.000 2.080, 
645.000 2.079, 
646.000 2.078, 
647.000 2.078, 
648.000 2.077, 
649.000 2.077, 
650.000 2.077, 
651.000 2.077, 
652.000 2.077, 
653.000 2.077, 
654.000 2.078, 
655.000 2.078, 
656.000 2.079, 
657.000 2.079, 
658.000 2.080, 
659.000 2.081, 
660.000 2.082, 
661.000 2.083, 
662.000 2.084, 
663.000 2.085, 
664.000 2.086, 
665.000 2.087, 
666.000 2.088, 
667.000 2.089, 
668.000 2.090, 
669.000 2.091, 
670.000 2.092, 
671.000 2.093, 
672.000 2.094, 
673.000 2.095, 
674.000 2.096, 
675.000 2.096, 
676.000 2.097, 
677.000 2.098, 
678.000 2.098, 
679.000 2.098, 
680.000 2.099, 
681.000 2.099, 
682.000 2.099, 
683.000 2.099, 
684.000 2.099, 
685.000 2.099, 
686.000 2.099, 
687.000 2.098, 
688.000 2.098, 
689.000 2.098, 
690.000 2.097, 
691.000 2.097, 
692.000 2.097, 
693.000 2.096, 
694.000 2.096, 
695.000 2.095, 
696.000 2.095, 
697.000 2.094, 
698.000 2.094, 
699.000 2.093, 
700.000 2.093, 
701.000 2.092, 
702.000 2.092, 
703.000 2.091, 
704.000 2.091, 
705.000 2.091, 
706.000 2.091, 
707.000 2.090, 
708.000 2.090, 
709.000 2.090, 
710.000 2.090, 
711.000 2.090, 
712.000 2.090, 
713.000 2.090, 
714.000 2.090, 
715.000 2.090, 
716.000 2.091, 
717.000 2.091, 
718.000 2.091, 
719.000 2.091, 
720.000 2.092, 
721.000 2.092, 
722.000 2.092, 
723.000 2.093, 
724.000 2.093, 
725.000 2.093, 
726.000 2.094, 
727.000 2.094, 
728.000 2.095, 
729.000 2.095, 
730.000 2.095, 
731.000 2.096, 
732.000 2.096, 
733.000 2.096, 
734.000 2.097, 
735.000 2.097, 
736.000 2.097, 
737.000 2.097, 
738.000 2.097, 
739.000 2.098, 
740.000 2.098, 
741.000 2.098, 
742.000 2.098, 
743.000 2.098, 
744.000 2.098, 
745.000 2.098, 
746.000 2.098, 
747.000 2.098, 
748.000 2.098, 
749.000 2.098, 
750.000 2.098, 
751.000 2.098, 
752.000 2.097, 
753.000 2.097, 
754.000 2.097, 
755.000 2.097, 
756.000 2.097, 
757.000 2.097, 
758.000 2.097, 
759.000 2.096, 
760.000 2.096, 
761.000 2.096, 
762.000 2.096, 
763.000 2.096, 
764.000 2.096, 
765.000 2.096, 
766.000 2.096, 
767.000 2.096, 
768.000 2.096, 
769.000 2.095, 
770.000 2.095, 
771.000 2.095, 
772.000 2.095, 
773.000 2.095, 
774.000 2.096, 
775.000 2.096, 
776.000 2.096, 
777.000 2.096, 
778.000 2.096, 
779.000 2.096, 
780.000 2.096, 
781.000 2.096, 
782.000 2.094, 
783.000 2.090, 
784.000 2.085, 
785.000 2.078, 
786.000 2.069, 
787.000 2.060, 
788.000 2.049, 
789.000 2.038, 
790.000 2.027, 
791.000 2.015, 
792.000 2.002, 
793.000 1.990, 
794.000 1.977, 
795.000 1.965, 
796.000 1.952, 
797.000 1.940, 
798.000 1.928, 
799.000 1.917, 
800.000 1.907, 
801.000 1.897, 
802.000 1.888, 
803.000 1.880, 
804.000 1.873, 
805.000 1.867, 
806.000 1.862, 
807.000 1.858, 
808.000 1.854, 
809.000 1.852, 
810.000 1.851, 
811.000 1.851, 
812.000 1.851, 
813.000 1.853, 
814.000 1.855, 
815.000 1.858, 
816.000 1.862, 
817.000 1.867, 
818.000 1.872, 
819.000 1.877, 
820.000 1.883, 
821.000 1.889, 
822.000 1.896, 
823.000 1.902, 
824.000 1.909, 
825.000 1.916, 
826.000 1.922, 
827.000 1.929, 
828.000 1.935, 
829.000 1.941, 
830.000 1.947, 
831.000 1.952, 
832.000 1.957, 
833.000 1.961, 
834.000 1.965, 
835.000 1.968, 
836.000 1.971, 
837.000 1.973, 
838.000 1.975, 
839.000 1.976, 
840.000 1.976, 
841.000 1.976, 
842.000 1.975, 
843.000 1.974, 
844.000 1.973, 
845.000 1.971, 
846.000 1.968, 
847.000 1.965, 
848.000 1.962, 
849.000 1.959, 
850.000 1.955, 
851.000 1.951, 
852.000 1.947, 
853.000 1.943, 
854.000 1.938, 
855.000 1.934, 
856.000 1.930, 
857.000 1.926, 
858.000 1.922, 
859.000 1.918, 
860.000 1.914, 
861.000 1.910, 
862.000 1.907, 
863.000 1.904, 
864.000 1.901, 
865.000 1.899, 
866.000 1.897, 
867.000 1.895, 
868.000 1.894, 
869.000 1.893, 
870.000 1.892, 
871.000 1.891, 
872.000 1.891, 
873.000 1.891, 
874.000 1.892, 
875.000 1.893, 
876.000 1.894, 
877.000 1.895, 
878.000 1.896, 
879.000 1.898, 
880.000 1.900, 
881.000 1.901, 
882.000 1.903, 
883.000 1.905, 
884.000 1.908, 
885.000 1.910, 
886.000 1.912, 
887.000 1.914, 
888.000 1.916, 
889.000 1.918, 
890.000 1.920, 
891.000 1.922, 
892.000 1.923, 
893.000 1.925, 
894.000 1.926, 
895.000 1.927, 
896.000 1.928, 
897.000 1.929, 
898.000 1.930, 
899.000 1.930, 
900.000 1.931, 
901.000 1.931, 
902.000 1.931, 
903.000 1.930, 
904.000 1.930, 
905.000 1.929, 
906.000 1.929, 
907.000 1.928, 
908.000 1.927, 
909.000 1.926, 
910.000 1.924, 
911.000 1.923, 
912.000 1.922, 
913.000 1.920, 
914.000 1.919, 
915.000 1.917, 
916.000 1.916, 
917.000 1.914, 
918.000 1.913, 
919.000 1.912, 
920.000 1.910, 
921.000 1.909, 
922.000 1.908, 
923.000 1.907, 
924.000 1.906, 
925.000 1.905, 
926.000 1.904, 
927.000 1.903, 
928.000 1.903, 
929.000 1.902, 
930.000 1.902, 
931.000 1.901, 
932.000 1.901, 
933.000 1.901, 
934.000 1.901, 
935.000 1.901, 
936.000 1.901, 
937.000 1.902, 
938.000 1.902, 
939.000 1.903, 
940.000 1.903, 
941.000 1.904, 
942.000 1.904, 
943.000 1.905, 
944.000 1.905, 
945.000 1.906, 
946.000 1.907, 
947.000 1.907, 
948.000 1.908, 
949.000 1.909, 
950.000 1.909, 
951.000 1.910, 
952.000 1.911, 
953.000 1.911, 
954.000 1.912, 
955.000 1.912, 
956.000 1.912, 
957.000 1.913, 
958.000 1.913, 
959.000 1.913, 
960.000 1.913, 
961.000 1.913, 
962.000 1.913, 
963.000 1.913, 
964.000 1.913, 
965.000 1.913, 
966.000 1.913, 
967.000 1.912, 
968.000 1.912, 
969.000 1.912, 
970.000 1.911, 
971.000 1.911, 
972.000 1.910, 
973.000 1.910, 
974.000 1.909, 
975.000 1.909, 
976.000 1.908, 
977.000 1.908, 
978.000 1.907, 
979.000 1.907, 
980.000 1.906, 
981.000 1.906, 
982.000 1.905, 
983.000 1.905, 
984.000 1.905, 
985.000 1.904, 
986.000 1.904, 
987.000 1.904, 
988.000 1.903, 
989.000 1.903, 
990.000 1.903, 
991.000 1.903, 
992.000 1.903, 
993.000 1.903, 
994.000 1.903, 
995.000 1.903, 
996.000 1.903, 
997.000 1.903, 
998.000 1.903, 
999.000 1.903, 
1000.000 1.903, 
1001.000 1.903, 
1002.000 1.903, 
1003.000 1.903, 
1004.000 1.904, 
1005.000 1.904, 
1006.000 1.904, 
1007.000 1.904, 
1008.000 1.904, 
1009.000 1.905, 
1010.000 1.905, 
1011.000 1.905, 
1012.000 1.905, 
1013.000 1.905, 
1014.000 1.905, 
1015.000 1.906, 
1016.000 1.906, 
1017.000 1.906, 
1018.000 1.906, 
1019.000 1.906, 
1020.000 1.906, 
1021.000 1.906, 
1022.000 1.906, 
1023.000 1.906, 
1024.000 1.906, 
1025.000 1.906, 
1026.000 1.906, 
1027.000 1.906, 
1028.000 1.906, 
1029.000 1.905, 
1030.000 1.905, 
1031.000 1.906, 
1032.000 1.907, 
1033.000 1.911, 
1034.000 1.918, 
1035.000 1.926, 
1036.000 1.936, 
1037.000 1.947, 
1038.000 1.960, 
1039.000 1.974, 
1040.000 1.988, 
1041.000 2.003, 
1042.000 2.018, 
1043.000 2.034, 
1044.000 2.050, 
1045.000 2.066, 
1046.000 2.081, 
1047.000 2.096, 
1048.000 2.111, 
1049.000 2.125, 
1050.000 2.138, 
1051.000 2.151, 
1052.000 2.162, 
1053.000 2.173, 
1054.000 2.182, 
1055.000 2.190, 
1056.000 2.197, 
1057.000 2.203, 
1058.000 2.207, 
1059.000 2.210, 
1060.000 2.212, 
1061.000 2.213, 
1062.000 2.212, 
1063.000 2.210, 
1064.000 2.208, 
1065.000 2.204, 
1066.000 2.200, 
1067.000 2.194, 
1068.000 2.188, 
1069.000 2.181, 
1070.000 2.174, 
1071.000 2.166, 
1072.000 2.158, 
1073.000 2.150, 
1074.000 2.142, 
1075.000 2.133, 
1076.000 2.125, 
1077.000 2.117, 
1078.000 2.109, 
1079.000 2.101, 
1080.000 2.094, 
1081.000 2.087, 
1082.000 2.081, 
1083.000 2.076, 
1084.000 2.071, 
1085.000 2.066, 
1086.000 2.063, 
1087.000 2.060, 
1088.000 2.058, 
1089.000 2.056, 
1090.000 2.055, 
1091.000 2.055, 
1092.000 2.056, 
1093.000 2.057, 
1094.000 2.059, 
1095.000 2.061, 
1096.000 2.064, 
1097.000 2.068, 
1098.000 2.072, 
1099.000 2.076, 
1100.000 2.080, 
1101.000 2.085, 
1102.000 2.090, 
1103.000 2.096, 
1104.000 2.101, 
1105.000 2.106, 
1106.000 2.112, 
1107.000 2.117, 
1108.000 2.122, 
1109.000 2.127, 
1110.000 2.132, 
1111.000 2.136, 
1112.000 2.140, 
1113.000 2.144, 
1114.000 2.148, 
1115.000 2.151, 
1116.000 2.154, 
1117.000 2.156, 
1118.000 2.158, 
1119.000 2.159, 
1120.000 2.160, 
1121.000 2.161, 
1122.000 2.161, 
1123.000 2.161, 
1124.000 2.161, 
1125.000 2.160, 
1126.000 2.159, 
1127.000 2.157, 
1128.000 2.156, 
1129.000 2.154, 
1130.000 2.152, 
1131.000 2.149, 
1132.000 2.147, 
1133.000 2.144, 
1134.000 2.142, 
1135.000 2.139, 
1136.000 2.136, 
1137.000 2.134, 
1138.000 2.131, 
1139.000 2.128, 
1140.000 2.126, 
1141.000 2.124, 
1142.000 2.122, 
1143.000 2.120, 
1144.000 2.118, 
1145.000 2.116, 
1146.000 2.115, 
1147.000 2.114, 
1148.000 2.113, 
1149.000 2.112, 
1150.000 2.112, 
1151.000 2.112, 
1152.000 2.112, 
1153.000 2.112, 
1154.000 2.113, 
1155.000 2.113, 
1156.000 2.114, 
1157.000 2.115, 
1158.000 2.116, 
1159.000 2.118, 
1160.000 2.119, 
1161.000 2.121, 
1162.000 2.123, 
1163.000 2.124, 
1164.000 2.126, 
1165.000 2.128, 
1166.000 2.130, 
1167.000 2.132, 
1168.000 2.133, 
1169.000 2.135, 
1170.000 2.137, 
1171.000 2.138, 
1172.000 2.140, 
1173.000 2.141, 
1174.000 2.143, 
1175.000 2.144, 
1176.000 2.145, 
1177.000 2.146, 
1178.000 2.147, 
1179.000 2.147, 
1180.000 2.148, 
1181.000 2.148, 
1182.000 2.149, 
1183.000 2.149, 
1184.000 2.149, 
1185.000 2.149, 
1186.000 2.148, 
1187.000 2.148, 
1188.000 2.148, 
1189.000 2.147, 
1190.000 2.147, 
1191.000 2.146, 
1192.000 2.145, 
1193.000 2.144, 
1194.000 2.144, 
1195.000 2.143, 
1196.000 2.142, 
1197.000 2.141, 
1198.000 2.140, 
1199.000 2.139, 
1200.000 2.139, 
1201.000 2.138, 
1202.000 2.137, 
1203.000 2.136, 
1204.000 2.136, 
1205.000 2.135, 
1206.000 2.135, 
1207.000 2.134, 
1208.000 2.134, 
1209.000 2.134, 
1210.000 2.134, 
1211.000 2.134, 
1212.000 2.134, 
1213.000 2.134, 
1214.000 2.134, 
1215.000 2.134, 
1216.000 2.134, 
1217.000 2.135, 
1218.000 2.135, 
1219.000 2.136, 
1220.000 2.136, 
1221.000 2.137, 
1222.000 2.137, 
1223.000 2.138, 
1224.000 2.138, 
1225.000 2.139, 
1226.000 2.140, 
1227.000 2.140, 
1228.000 2.141, 
1229.000 2.141, 
1230.000 2.142, 
1231.000 2.143, 
1232.000 2.143, 
1233.000 2.144, 
1234.000 2.144, 
1235.000 2.145, 
1236.000 2.145, 
1237.000 2.146, 
1238.000 2.146, 
1239.000 2.146, 
1240.000 2.146, 
1241.000 2.147, 
1242.000 2.147, 
1243.000 2.147, 
1244.000 2.147, 
1245.000 2.147, 
1246.000 2.147, 
1247.000 2.147, 
1248.000 2.147, 
1249.000 2.147, 
1250.000 2.147, 
1251.000 2.146, 
1252.000 2.146, 
1253.000 2.146, 
1254.000 2.146, 
1255.000 2.145, 
1256.000 2.145, 
1257.000 2.145, 
1258.000 2.145, 
1259.000 2.144, 
1260.000 2.144, 
1261.000 2.144, 
1262.000 2.144, 
1263.000 2.144, 
1264.000 2.143, 
1265.000 2.143, 
1266.000 2.143, 
1267.000 2.143, 
1268.000 2.143, 
1269.000 2.143, 
1270.000 2.143, 
