1.000 2.000, 
2.000 2.000, 
3.000 2.000, 
4.000 2.000, 
5.000 2.000, 
6.000 2.000, 
7.000 2.000, 
8.000 2.000, 
9.000 2.000, 
10.000 2.000, 
11.000 2.000, 
12.000 2.000, 
13.000 2.000, 
14.000 2.000, 
15.000 2.000, 
16.000 2.000, 
17.000 2.000, 
18.000 2.000, 
19.000 2.000, 
20.000 2.000, 
21.000 2.000, 
22.000 2.000, 
23.000 2.000, 
24.000 2.000, 
25.000 2.000, 
26.000 2.000, 
27.000 2.000, 
28.000 2.000, 
29.000 2.000, 
30.000 2.000, 
31.000 2.001, 
32.000 2.002, 
33.000 2.004, 
34.000 2.006, 
35.000 2.008, 
36.000 2.011, 
37.000 2.014, 
38.000 2.018, 
39.000 2.021, 
40.000 2.025, 
41.000 2.029, 
42.000 2.033, 
43.000 2.036, 
44.000 2.040, 
45.000 2.043, 
46.000 2.046, 
47.000 2.049, 
48.000 2.051, 
49.000 2.054, 
50.000 2.056, 
51.000 2.057, 
52.000 2.058, 
53.000 2.059, 
54.000 2.059, 
55.000 2.059, 
56.000 2.059, 
57.000 2.059, 
58.000 2.058, 
59.000 2.057, 
60.000 2.056, 
61.000 2.055, 
62.000 2.053, 
63.000 2.052, 
64.000 2.051, 
65.000 2.049, 
66.000 2.048, 
67.000 2.047, 
68.000 2.046, 
69.000 2.045, 
70.000 2.044, 
71.000 2.043, 
72.000 2.042, 
73.000 2.042, 
74.000 2.042, 
75.000 2.041, 
76.000 2.041, 
77.000 2.041, 
78.000 2.042, 
79.000 2.042, 
80.000 2.043, 
81.000 2.043, 
82.000 2.044, 
83.000 2.044, 
84.000 2.045, 
85.000 2.046, 
86.000 2.046, 
87.000 2.047, 
88.000 2.048, 
89.000 2.048, 
90.000 2.049, 
91.000 2.049, 
92.000 2.050, 
93.000 2.050, 
94.000 2.051, 
95.000 2.051, 
96.000 2.051, 
97.000 2.051, 
98.000 2.051, 
99.000 2.051, 
100.000 2.051, 
101.000 2.051, 
102.000 2.051, 
103.000 2.051, 
104.000 2.050, 
105.000 2.050, 
106.000 2.050, 
107.000 2.050, 
108.000 2.049, 
109.000 2.049, 
110.000 2.049, 
111.000 2.049, 
112.000 2.048, 
113.000 2.048, 
114.000 2.048, 
115.000 2.048, 
116.000 2.048, 
117.000 2.048, 
118.000 2.048, 
119.000 2.048, 
120.000 2.048, 
121.000 2.048, 
122.000 2.048, 
123.000 2.048, 
124.000 2.048, 
125.000 2.048, 
126.000 2.048, 
127.000 2.048, 
128.000 2.049, 
129.000 2.049, 
130.000 2.049, 
131.000 2.049, 
132.000 2.049, 
133.000 2.049, 
134.000 2.049, 
135.000 2.050, 
136.000 2.050, 
137.000 2.050, 
138.000 2.050, 
139.000 2.050, 
140.000 2.050, 
141.000 2.050, 
142.000 2.050, 
143.000 2.050, 
144.000 2.050, 
145.000 2.050, 
146.000 2.050, 
147.000 2.050, 
148.000 2.050, 
149.000 2.050, 
150.000 2.050, 
151.000 2.050, 
152.000 2.049, 
153.000 2.049, 
154.000 2.049, 
155.000 2.049, 
156.000 2.049, 
157.000 2.049, 
158.000 2.049, 
159.000 2.049, 
160.000 2.049, 
161.000 2.049, 
162.000 2.049, 
163.000 2.049, 
164.000 2.049, 
165.000 2.049, 
166.000 2.049, 
167.000 2.049, 
168.000 2.049, 
169.000 2.049, 
170.000 2.049, 
171.000 2.049, 
172.000 2.050, 
173.000 2.050, 
174.000 2.050, 
175.000 2.050, 
176.000 2.050, 
177.000 2.050, 
178.000 2.050, 
179.000 2.050, 
180.000 2.050, 
181.000 2.050, 
182.000 2.050, 
183.000 2.050, 
184.000 2.050, 
185.000 2.050, 
186.000 2.050, 
187.000 2.050, 
188.000 2.050, 
189.000 2.050, 
190.000 2.050, 
191.000 2.050, 
192.000 2.050, 
193.000 2.050, 
194.000 2.050, 
195.000 2.050, 
196.000 2.050, 
197.000 2.050, 
198.000 2.050, 
199.000 2.050, 
200.000 2.050, 
201.000 2.050, 
202.000 2.050, 
203.000 2.050, 
204.000 2.050, 
205.000 2.050, 
206.000 2.050, 
207.000 2.050, 
208.000 2.050, 
209.000 2.050, 
210.000 2.050, 
211.000 2.050, 
212.000 2.050, 
213.000 2.050, 
214.000 2.050, 
215.000 2.050, 
216.000 2.050, 
217.000 2.050, 
218.000 2.050, 
219.000 2.050, 
220.000 2.050, 
221.000 2.050, 
222.000 2.050, 
223.000 2.050, 
224.000 2.050, 
225.000 2.050, 
226.000 2.050, 
227.000 2.050, 
228.000 2.050, 
229.000 2.050, 
230.000 2.050, 
231.000 2.050, 
232.000 2.050, 
233.000 2.050, 
234.000 2.050, 
235.000 2.050, 
236.000 2.050, 
237.000 2.050, 
238.000 2.050, 
239.000 2.050, 
240.000 2.050, 
241.000 2.050, 
242.000 2.050, 
243.000 2.050, 
244.000 2.050, 
245.000 2.050, 
246.000 2.050, 
247.000 2.050, 
248.000 2.050, 
249.000 2.050, 
250.000 2.050, 
251.000 2.050, 
252.000 2.050, 
253.000 2.050, 
254.000 2.050, 
255.000 2.050, 
256.000 2.050, 
257.000 2.050, 
258.000 2.050, 
259.000 2.050, 
260.000 2.050, 
261.000 2.050, 
262.000 2.050, 
263.000 2.050, 
264.000 2.050, 
265.000 2.050, 
266.000 2.050, 
267.000 2.050, 
268.000 2.050, 
269.000 2.050, 
270.000 2.050, 
271.000 2.050, 
272.000 2.050, 
273.000 2.050, 
274.000 2.050, 
275.000 2.050, 
276.000 2.050, 
277.000 2.050, 
278.000 2.050, 
279.000 2.050, 
280.000 2.050, 
281.000 2.049, 
282.000 2.048, 
283.000 2.045, 
284.000 2.041, 
285.000 2.037, 
286.000 2.031, 
287.000 2.025, 
288.000 2.019, 
289.000 2.012, 
290.000 2.005, 
291.000 1.997, 
292.000 1.990, 
293.000 1.982, 
294.000 1.975, 
295.000 1.968, 
296.000 1.961, 
297.000 1.955, 
298.000 1.949, 
299.000 1.945, 
300.000 1.940, 
301.000 1.937, 
302.000 1.934, 
303.000 1.932, 
304.000 1.931, 
305.000 1.930, 
306.000 1.930, 
307.000 1.931, 
308.000 1.932, 
309.000 1.934, 
310.000 1.935, 
311.000 1.938, 
312.000 1.940, 
313.000 1.943, 
314.000 1.946, 
315.000 1.948, 
316.000 1.951, 
317.000 1.954, 
318.000 1.956, 
319.000 1.959, 
320.000 1.961, 
321.000 1.962, 
322.000 1.964, 
323.000 1.965, 
324.000 1.966, 
325.000 1.966, 
326.000 1.967, 
327.000 1.967, 
328.000 1.966, 
329.000 1.966, 
330.000 1.965, 
331.000 1.964, 
332.000 1.963, 
333.000 1.962, 
334.000 1.960, 
335.000 1.959, 
336.000 1.958, 
337.000 1.956, 
338.000 1.955, 
339.000 1.954, 
340.000 1.952, 
341.000 1.951, 
342.000 1.950, 
343.000 1.949, 
344.000 1.949, 
345.000 1.948, 
346.000 1.948, 
347.000 1.947, 
348.000 1.947, 
349.000 1.947, 
350.000 1.947, 
351.000 1.947, 
352.000 1.948, 
353.000 1.948, 
354.000 1.949, 
355.000 1.949, 
356.000 1.950, 
357.000 1.950, 
358.000 1.951, 
359.000 1.951, 
360.000 1.952, 
361.000 1.952, 
362.000 1.953, 
363.000 1.953, 
364.000 1.954, 
365.000 1.954, 
366.000 1.954, 
367.000 1.954, 
368.000 1.954, 
369.000 1.954, 
370.000 1.954, 
371.000 1.954, 
372.000 1.954, 
373.000 1.954, 
374.000 1.954, 
375.000 1.954, 
376.000 1.953, 
377.000 1.953, 
378.000 1.953, 
379.000 1.953, 
380.000 1.952, 
381.000 1.952, 
382.000 1.952, 
383.000 1.951, 
384.000 1.951, 
385.000 1.951, 
386.000 1.951, 
387.000 1.950, 
388.000 1.950, 
389.000 1.950, 
390.000 1.950, 
391.000 1.950, 
392.000 1.950, 
393.000 1.950, 
394.000 1.950, 
395.000 1.950, 
396.000 1.950, 
397.000 1.950, 
398.000 1.950, 
399.000 1.950, 
400.000 1.951, 
401.000 1.951, 
402.000 1.951, 
403.000 1.951, 
404.000 1.951, 
405.000 1.951, 
406.000 1.951, 
407.000 1.951, 
408.000 1.951, 
409.000 1.951, 
410.000 1.951, 
411.000 1.951, 
412.000 1.951, 
413.000 1.951, 
414.000 1.951, 
415.000 1.951, 
416.000 1.951, 
417.000 1.951, 
418.000 1.951, 
419.000 1.951, 
420.000 1.951, 
421.000 1.951, 
422.000 1.951, 
423.000 1.951, 
424.000 1.951, 
425.000 1.951, 
426.000 1.951, 
427.000 1.951, 
428.000 1.951, 
429.000 1.950, 
430.000 1.950, 
431.000 1.950, 
432.000 1.950, 
433.000 1.950, 
434.000 1.950, 
435.000 1.950, 
436.000 1.950, 
437.000 1.950, 
438.000 1.950, 
439.000 1.950, 
440.000 1.950, 
441.000 1.950, 
442.000 1.950, 
443.000 1.950, 
444.000 1.950, 
445.000 1.950, 
446.000 1.950, 
447.000 1.950, 
448.000 1.950, 
449.000 1.950, 
450.000 1.950, 
451.000 1.950, 
452.000 1.950, 
453.000 1.950, 
454.000 1.950, 
455.000 1.950, 
456.000 1.950, 
457.000 1.950, 
458.000 1.950, 
459.000 1.950, 
460.000 1.950, 
461.000 1.950, 
462.000 1.950, 
463.000 1.950, 
464.000 1.950, 
465.000 1.950, 
466.000 1.950, 
467.000 1.950, 
468.000 1.950, 
469.000 1.950, 
470.000 1.950, 
471.000 1.950, 
472.000 1.950, 
473.000 1.950, 
474.000 1.950, 
475.000 1.950, 
476.000 1.950, 
477.000 1.950, 
478.000 1.950, 
479.000 1.950, 
480.000 1.950, 
481.000 1.950, 
482.000 1.950, 
483.000 1.950, 
484.000 1.950, 
485.000 1.950, 
486.000 1.950, 
487.000 1.950, 
488.000 1.950, 
489.000 1.950, 
490.000 1.950, 
491.000 1.950, 
492.000 1.950, 
493.000 1.950, 
494.000 1.950, 
495.000 1.950, 
496.000 1.950, 
497.000 1.950, 
498.000 1.950, 
499.000 1.950, 
500.000 1.950, 
501.000 1.950, 
502.000 1.950, 
503.000 1.950, 
504.000 1.950, 
505.000 1.950, 
506.000 1.950, 
507.000 1.950, 
508.000 1.950, 
509.000 1.950, 
510.000 1.950, 
511.000 1.950, 
512.000 1.950, 
513.000 1.950, 
514.000 1.950, 
515.000 1.950, 
516.000 1.950, 
517.000 1.950, 
518.000 1.950, 
519.000 1.950, 
520.000 1.950, 
521.000 1.950, 
522.000 1.950, 
523.000 1.950, 
524.000 1.950, 
525.000 1.950, 
526.000 1.950, 
527.000 1.950, 
528.000 1.950, 
529.000 1.950, 
530.000 1.950, 
531.000 1.951, 
532.000 1.953, 
533.000 1.956, 
534.000 1.961, 
535.000 1.968, 
536.000 1.976, 
537.000 1.985, 
538.000 1.994, 
539.000 2.004, 
540.000 2.015, 
541.000 2.026, 
542.000 2.038, 
543.000 2.049, 
544.000 2.060, 
545.000 2.071, 
546.000 2.081, 
547.000 2.090, 
548.000 2.099, 
549.000 2.107, 
550.000 2.113, 
551.000 2.119, 
552.000 2.123, 
553.000 2.127, 
554.000 2.129, 
555.000 2.130, 
556.000 2.131, 
557.000 2.130, 
558.000 2.128, 
559.000 2.126, 
560.000 2.123, 
561.000 2.120, 
562.000 2.117, 
563.000 2.113, 
564.000 2.108, 
565.000 2.104, 
566.000 2.100, 
567.000 2.096, 
568.000 2.092, 
569.000 2.089, 
570.000 2.085, 
571.000 2.083, 
572.000 2.080, 
573.000 2.078, 
574.000 2.077, 
575.000 2.076, 
576.000 2.075, 
577.000 2.075, 
578.000 2.076, 
579.000 2.076, 
580.000 2.077, 
581.000 2.079, 
582.000 2.080, 
583.000 2.082, 
584.000 2.084, 
585.000 2.086, 
586.000 2.088, 
587.000 2.090, 
588.000 2.092, 
589.000 2.094, 
590.000 2.096, 
591.000 2.098, 
592.000 2.099, 
593.000 2.101, 
594.000 2.102, 
595.000 2.103, 
596.000 2.104, 
597.000 2.104, 
598.000 2.105, 
599.000 2.105, 
600.000 2.105, 
601.000 2.104, 
602.000 2.104, 
603.000 2.103, 
604.000 2.103, 
605.000 2.102, 
606.000 2.101, 
607.000 2.100, 
608.000 2.099, 
609.000 2.099, 
610.000 2.098, 
611.000 2.097, 
612.000 2.096, 
613.000 2.096, 
614.000 2.095, 
615.000 2.095, 
616.000 2.094, 
617.000 2.094, 
618.000 2.094, 
619.000 2.093, 
620.000 2.093, 
621.000 2.094, 
622.000 2.094, 
623.000 2.094, 
624.000 2.094, 
625.000 2.095, 
626.000 2.095, 
627.000 2.095, 
628.000 2.096, 
629.000 2.096, 
630.000 2.097, 
631.000 2.097, 
632.000 2.098, 
633.000 2.098, 
634.000 2.098, 
635.000 2.099, 
636.000 2.099, 
637.000 2.099, 
638.000 2.100, 
639.000 2.100, 
640.000 2.100, 
641.000 2.100, 
642.000 2.100, 
643.000 2.100, 
644.000 2.100, 
645.000 2.100, 
646.000 2.100, 
647.000 2.100, 
648.000 2.100, 
649.000 2.099, 
650.000 2.099, 
651.000 2.099, 
652.000 2.099, 
653.000 2.099, 
654.000 2.099, 
655.000 2.099, 
656.000 2.098, 
657.000 2.098, 
658.000 2.098, 
659.000 2.098, 
660.000 2.098, 
661.000 2.098, 
662.000 2.098, 
663.000 2.098, 
664.000 2.098, 
665.000 2.098, 
666.000 2.098, 
667.000 2.098, 
668.000 2.098, 
669.000 2.098, 
670.000 2.098, 
671.000 2.099, 
672.000 2.099, 
673.000 2.099, 
674.000 2.099, 
675.000 2.099, 
676.000 2.099, 
677.000 2.099, 
678.000 2.099, 
679.000 2.099, 
680.000 2.099, 
681.000 2.099, 
682.000 2.100, 
683.000 2.100, 
684.000 2.100, 
685.000 2.100, 
686.000 2.100, 
687.000 2.100, 
688.000 2.100, 
689.000 2.100, 
690.000 2.100, 
691.000 2.100, 
692.000 2.100, 
693.000 2.100, 
694.000 2.099, 
695.000 2.099, 
696.000 2.099, 
697.000 2.099, 
698.000 2.099, 
699.000 2.099, 
700.000 2.099, 
701.000 2.099, 
702.000 2.099, 
703.000 2.099, 
704.000 2.099, 
705.000 2.099, 
706.000 2.099, 
707.000 2.099, 
708.000 2.099, 
709.000 2.099, 
710.000 2.099, 
711.000 2.099, 
712.000 2.099, 
713.000 2.099, 
714.000 2.099, 
715.000 2.099, 
716.000 2.100, 
717.000 2.100, 
718.000 2.100, 
719.000 2.100, 
720.000 2.100, 
721.000 2.100, 
722.000 2.100, 
723.000 2.100, 
724.000 2.100, 
725.000 2.100, 
726.000 2.100, 
727.000 2.100, 
728.000 2.100, 
729.000 2.100, 
730.000 2.100, 
731.000 2.100, 
732.000 2.100, 
733.000 2.100, 
734.000 2.100, 
735.000 2.100, 
736.000 2.100, 
737.000 2.100, 
738.000 2.100, 
739.000 2.100, 
740.000 2.100, 
741.000 2.100, 
742.000 2.100, 
743.000 2.100, 
744.000 2.100, 
745.000 2.100, 
746.000 2.100, 
747.000 2.100, 
748.000 2.100, 
749.000 2.100, 
750.000 2.100, 
751.000 2.100, 
752.000 2.100, 
753.000 2.100, 
754.000 2.100, 
755.000 2.100, 
756.000 2.100, 
757.000 2.100, 
758.000 2.100, 
759.000 2.100, 
760.000 2.100, 
761.000 2.100, 
762.000 2.100, 
763.000 2.100, 
764.000 2.100, 
765.000 2.100, 
766.000 2.100, 
767.000 2.100, 
768.000 2.100, 
769.000 2.100, 
770.000 2.100, 
771.000 2.100, 
772.000 2.100, 
773.000 2.100, 
774.000 2.100, 
775.000 2.100, 
776.000 2.100, 
777.000 2.100, 
778.000 2.100, 
779.000 2.100, 
780.000 2.100, 
781.000 2.099, 
782.000 2.097, 
783.000 2.093, 
784.000 2.087, 
785.000 2.079, 
786.000 2.069, 
787.000 2.058, 
788.000 2.045, 
789.000 2.032, 
790.000 2.018, 
791.000 2.003, 
792.000 1.988, 
793.000 1.972, 
794.000 1.957, 
795.000 1.943, 
796.000 1.929, 
797.000 1.916, 
798.000 1.904, 
799.000 1.893, 
800.000 1.884, 
801.000 1.876, 
802.000 1.870, 
803.000 1.865, 
804.000 1.861, 
805.000 1.859, 
806.000 1.858, 
807.000 1.859, 
808.000 1.860, 
809.000 1.863, 
810.000 1.866, 
811.000 1.870, 
812.000 1.875, 
813.000 1.880, 
814.000 1.886, 
815.000 1.892, 
816.000 1.897, 
817.000 1.903, 
818.000 1.908, 
819.000 1.913, 
820.000 1.917, 
821.000 1.921, 
822.000 1.925, 
823.000 1.927, 
824.000 1.930, 
825.000 1.931, 
826.000 1.932, 
827.000 1.933, 
828.000 1.932, 
829.000 1.932, 
830.000 1.930, 
831.000 1.929, 
832.000 1.927, 
833.000 1.924, 
834.000 1.922, 
835.000 1.919, 
836.000 1.916, 
837.000 1.914, 
838.000 1.911, 
839.000 1.908, 
840.000 1.905, 
841.000 1.903, 
842.000 1.901, 
843.000 1.899, 
844.000 1.897, 
845.000 1.896, 
846.000 1.895, 
847.000 1.894, 
848.000 1.894, 
849.000 1.893, 
850.000 1.893, 
851.000 1.894, 
852.000 1.894, 
853.000 1.895, 
854.000 1.896, 
855.000 1.897, 
856.000 1.898, 
857.000 1.899, 
858.000 1.900, 
859.000 1.901, 
860.000 1.902, 
861.000 1.903, 
862.000 1.904, 
863.000 1.905, 
864.000 1.906, 
865.000 1.907, 
866.000 1.907, 
867.000 1.908, 
868.000 1.908, 
869.000 1.908, 
870.000 1.908, 
871.000 1.908, 
872.000 1.908, 
873.000 1.908, 
874.000 1.908, 
875.000 1.907, 
876.000 1.907, 
877.000 1.906, 
878.000 1.906, 
879.000 1.905, 
880.000 1.904, 
881.000 1.904, 
882.000 1.903, 
883.000 1.903, 
884.000 1.902, 
885.000 1.902, 
886.000 1.901, 
887.000 1.901, 
888.000 1.900, 
889.000 1.900, 
890.000 1.900, 
891.000 1.900, 
892.000 1.900, 
893.000 1.900, 
894.000 1.900, 
895.000 1.900, 
896.000 1.900, 
897.000 1.900, 
898.000 1.900, 
899.000 1.900, 
900.000 1.901, 
901.000 1.901, 
902.000 1.901, 
903.000 1.901, 
904.000 1.902, 
905.000 1.902, 
906.000 1.902, 
907.000 1.902, 
908.000 1.902, 
909.000 1.902, 
910.000 1.902, 
911.000 1.902, 
912.000 1.903, 
913.000 1.903, 
914.000 1.903, 
915.000 1.902, 
916.000 1.902, 
917.000 1.902, 
918.000 1.902, 
919.000 1.902, 
920.000 1.902, 
921.000 1.902, 
922.000 1.902, 
923.000 1.902, 
924.000 1.901, 
925.000 1.901, 
926.000 1.901, 
927.000 1.901, 
928.000 1.901, 
929.000 1.901, 
930.000 1.901, 
931.000 1.901, 
932.000 1.901, 
933.000 1.901, 
934.000 1.900, 
935.000 1.900, 
936.000 1.900, 
937.000 1.900, 
938.000 1.900, 
939.000 1.900, 
940.000 1.900, 
941.000 1.900, 
942.000 1.901, 
943.000 1.901, 
944.000 1.901, 
945.000 1.901, 
946.000 1.901, 
947.000 1.901, 
948.000 1.901, 
949.000 1.901, 
950.000 1.901, 
951.000 1.901, 
952.000 1.901, 
953.000 1.901, 
954.000 1.901, 
955.000 1.901, 
956.000 1.901, 
957.000 1.901, 
958.000 1.901, 
959.000 1.901, 
960.000 1.901, 
961.000 1.901, 
962.000 1.901, 
963.000 1.901, 
964.000 1.901, 
965.000 1.901, 
966.000 1.901, 
967.000 1.901, 
968.000 1.901, 
969.000 1.901, 
970.000 1.900, 
971.000 1.900, 
972.000 1.900, 
973.000 1.900, 
974.000 1.900, 
975.000 1.900, 
976.000 1.900, 
977.000 1.900, 
978.000 1.900, 
979.000 1.900, 
980.000 1.900, 
981.000 1.900, 
982.000 1.900, 
983.000 1.900, 
984.000 1.900, 
985.000 1.900, 
986.000 1.900, 
987.000 1.900, 
988.000 1.900, 
989.000 1.900, 
990.000 1.900, 
991.000 1.900, 
992.000 1.900, 
993.000 1.900, 
994.000 1.900, 
995.000 1.900, 
996.000 1.900, 
997.000 1.900, 
998.000 1.900, 
999.000 1.900, 
1000.000 1.900, 
1001.000 1.900, 
1002.000 1.900, 
1003.000 1.900, 
1004.000 1.900, 
1005.000 1.900, 
1006.000 1.900, 
1007.000 1.900, 
1008.000 1.900, 
1009.000 1.900, 
1010.000 1.900, 
1011.000 1.900, 
1012.000 1.900, 
1013.000 1.900, 
1014.000 1.900, 
1015.000 1.900, 
1016.000 1.900, 
1017.000 1.900, 
1018.000 1.900, 
1019.000 1.900, 
1020.000 1.900, 
1021.000 1.900, 
1022.000 1.900, 
1023.000 1.900, 
1024.000 1.900, 
1025.000 1.900, 
1026.000 1.900, 
1027.000 1.900, 
1028.000 1.900, 
1029.000 1.900, 
1030.000 1.900, 
1031.000 1.901, 
1032.000 1.903, 
1033.000 1.907, 
1034.000 1.913, 
1035.000 1.923, 
1036.000 1.934, 
1037.000 1.948, 
1038.000 1.963, 
1039.000 1.979, 
1040.000 1.997, 
1041.000 2.015, 
1042.000 2.034, 
1043.000 2.053, 
1044.000 2.072, 
1045.000 2.090, 
1046.000 2.108, 
1047.000 2.125, 
1048.000 2.140, 
1049.000 2.154, 
1050.000 2.167, 
1051.000 2.177, 
1052.000 2.186, 
1053.000 2.193, 
1054.000 2.199, 
1055.000 2.202, 
1056.000 2.204, 
1057.000 2.204, 
1058.000 2.202, 
1059.000 2.200, 
1060.000 2.196, 
1061.000 2.191, 
1062.000 2.185, 
1063.000 2.179, 
1064.000 2.172, 
1065.000 2.165, 
1066.000 2.158, 
1067.000 2.151, 
1068.000 2.144, 
1069.000 2.138, 
1070.000 2.132, 
1071.000 2.126, 
1072.000 2.122, 
1073.000 2.118, 
1074.000 2.115, 
1075.000 2.113, 
1076.000 2.111, 
1077.000 2.110, 
1078.000 2.110, 
1079.000 2.111, 
1080.000 2.112, 
1081.000 2.114, 
1082.000 2.116, 
1083.000 2.119, 
1084.000 2.122, 
1085.000 2.125, 
1086.000 2.129, 
1087.000 2.132, 
1088.000 2.136, 
1089.000 2.139, 
1090.000 2.143, 
1091.000 2.146, 
1092.000 2.148, 
1093.000 2.151, 
1094.000 2.153, 
1095.000 2.155, 
1096.000 2.157, 
1097.000 2.158, 
1098.000 2.158, 
1099.000 2.159, 
1100.000 2.159, 
1101.000 2.159, 
1102.000 2.158, 
1103.000 2.157, 
1104.000 2.156, 
1105.000 2.155, 
1106.000 2.154, 
1107.000 2.153, 
1108.000 2.151, 
1109.000 2.150, 
1110.000 2.148, 
1111.000 2.147, 
1112.000 2.146, 
1113.000 2.144, 
1114.000 2.143, 
1115.000 2.142, 
1116.000 2.142, 
1117.000 2.141, 
1118.000 2.140, 
1119.000 2.140, 
1120.000 2.140, 
1121.000 2.140, 
1122.000 2.140, 
1123.000 2.140, 
1124.000 2.141, 
1125.000 2.141, 
1126.000 2.142, 
1127.000 2.142, 
1128.000 2.143, 
1129.000 2.144, 
1130.000 2.144, 
1131.000 2.145, 
1132.000 2.146, 
1133.000 2.147, 
1134.000 2.147, 
1135.000 2.148, 
1136.000 2.149, 
1137.000 2.149, 
1138.000 2.150, 
1139.000 2.150, 
1140.000 2.150, 
1141.000 2.150, 
1142.000 2.151, 
1143.000 2.151, 
1144.000 2.151, 
1145.000 2.151, 
1146.000 2.150, 
1147.000 2.150, 
1148.000 2.150, 
1149.000 2.150, 
1150.000 2.150, 
1151.000 2.149, 
1152.000 2.149, 
1153.000 2.149, 
1154.000 2.148, 
1155.000 2.148, 
1156.000 2.148, 
1157.000 2.148, 
1158.000 2.148, 
1159.000 2.147, 
1160.000 2.147, 
1161.000 2.147, 
1162.000 2.147, 
1163.000 2.147, 
1164.000 2.147, 
1165.000 2.147, 
1166.000 2.147, 
1167.000 2.147, 
1168.000 2.147, 
1169.000 2.147, 
1170.000 2.148, 
1171.000 2.148, 
1172.000 2.148, 
1173.000 2.148, 
1174.000 2.148, 
1175.000 2.148, 
1176.000 2.149, 
1177.000 2.149, 
1178.000 2.149, 
1179.000 2.149, 
1180.000 2.149, 
1181.000 2.149, 
1182.000 2.149, 
1183.000 2.149, 
1184.000 2.149, 
1185.000 2.150, 
1186.000 2.150, 
1187.000 2.150, 
1188.000 2.150, 
1189.000 2.150, 
1190.000 2.150, 
1191.000 2.150, 
1192.000 2.149, 
1193.000 2.149, 
1194.000 2.149, 
1195.000 2.149, 
1196.000 2.149, 
1197.000 2.149, 
1198.000 2.149, 
1199.000 2.149, 
1200.000 2.149, 
1201.000 2.149, 
1202.000 2.149, 
1203.000 2.149, 
1204.000 2.149, 
1205.000 2.149, 
1206.000 2.149, 
1207.000 2.149, 
1208.000 2.149, 
1209.000 2.149, 
1210.000 2.149, 
1211.000 2.149, 
1212.000 2.149, 
1213.000 2.149, 
1214.000 2.149, 
1215.000 2.149, 
1216.000 2.149, 
1217.000 2.149, 
1218.000 2.149, 
1219.000 2.149, 
1220.000 2.149, 
1221.000 2.149, 
1222.000 2.150, 
1223.000 2.150, 
1224.000 2.150, 
1225.000 2.150, 
1226.000 2.150, 
1227.000 2.150, 
1228.000 2.150, 
1229.000 2.150, 
1230.000 2.150, 
1231.000 2.150, 
1232.000 2.150, 
1233.000 2.150, 
1234.000 2.150, 
1235.000 2.150, 
1236.000 2.150, 
1237.000 2.150, 
1238.000 2.150, 
1239.000 2.150, 
1240.000 2.150, 
1241.000 2.150, 
1242.000 2.150, 
1243.000 2.150, 
1244.000 2.150, 
1245.000 2.150, 
1246.000 2.150, 
1247.000 2.150, 
1248.000 2.150, 
1249.000 2.150, 
1250.000 2.150, 
1251.000 2.150, 
1252.000 2.150, 
1253.000 2.150, 
1254.000 2.150, 
1255.000 2.150, 
1256.000 2.150, 
1257.000 2.150, 
1258.000 2.150, 
1259.000 2.150, 
1260.000 2.150, 
1261.000 2.150, 
1262.000 2.150, 
1263.000 2.150, 
1264.000 2.150, 
1265.000 2.150, 
1266.000 2.150, 
1267.000 2.150, 
1268.000 2.150, 
1269.000 2.150, 
1270.000 2.150, 
