1.000 2.000 
2.000 2.000 
3.000 2.000 
4.000 2.000 
5.000 2.000 
6.000 2.000 
7.000 2.000 
8.000 2.000 
9.000 2.000 
10.000 2.000 
11.000 2.000 
12.000 2.000 
13.000 2.000 
14.000 2.000 
15.000 2.000 
16.000 2.000 
17.000 2.000 
18.000 2.000 
19.000 2.000 
20.000 2.000 
21.000 2.000 
22.000 2.000 
23.000 2.000 
24.000 2.000 
25.000 2.000 
26.000 2.000 
27.000 2.000 
28.000 2.000 
29.000 2.000 
30.000 2.000 
31.000 2.001 
32.000 2.002 
33.000 2.003 
34.000 2.005 
35.000 2.008 
36.000 2.010 
37.000 2.013 
38.000 2.016 
39.000 2.019 
40.000 2.022 
41.000 2.025 
42.000 2.028 
43.000 2.031 
44.000 2.034 
45.000 2.036 
46.000 2.039 
47.000 2.041 
48.000 2.043 
49.000 2.045 
50.000 2.046 
51.000 2.048 
52.000 2.049 
53.000 2.049 
54.000 2.050 
55.000 2.050 
56.000 2.050 
57.000 2.050 
58.000 2.049 
59.000 2.049 
60.000 2.048 
61.000 2.047 
62.000 2.047 
63.000 2.046 
64.000 2.045 
65.000 2.044 
66.000 2.043 
67.000 2.043 
68.000 2.042 
69.000 2.041 
70.000 2.041 
71.000 2.040 
72.000 2.040 
73.000 2.039 
74.000 2.039 
75.000 2.039 
76.000 2.039 
77.000 2.039 
78.000 2.039 
79.000 2.039 
80.000 2.039 
81.000 2.040 
82.000 2.040 
83.000 2.040 
84.000 2.041 
85.000 2.041 
86.000 2.042 
87.000 2.042 
88.000 2.043 
89.000 2.043 
90.000 2.043 
91.000 2.044 
92.000 2.044 
93.000 2.044 
94.000 2.045 
95.000 2.045 
96.000 2.045 
97.000 2.045 
98.000 2.045 
99.000 2.045 
100.000 2.045 
101.000 2.045 
102.000 2.045 
103.000 2.045 
104.000 2.045 
105.000 2.045 
106.000 2.045 
107.000 2.045 
108.000 2.045 
109.000 2.045 
110.000 2.045 
111.000 2.045 
112.000 2.045 
113.000 2.045 
114.000 2.045 
115.000 2.045 
116.000 2.045 
117.000 2.045 
118.000 2.045 
119.000 2.045 
120.000 2.045 
121.000 2.045 
122.000 2.045 
123.000 2.045 
124.000 2.045 
125.000 2.045 
126.000 2.045 
127.000 2.045 
128.000 2.045 
129.000 2.045 
130.000 2.046 
131.000 2.046 
132.000 2.046 
133.000 2.046 
134.000 2.046 
135.000 2.046 
136.000 2.046 
137.000 2.046 
138.000 2.046 
139.000 2.046 
140.000 2.046 
141.000 2.046 
142.000 2.046 
143.000 2.046 
144.000 2.047 
145.000 2.047 
146.000 2.047 
147.000 2.047 
148.000 2.047 
149.000 2.047 
150.000 2.047 
151.000 2.047 
152.000 2.047 
153.000 2.047 
154.000 2.047 
155.000 2.047 
156.000 2.047 
157.000 2.047 
158.000 2.047 
159.000 2.047 
160.000 2.047 
161.000 2.047 
162.000 2.047 
163.000 2.047 
164.000 2.047 
165.000 2.047 
166.000 2.047 
167.000 2.047 
168.000 2.047 
169.000 2.047 
170.000 2.047 
171.000 2.047 
172.000 2.047 
173.000 2.047 
174.000 2.047 
175.000 2.047 
176.000 2.047 
177.000 2.047 
178.000 2.047 
179.000 2.047 
180.000 2.048 
181.000 2.048 
182.000 2.048 
183.000 2.048 
184.000 2.048 
185.000 2.048 
186.000 2.048 
187.000 2.048 
188.000 2.048 
189.000 2.048 
190.000 2.048 
191.000 2.048 
192.000 2.048 
193.000 2.048 
194.000 2.048 
195.000 2.048 
196.000 2.048 
197.000 2.048 
198.000 2.048 
199.000 2.048 
200.000 2.048 
201.000 2.048 
202.000 2.048 
203.000 2.048 
204.000 2.048 
205.000 2.048 
206.000 2.048 
207.000 2.048 
208.000 2.048 
209.000 2.048 
210.000 2.048 
211.000 2.048 
212.000 2.048 
213.000 2.048 
214.000 2.048 
215.000 2.048 
216.000 2.048 
217.000 2.048 
218.000 2.048 
219.000 2.048 
220.000 2.048 
221.000 2.048 
222.000 2.048 
223.000 2.048 
224.000 2.048 
225.000 2.048 
226.000 2.048 
227.000 2.049 
228.000 2.049 
229.000 2.049 
230.000 2.049 
231.000 2.049 
232.000 2.049 
233.000 2.049 
234.000 2.049 
235.000 2.049 
236.000 2.049 
237.000 2.049 
238.000 2.049 
239.000 2.049 
240.000 2.049 
241.000 2.049 
242.000 2.049 
243.000 2.049 
244.000 2.049 
245.000 2.049 
246.000 2.049 
247.000 2.049 
248.000 2.049 
249.000 2.049 
250.000 2.049 
251.000 2.049 
252.000 2.049 
253.000 2.049 
254.000 2.049 
255.000 2.049 
256.000 2.049 
257.000 2.049 
258.000 2.049 
259.000 2.049 
260.000 2.049 
261.000 2.049 
262.000 2.049 
263.000 2.049 
264.000 2.049 
265.000 2.049 
266.000 2.049 
267.000 2.049 
268.000 2.049 
269.000 2.049 
270.000 2.049 
271.000 2.049 
272.000 2.049 
273.000 2.049 
274.000 2.049 
275.000 2.049 
276.000 2.049 
277.000 2.049 
278.000 2.049 
279.000 2.049 
280.000 2.049 
281.000 2.049 
282.000 2.047 
283.000 2.045 
284.000 2.041 
285.000 2.037 
286.000 2.033 
287.000 2.028 
288.000 2.022 
289.000 2.017 
290.000 2.011 
291.000 2.005 
292.000 1.998 
293.000 1.992 
294.000 1.986 
295.000 1.981 
296.000 1.975 
297.000 1.970 
298.000 1.966 
299.000 1.962 
300.000 1.959 
301.000 1.956 
302.000 1.953 
303.000 1.951 
304.000 1.950 
305.000 1.949 
306.000 1.949 
307.000 1.949 
308.000 1.949 
309.000 1.950 
310.000 1.951 
311.000 1.952 
312.000 1.954 
313.000 1.956 
314.000 1.957 
315.000 1.959 
316.000 1.961 
317.000 1.962 
318.000 1.964 
319.000 1.965 
320.000 1.967 
321.000 1.968 
322.000 1.969 
323.000 1.970 
324.000 1.970 
325.000 1.971 
326.000 1.971 
327.000 1.971 
328.000 1.971 
329.000 1.971 
330.000 1.970 
331.000 1.970 
332.000 1.969 
333.000 1.969 
334.000 1.968 
335.000 1.967 
336.000 1.966 
337.000 1.966 
338.000 1.965 
339.000 1.964 
340.000 1.963 
341.000 1.962 
342.000 1.962 
343.000 1.961 
344.000 1.960 
345.000 1.960 
346.000 1.959 
347.000 1.959 
348.000 1.959 
349.000 1.959 
350.000 1.958 
351.000 1.958 
352.000 1.958 
353.000 1.958 
354.000 1.958 
355.000 1.958 
356.000 1.958 
357.000 1.959 
358.000 1.959 
359.000 1.959 
360.000 1.959 
361.000 1.959 
362.000 1.959 
363.000 1.959 
364.000 1.959 
365.000 1.960 
366.000 1.960 
367.000 1.960 
368.000 1.960 
369.000 1.960 
370.000 1.960 
371.000 1.960 
372.000 1.960 
373.000 1.960 
374.000 1.959 
375.000 1.959 
376.000 1.959 
377.000 1.959 
378.000 1.959 
379.000 1.959 
380.000 1.958 
381.000 1.958 
382.000 1.958 
383.000 1.958 
384.000 1.958 
385.000 1.958 
386.000 1.957 
387.000 1.957 
388.000 1.957 
389.000 1.957 
390.000 1.957 
391.000 1.957 
392.000 1.957 
393.000 1.957 
394.000 1.956 
395.000 1.956 
396.000 1.956 
397.000 1.956 
398.000 1.956 
399.000 1.956 
400.000 1.956 
401.000 1.956 
402.000 1.956 
403.000 1.956 
404.000 1.956 
405.000 1.956 
406.000 1.956 
407.000 1.956 
408.000 1.956 
409.000 1.956 
410.000 1.956 
411.000 1.956 
412.000 1.956 
413.000 1.956 
414.000 1.956 
415.000 1.956 
416.000 1.956 
417.000 1.955 
418.000 1.955 
419.000 1.955 
420.000 1.955 
421.000 1.955 
422.000 1.955 
423.000 1.955 
424.000 1.955 
425.000 1.955 
426.000 1.955 
427.000 1.955 
428.000 1.955 
429.000 1.955 
430.000 1.955 
431.000 1.955 
432.000 1.955 
433.000 1.954 
434.000 1.954 
435.000 1.954 
436.000 1.954 
437.000 1.954 
438.000 1.954 
439.000 1.954 
440.000 1.954 
441.000 1.954 
442.000 1.954 
443.000 1.954 
444.000 1.954 
445.000 1.954 
446.000 1.954 
447.000 1.954 
448.000 1.954 
449.000 1.954 
450.000 1.954 
451.000 1.954 
452.000 1.954 
453.000 1.954 
454.000 1.954 
455.000 1.954 
456.000 1.954 
457.000 1.953 
458.000 1.953 
459.000 1.953 
460.000 1.953 
461.000 1.953 
462.000 1.953 
463.000 1.953 
464.000 1.953 
465.000 1.953 
466.000 1.953 
467.000 1.953 
468.000 1.953 
469.000 1.953 
470.000 1.953 
471.000 1.953 
472.000 1.953 
473.000 1.953 
474.000 1.953 
475.000 1.953 
476.000 1.953 
477.000 1.953 
478.000 1.953 
479.000 1.953 
480.000 1.953 
481.000 1.953 
482.000 1.953 
483.000 1.953 
484.000 1.953 
485.000 1.953 
486.000 1.953 
487.000 1.953 
488.000 1.952 
489.000 1.952 
490.000 1.952 
491.000 1.952 
492.000 1.952 
493.000 1.952 
494.000 1.952 
495.000 1.952 
496.000 1.952 
497.000 1.952 
498.000 1.952 
499.000 1.952 
500.000 1.952 
501.000 1.952 
502.000 1.952 
503.000 1.952 
504.000 1.952 
505.000 1.952 
506.000 1.952 
507.000 1.952 
508.000 1.952 
509.000 1.952 
510.000 1.952 
511.000 1.952 
512.000 1.952 
513.000 1.952 
514.000 1.952 
515.000 1.952 
516.000 1.952 
517.000 1.952 
518.000 1.952 
519.000 1.952 
520.000 1.952 
521.000 1.952 
522.000 1.952 
523.000 1.952 
524.000 1.952 
525.000 1.952 
526.000 1.952 
527.000 1.952 
528.000 1.952 
529.000 1.952 
530.000 1.952 
531.000 1.952 
532.000 1.954 
533.000 1.957 
534.000 1.962 
535.000 1.968 
536.000 1.974 
537.000 1.982 
538.000 1.990 
539.000 1.998 
540.000 2.007 
541.000 2.016 
542.000 2.025 
543.000 2.035 
544.000 2.044 
545.000 2.052 
546.000 2.060 
547.000 2.068 
548.000 2.075 
549.000 2.081 
550.000 2.087 
551.000 2.091 
552.000 2.095 
553.000 2.098 
554.000 2.100 
555.000 2.102 
556.000 2.102 
557.000 2.102 
558.000 2.102 
559.000 2.101 
560.000 2.099 
561.000 2.098 
562.000 2.095 
563.000 2.093 
564.000 2.091 
565.000 2.088 
566.000 2.085 
567.000 2.083 
568.000 2.080 
569.000 2.078 
570.000 2.076 
571.000 2.074 
572.000 2.073 
573.000 2.071 
574.000 2.070 
575.000 2.070 
576.000 2.069 
577.000 2.069 
578.000 2.069 
579.000 2.069 
580.000 2.070 
581.000 2.070 
582.000 2.071 
583.000 2.072 
584.000 2.073 
585.000 2.074 
586.000 2.076 
587.000 2.077 
588.000 2.078 
589.000 2.079 
590.000 2.080 
591.000 2.082 
592.000 2.083 
593.000 2.084 
594.000 2.085 
595.000 2.085 
596.000 2.086 
597.000 2.087 
598.000 2.087 
599.000 2.087 
600.000 2.088 
601.000 2.088 
602.000 2.088 
603.000 2.088 
604.000 2.088 
605.000 2.088 
606.000 2.088 
607.000 2.088 
608.000 2.087 
609.000 2.087 
610.000 2.087 
611.000 2.087 
612.000 2.087 
613.000 2.086 
614.000 2.086 
615.000 2.086 
616.000 2.086 
617.000 2.086 
618.000 2.086 
619.000 2.086 
620.000 2.086 
621.000 2.086 
622.000 2.086 
623.000 2.086 
624.000 2.086 
625.000 2.086 
626.000 2.086 
627.000 2.087 
628.000 2.087 
629.000 2.087 
630.000 2.087 
631.000 2.088 
632.000 2.088 
633.000 2.088 
634.000 2.089 
635.000 2.089 
636.000 2.089 
637.000 2.089 
638.000 2.089 
639.000 2.090 
640.000 2.090 
641.000 2.090 
642.000 2.090 
643.000 2.090 
644.000 2.090 
645.000 2.091 
646.000 2.091 
647.000 2.091 
648.000 2.091 
649.000 2.091 
650.000 2.091 
651.000 2.091 
652.000 2.091 
653.000 2.091 
654.000 2.091 
655.000 2.091 
656.000 2.091 
657.000 2.091 
658.000 2.091 
659.000 2.091 
660.000 2.092 
661.000 2.092 
662.000 2.092 
663.000 2.092 
664.000 2.092 
665.000 2.092 
666.000 2.092 
667.000 2.092 
668.000 2.092 
669.000 2.092 
670.000 2.092 
671.000 2.092 
672.000 2.092 
673.000 2.093 
674.000 2.093 
675.000 2.093 
676.000 2.093 
677.000 2.093 
678.000 2.093 
679.000 2.093 
680.000 2.093 
681.000 2.093 
682.000 2.093 
683.000 2.093 
684.000 2.094 
685.000 2.094 
686.000 2.094 
687.000 2.094 
688.000 2.094 
689.000 2.094 
690.000 2.094 
691.000 2.094 
692.000 2.094 
693.000 2.094 
694.000 2.094 
695.000 2.094 
696.000 2.094 
697.000 2.094 
698.000 2.094 
699.000 2.094 
700.000 2.095 
701.000 2.095 
702.000 2.095 
703.000 2.095 
704.000 2.095 
705.000 2.095 
706.000 2.095 
707.000 2.095 
708.000 2.095 
709.000 2.095 
710.000 2.095 
711.000 2.095 
712.000 2.095 
713.000 2.095 
714.000 2.095 
715.000 2.095 
716.000 2.095 
717.000 2.095 
718.000 2.095 
719.000 2.096 
720.000 2.096 
721.000 2.096 
722.000 2.096 
723.000 2.096 
724.000 2.096 
725.000 2.096 
726.000 2.096 
727.000 2.096 
728.000 2.096 
729.000 2.096 
730.000 2.096 
731.000 2.096 
732.000 2.096 
733.000 2.096 
734.000 2.096 
735.000 2.096 
736.000 2.096 
737.000 2.096 
738.000 2.096 
739.000 2.096 
740.000 2.096 
741.000 2.096 
742.000 2.097 
743.000 2.097 
744.000 2.097 
745.000 2.097 
746.000 2.097 
747.000 2.097 
748.000 2.097 
749.000 2.097 
750.000 2.097 
751.000 2.097 
752.000 2.097 
753.000 2.097 
754.000 2.097 
755.000 2.097 
756.000 2.097 
757.000 2.097 
758.000 2.097 
759.000 2.097 
760.000 2.097 
761.000 2.097 
762.000 2.097 
763.000 2.097 
764.000 2.097 
765.000 2.097 
766.000 2.097 
767.000 2.097 
768.000 2.097 
769.000 2.097 
770.000 2.097 
771.000 2.097 
772.000 2.097 
773.000 2.097 
774.000 2.098 
775.000 2.098 
776.000 2.098 
777.000 2.098 
778.000 2.098 
779.000 2.098 
780.000 2.098 
781.000 2.097 
782.000 2.095 
783.000 2.092 
784.000 2.086 
785.000 2.079 
786.000 2.070 
787.000 2.061 
788.000 2.050 
789.000 2.039 
790.000 2.027 
791.000 2.015 
792.000 2.003 
793.000 1.990 
794.000 1.978 
795.000 1.967 
796.000 1.956 
797.000 1.945 
798.000 1.936 
799.000 1.927 
800.000 1.919 
801.000 1.913 
802.000 1.908 
803.000 1.903 
804.000 1.900 
805.000 1.898 
806.000 1.896 
807.000 1.896 
808.000 1.896 
809.000 1.898 
810.000 1.899 
811.000 1.902 
812.000 1.904 
813.000 1.908 
814.000 1.911 
815.000 1.914 
816.000 1.918 
817.000 1.921 
818.000 1.924 
819.000 1.927 
820.000 1.930 
821.000 1.933 
822.000 1.935 
823.000 1.937 
824.000 1.939 
825.000 1.940 
826.000 1.940 
827.000 1.941 
828.000 1.941 
829.000 1.941 
830.000 1.940 
831.000 1.939 
832.000 1.938 
833.000 1.937 
834.000 1.936 
835.000 1.934 
836.000 1.933 
837.000 1.931 
838.000 1.929 
839.000 1.928 
840.000 1.926 
841.000 1.925 
842.000 1.923 
843.000 1.922 
844.000 1.920 
845.000 1.919 
846.000 1.918 
847.000 1.918 
848.000 1.917 
849.000 1.916 
850.000 1.916 
851.000 1.916 
852.000 1.915 
853.000 1.915 
854.000 1.915 
855.000 1.916 
856.000 1.916 
857.000 1.916 
858.000 1.916 
859.000 1.917 
860.000 1.917 
861.000 1.917 
862.000 1.917 
863.000 1.918 
864.000 1.918 
865.000 1.918 
866.000 1.918 
867.000 1.919 
868.000 1.919 
869.000 1.919 
870.000 1.919 
871.000 1.919 
872.000 1.919 
873.000 1.918 
874.000 1.918 
875.000 1.918 
876.000 1.918 
877.000 1.917 
878.000 1.917 
879.000 1.917 
880.000 1.917 
881.000 1.916 
882.000 1.916 
883.000 1.915 
884.000 1.915 
885.000 1.915 
886.000 1.914 
887.000 1.914 
888.000 1.914 
889.000 1.914 
890.000 1.913 
891.000 1.913 
892.000 1.913 
893.000 1.913 
894.000 1.912 
895.000 1.912 
896.000 1.912 
897.000 1.912 
898.000 1.912 
899.000 1.912 
900.000 1.912 
901.000 1.912 
902.000 1.912 
903.000 1.912 
904.000 1.911 
905.000 1.911 
906.000 1.911 
907.000 1.911 
908.000 1.911 
909.000 1.911 
910.000 1.911 
911.000 1.911 
912.000 1.911 
913.000 1.911 
914.000 1.911 
915.000 1.911 
916.000 1.911 
917.000 1.911 
918.000 1.910 
919.000 1.910 
920.000 1.910 
921.000 1.910 
922.000 1.910 
923.000 1.910 
924.000 1.910 
925.000 1.910 
926.000 1.909 
927.000 1.909 
928.000 1.909 
929.000 1.909 
930.000 1.909 
931.000 1.909 
932.000 1.909 
933.000 1.909 
934.000 1.908 
935.000 1.908 
936.000 1.908 
937.000 1.908 
938.000 1.908 
939.000 1.908 
940.000 1.908 
941.000 1.908 
942.000 1.908 
943.000 1.908 
944.000 1.908 
945.000 1.908 
946.000 1.907 
947.000 1.907 
948.000 1.907 
949.000 1.907 
950.000 1.907 
951.000 1.907 
952.000 1.907 
953.000 1.907 
954.000 1.907 
955.000 1.907 
956.000 1.907 
957.000 1.907 
958.000 1.907 
959.000 1.907 
960.000 1.906 
961.000 1.906 
962.000 1.906 
963.000 1.906 
964.000 1.906 
965.000 1.906 
966.000 1.906 
967.000 1.906 
968.000 1.906 
969.000 1.906 
970.000 1.906 
971.000 1.906 
972.000 1.906 
973.000 1.906 
974.000 1.906 
975.000 1.906 
976.000 1.905 
977.000 1.905 
978.000 1.905 
979.000 1.905 
980.000 1.905 
981.000 1.905 
982.000 1.905 
983.000 1.905 
984.000 1.905 
985.000 1.905 
986.000 1.905 
987.000 1.905 
988.000 1.905 
989.000 1.905 
990.000 1.905 
991.000 1.905 
992.000 1.905 
993.000 1.905 
994.000 1.904 
995.000 1.904 
996.000 1.904 
997.000 1.904 
998.000 1.904 
999.000 1.904 
1000.000 1.904 
1001.000 1.904 
1002.000 1.904 
1003.000 1.904 
1004.000 1.904 
1005.000 1.904 
1006.000 1.904 
1007.000 1.904 
1008.000 1.904 
1009.000 1.904 
1010.000 1.904 
1011.000 1.904 
1012.000 1.904 
1013.000 1.904 
1014.000 1.904 
1015.000 1.904 
1016.000 1.904 
1017.000 1.903 
1018.000 1.903 
1019.000 1.903 
1020.000 1.903 
1021.000 1.903 
1022.000 1.903 
1023.000 1.903 
1024.000 1.903 
1025.000 1.903 
1026.000 1.903 
1027.000 1.903 
1028.000 1.903 
1029.000 1.903 
1030.000 1.903 
1031.000 1.904 
1032.000 1.905 
1033.000 1.909 
1034.000 1.916 
1035.000 1.924 
1036.000 1.934 
1037.000 1.946 
1038.000 1.959 
1039.000 1.973 
1040.000 1.987 
1041.000 2.002 
1042.000 2.018 
1043.000 2.033 
1044.000 2.048 
1045.000 2.063 
1046.000 2.077 
1047.000 2.091 
1048.000 2.103 
1049.000 2.114 
1050.000 2.124 
1051.000 2.132 
1052.000 2.140 
1053.000 2.145 
1054.000 2.150 
1055.000 2.153 
1056.000 2.155 
1057.000 2.156 
1058.000 2.156 
1059.000 2.154 
1060.000 2.152 
1061.000 2.150 
1062.000 2.146 
1063.000 2.142 
1064.000 2.138 
1065.000 2.134 
1066.000 2.130 
1067.000 2.126 
1068.000 2.121 
1069.000 2.117 
1070.000 2.114 
1071.000 2.110 
1072.000 2.107 
1073.000 2.105 
1074.000 2.103 
1075.000 2.101 
1076.000 2.100 
1077.000 2.100 
1078.000 2.099 
1079.000 2.099 
1080.000 2.100 
1081.000 2.101 
1082.000 2.102 
1083.000 2.104 
1084.000 2.105 
1085.000 2.107 
1086.000 2.109 
1087.000 2.111 
1088.000 2.113 
1089.000 2.115 
1090.000 2.117 
1091.000 2.119 
1092.000 2.121 
1093.000 2.123 
1094.000 2.124 
1095.000 2.126 
1096.000 2.127 
1097.000 2.128 
1098.000 2.129 
1099.000 2.130 
1100.000 2.130 
1101.000 2.131 
1102.000 2.131 
1103.000 2.131 
1104.000 2.131 
1105.000 2.131 
1106.000 2.131 
1107.000 2.131 
1108.000 2.130 
1109.000 2.130 
1110.000 2.129 
1111.000 2.129 
1112.000 2.129 
1113.000 2.128 
1114.000 2.128 
1115.000 2.128 
1116.000 2.127 
1117.000 2.127 
1118.000 2.127 
1119.000 2.127 
1120.000 2.127 
1121.000 2.127 
1122.000 2.127 
1123.000 2.127 
1124.000 2.128 
1125.000 2.128 
1126.000 2.128 
1127.000 2.128 
1128.000 2.129 
1129.000 2.129 
1130.000 2.130 
1131.000 2.130 
1132.000 2.130 
1133.000 2.131 
1134.000 2.131 
1135.000 2.132 
1136.000 2.132 
1137.000 2.133 
1138.000 2.133 
1139.000 2.133 
1140.000 2.134 
1141.000 2.134 
1142.000 2.134 
1143.000 2.134 
1144.000 2.135 
1145.000 2.135 
1146.000 2.135 
1147.000 2.135 
1148.000 2.135 
1149.000 2.135 
1150.000 2.136 
1151.000 2.136 
1152.000 2.136 
1153.000 2.136 
1154.000 2.136 
1155.000 2.136 
1156.000 2.136 
1157.000 2.136 
1158.000 2.136 
1159.000 2.136 
1160.000 2.136 
1161.000 2.136 
1162.000 2.136 
1163.000 2.137 
1164.000 2.137 
1165.000 2.137 
1166.000 2.137 
1167.000 2.137 
1168.000 2.137 
1169.000 2.137 
1170.000 2.137 
1171.000 2.138 
1172.000 2.138 
1173.000 2.138 
1174.000 2.138 
1175.000 2.138 
1176.000 2.138 
1177.000 2.138 
1178.000 2.139 
1179.000 2.139 
1180.000 2.139 
1181.000 2.139 
1182.000 2.139 
1183.000 2.139 
1184.000 2.140 
1185.000 2.140 
1186.000 2.140 
1187.000 2.140 
1188.000 2.140 
1189.000 2.140 
1190.000 2.140 
1191.000 2.140 
1192.000 2.140 
1193.000 2.141 
1194.000 2.141 
1195.000 2.141 
1196.000 2.141 
1197.000 2.141 
1198.000 2.141 
1199.000 2.141 
1200.000 2.141 
1201.000 2.141 
1202.000 2.141 
1203.000 2.141 
1204.000 2.142 
1205.000 2.142 
1206.000 2.142 
1207.000 2.142 
1208.000 2.142 
1209.000 2.142 
1210.000 2.142 
1211.000 2.142 
1212.000 2.142 
1213.000 2.142 
1214.000 2.142 
1215.000 2.142 
1216.000 2.142 
1217.000 2.143 
1218.000 2.143 
1219.000 2.143 
1220.000 2.143 
1221.000 2.143 
1222.000 2.143 
1223.000 2.143 
1224.000 2.143 
1225.000 2.143 
1226.000 2.143 
1227.000 2.143 
1228.000 2.143 
1229.000 2.144 
1230.000 2.144 
1231.000 2.144 
1232.000 2.144 
1233.000 2.144 
1234.000 2.144 
1235.000 2.144 
1236.000 2.144 
1237.000 2.144 
1238.000 2.144 
1239.000 2.144 
1240.000 2.144 
1241.000 2.144 
1242.000 2.144 
1243.000 2.144 
1244.000 2.144 
1245.000 2.145 
1246.000 2.145 
1247.000 2.145 
1248.000 2.145 
1249.000 2.145 
1250.000 2.145 
1251.000 2.145 
1252.000 2.145 
1253.000 2.145 
1254.000 2.145 
1255.000 2.145 
1256.000 2.145 
1257.000 2.145 
1258.000 2.145 
1259.000 2.145 
1260.000 2.145 
1261.000 2.145 
1262.000 2.145 
1263.000 2.145 
1264.000 2.146 
1265.000 2.146 
1266.000 2.146 
1267.000 2.146 
1268.000 2.146 
1269.000 2.146 
1270.000 2.146 
