1.000 2.000 
2.000 2.000 
3.000 2.000 
4.000 2.000 
5.000 2.000 
6.000 2.000 
7.000 2.000 
8.000 2.000 
9.000 2.000 
10.000 2.000 
11.000 2.000 
12.000 2.000 
13.000 2.000 
14.000 2.000 
15.000 2.000 
16.000 2.000 
17.000 2.000 
18.000 2.000 
19.000 2.000 
20.000 2.000 
21.000 2.000 
22.000 2.000 
23.000 2.000 
24.000 2.000 
25.000 2.000 
26.000 2.000 
27.000 2.000 
28.000 2.000 
29.000 2.000 
30.000 2.000 
31.000 2.000 
32.000 2.001 
33.000 2.002 
34.000 2.003 
35.000 2.004 
36.000 2.006 
37.000 2.007 
38.000 2.009 
39.000 2.011 
40.000 2.013 
41.000 2.014 
42.000 2.016 
43.000 2.018 
44.000 2.020 
45.000 2.022 
46.000 2.024 
47.000 2.025 
48.000 2.027 
49.000 2.028 
50.000 2.030 
51.000 2.031 
52.000 2.032 
53.000 2.033 
54.000 2.034 
55.000 2.035 
56.000 2.036 
57.000 2.036 
58.000 2.037 
59.000 2.037 
60.000 2.037 
61.000 2.037 
62.000 2.037 
63.000 2.037 
64.000 2.037 
65.000 2.037 
66.000 2.036 
67.000 2.036 
68.000 2.036 
69.000 2.035 
70.000 2.034 
71.000 2.034 
72.000 2.033 
73.000 2.033 
74.000 2.032 
75.000 2.031 
76.000 2.031 
77.000 2.030 
78.000 2.030 
79.000 2.029 
80.000 2.029 
81.000 2.028 
82.000 2.028 
83.000 2.027 
84.000 2.027 
85.000 2.026 
86.000 2.026 
87.000 2.026 
88.000 2.026 
89.000 2.025 
90.000 2.025 
91.000 2.025 
92.000 2.025 
93.000 2.025 
94.000 2.025 
95.000 2.025 
96.000 2.025 
97.000 2.025 
98.000 2.025 
99.000 2.025 
100.000 2.025 
101.000 2.026 
102.000 2.026 
103.000 2.026 
104.000 2.026 
105.000 2.026 
106.000 2.027 
107.000 2.027 
108.000 2.027 
109.000 2.027 
110.000 2.027 
111.000 2.028 
112.000 2.028 
113.000 2.028 
114.000 2.028 
115.000 2.028 
116.000 2.028 
117.000 2.028 
118.000 2.029 
119.000 2.029 
120.000 2.029 
121.000 2.029 
122.000 2.029 
123.000 2.029 
124.000 2.029 
125.000 2.029 
126.000 2.029 
127.000 2.029 
128.000 2.029 
129.000 2.029 
130.000 2.029 
131.000 2.029 
132.000 2.029 
133.000 2.029 
134.000 2.029 
135.000 2.029 
136.000 2.029 
137.000 2.029 
138.000 2.028 
139.000 2.028 
140.000 2.028 
141.000 2.028 
142.000 2.028 
143.000 2.028 
144.000 2.028 
145.000 2.028 
146.000 2.028 
147.000 2.028 
148.000 2.028 
149.000 2.028 
150.000 2.028 
151.000 2.028 
152.000 2.028 
153.000 2.028 
154.000 2.028 
155.000 2.028 
156.000 2.028 
157.000 2.028 
158.000 2.028 
159.000 2.028 
160.000 2.028 
161.000 2.028 
162.000 2.028 
163.000 2.028 
164.000 2.028 
165.000 2.028 
166.000 2.028 
167.000 2.028 
168.000 2.028 
169.000 2.028 
170.000 2.028 
171.000 2.028 
172.000 2.028 
173.000 2.028 
174.000 2.028 
175.000 2.028 
176.000 2.028 
177.000 2.028 
178.000 2.028 
179.000 2.028 
180.000 2.028 
181.000 2.028 
182.000 2.028 
183.000 2.028 
184.000 2.028 
185.000 2.028 
186.000 2.028 
187.000 2.028 
188.000 2.028 
189.000 2.028 
190.000 2.028 
191.000 2.028 
192.000 2.028 
193.000 2.028 
194.000 2.028 
195.000 2.028 
196.000 2.028 
197.000 2.028 
198.000 2.028 
199.000 2.028 
200.000 2.028 
201.000 2.028 
202.000 2.028 
203.000 2.028 
204.000 2.028 
205.000 2.028 
206.000 2.028 
207.000 2.028 
208.000 2.028 
209.000 2.028 
210.000 2.028 
211.000 2.028 
212.000 2.028 
213.000 2.028 
214.000 2.028 
215.000 2.028 
216.000 2.028 
217.000 2.028 
218.000 2.028 
219.000 2.028 
220.000 2.028 
221.000 2.028 
222.000 2.028 
223.000 2.028 
224.000 2.028 
225.000 2.028 
226.000 2.028 
227.000 2.028 
228.000 2.028 
229.000 2.028 
230.000 2.028 
231.000 2.028 
232.000 2.028 
233.000 2.028 
234.000 2.028 
235.000 2.028 
236.000 2.028 
237.000 2.028 
238.000 2.028 
239.000 2.028 
240.000 2.028 
241.000 2.028 
242.000 2.028 
243.000 2.028 
244.000 2.028 
245.000 2.028 
246.000 2.028 
247.000 2.028 
248.000 2.028 
249.000 2.028 
250.000 2.028 
251.000 2.028 
252.000 2.028 
253.000 2.028 
254.000 2.028 
255.000 2.028 
256.000 2.028 
257.000 2.028 
258.000 2.028 
259.000 2.028 
260.000 2.028 
261.000 2.028 
262.000 2.028 
263.000 2.028 
264.000 2.028 
265.000 2.028 
266.000 2.028 
267.000 2.028 
268.000 2.028 
269.000 2.028 
270.000 2.028 
271.000 2.028 
272.000 2.028 
273.000 2.028 
274.000 2.028 
275.000 2.028 
276.000 2.028 
277.000 2.028 
278.000 2.028 
279.000 2.028 
280.000 2.028 
281.000 2.028 
282.000 2.026 
283.000 2.025 
284.000 2.022 
285.000 2.020 
286.000 2.017 
287.000 2.014 
288.000 2.010 
289.000 2.007 
290.000 2.003 
291.000 1.999 
292.000 1.995 
293.000 1.992 
294.000 1.988 
295.000 1.984 
296.000 1.981 
297.000 1.977 
298.000 1.974 
299.000 1.971 
300.000 1.968 
301.000 1.966 
302.000 1.964 
303.000 1.961 
304.000 1.960 
305.000 1.958 
306.000 1.957 
307.000 1.956 
308.000 1.955 
309.000 1.954 
310.000 1.954 
311.000 1.953 
312.000 1.954 
313.000 1.954 
314.000 1.954 
315.000 1.955 
316.000 1.955 
317.000 1.956 
318.000 1.957 
319.000 1.958 
320.000 1.959 
321.000 1.960 
322.000 1.961 
323.000 1.963 
324.000 1.964 
325.000 1.965 
326.000 1.966 
327.000 1.967 
328.000 1.969 
329.000 1.970 
330.000 1.971 
331.000 1.972 
332.000 1.973 
333.000 1.974 
334.000 1.974 
335.000 1.975 
336.000 1.976 
337.000 1.976 
338.000 1.977 
339.000 1.977 
340.000 1.977 
341.000 1.978 
342.000 1.978 
343.000 1.978 
344.000 1.978 
345.000 1.978 
346.000 1.978 
347.000 1.978 
348.000 1.978 
349.000 1.977 
350.000 1.977 
351.000 1.977 
352.000 1.976 
353.000 1.976 
354.000 1.976 
355.000 1.975 
356.000 1.975 
357.000 1.974 
358.000 1.974 
359.000 1.974 
360.000 1.973 
361.000 1.973 
362.000 1.973 
363.000 1.972 
364.000 1.972 
365.000 1.972 
366.000 1.971 
367.000 1.971 
368.000 1.971 
369.000 1.971 
370.000 1.971 
371.000 1.970 
372.000 1.970 
373.000 1.970 
374.000 1.970 
375.000 1.970 
376.000 1.970 
377.000 1.970 
378.000 1.970 
379.000 1.970 
380.000 1.970 
381.000 1.970 
382.000 1.970 
383.000 1.970 
384.000 1.971 
385.000 1.971 
386.000 1.971 
387.000 1.971 
388.000 1.971 
389.000 1.971 
390.000 1.971 
391.000 1.971 
392.000 1.972 
393.000 1.972 
394.000 1.972 
395.000 1.972 
396.000 1.972 
397.000 1.972 
398.000 1.972 
399.000 1.972 
400.000 1.972 
401.000 1.972 
402.000 1.972 
403.000 1.973 
404.000 1.973 
405.000 1.973 
406.000 1.973 
407.000 1.973 
408.000 1.973 
409.000 1.973 
410.000 1.973 
411.000 1.973 
412.000 1.973 
413.000 1.973 
414.000 1.973 
415.000 1.973 
416.000 1.973 
417.000 1.972 
418.000 1.972 
419.000 1.972 
420.000 1.972 
421.000 1.972 
422.000 1.972 
423.000 1.972 
424.000 1.972 
425.000 1.972 
426.000 1.972 
427.000 1.972 
428.000 1.972 
429.000 1.972 
430.000 1.972 
431.000 1.972 
432.000 1.972 
433.000 1.972 
434.000 1.972 
435.000 1.972 
436.000 1.972 
437.000 1.972 
438.000 1.972 
439.000 1.972 
440.000 1.972 
441.000 1.972 
442.000 1.972 
443.000 1.972 
444.000 1.972 
445.000 1.972 
446.000 1.972 
447.000 1.972 
448.000 1.972 
449.000 1.972 
450.000 1.972 
451.000 1.972 
452.000 1.972 
453.000 1.972 
454.000 1.972 
455.000 1.972 
456.000 1.972 
457.000 1.972 
458.000 1.972 
459.000 1.972 
460.000 1.972 
461.000 1.972 
462.000 1.972 
463.000 1.972 
464.000 1.972 
465.000 1.972 
466.000 1.972 
467.000 1.972 
468.000 1.972 
469.000 1.972 
470.000 1.972 
471.000 1.972 
472.000 1.972 
473.000 1.972 
474.000 1.972 
475.000 1.972 
476.000 1.972 
477.000 1.972 
478.000 1.972 
479.000 1.972 
480.000 1.972 
481.000 1.972 
482.000 1.972 
483.000 1.972 
484.000 1.972 
485.000 1.972 
486.000 1.972 
487.000 1.972 
488.000 1.972 
489.000 1.972 
490.000 1.972 
491.000 1.972 
492.000 1.972 
493.000 1.972 
494.000 1.972 
495.000 1.972 
496.000 1.972 
497.000 1.972 
498.000 1.972 
499.000 1.972 
500.000 1.972 
501.000 1.972 
502.000 1.972 
503.000 1.972 
504.000 1.972 
505.000 1.972 
506.000 1.972 
507.000 1.972 
508.000 1.972 
509.000 1.972 
510.000 1.972 
511.000 1.972 
512.000 1.972 
513.000 1.972 
514.000 1.972 
515.000 1.972 
516.000 1.972 
517.000 1.972 
518.000 1.972 
519.000 1.972 
520.000 1.972 
521.000 1.972 
522.000 1.972 
523.000 1.972 
524.000 1.972 
525.000 1.972 
526.000 1.972 
527.000 1.972 
528.000 1.972 
529.000 1.972 
530.000 1.972 
531.000 1.973 
532.000 1.974 
533.000 1.976 
534.000 1.980 
535.000 1.984 
536.000 1.988 
537.000 1.993 
538.000 1.998 
539.000 2.003 
540.000 2.009 
541.000 2.014 
542.000 2.020 
543.000 2.026 
544.000 2.031 
545.000 2.037 
546.000 2.042 
547.000 2.047 
548.000 2.052 
549.000 2.056 
550.000 2.061 
551.000 2.064 
552.000 2.068 
553.000 2.071 
554.000 2.074 
555.000 2.077 
556.000 2.079 
557.000 2.080 
558.000 2.082 
559.000 2.083 
560.000 2.083 
561.000 2.084 
562.000 2.084 
563.000 2.083 
564.000 2.083 
565.000 2.082 
566.000 2.081 
567.000 2.080 
568.000 2.079 
569.000 2.077 
570.000 2.076 
571.000 2.074 
572.000 2.072 
573.000 2.070 
574.000 2.069 
575.000 2.067 
576.000 2.065 
577.000 2.063 
578.000 2.061 
579.000 2.060 
580.000 2.058 
581.000 2.057 
582.000 2.055 
583.000 2.054 
584.000 2.053 
585.000 2.052 
586.000 2.051 
587.000 2.050 
588.000 2.049 
589.000 2.048 
590.000 2.048 
591.000 2.047 
592.000 2.047 
593.000 2.047 
594.000 2.047 
595.000 2.047 
596.000 2.047 
597.000 2.047 
598.000 2.048 
599.000 2.048 
600.000 2.048 
601.000 2.049 
602.000 2.049 
603.000 2.050 
604.000 2.050 
605.000 2.051 
606.000 2.052 
607.000 2.052 
608.000 2.053 
609.000 2.053 
610.000 2.054 
611.000 2.054 
612.000 2.055 
613.000 2.056 
614.000 2.056 
615.000 2.056 
616.000 2.057 
617.000 2.057 
618.000 2.058 
619.000 2.058 
620.000 2.058 
621.000 2.058 
622.000 2.059 
623.000 2.059 
624.000 2.059 
625.000 2.059 
626.000 2.059 
627.000 2.059 
628.000 2.059 
629.000 2.059 
630.000 2.059 
631.000 2.059 
632.000 2.059 
633.000 2.058 
634.000 2.058 
635.000 2.058 
636.000 2.058 
637.000 2.058 
638.000 2.058 
639.000 2.057 
640.000 2.057 
641.000 2.057 
642.000 2.057 
643.000 2.057 
644.000 2.056 
645.000 2.056 
646.000 2.056 
647.000 2.056 
648.000 2.056 
649.000 2.056 
650.000 2.056 
651.000 2.055 
652.000 2.055 
653.000 2.055 
654.000 2.055 
655.000 2.055 
656.000 2.055 
657.000 2.055 
658.000 2.055 
659.000 2.055 
660.000 2.055 
661.000 2.055 
662.000 2.055 
663.000 2.055 
664.000 2.055 
665.000 2.055 
666.000 2.055 
667.000 2.055 
668.000 2.055 
669.000 2.055 
670.000 2.055 
671.000 2.056 
672.000 2.056 
673.000 2.056 
674.000 2.056 
675.000 2.056 
676.000 2.056 
677.000 2.056 
678.000 2.056 
679.000 2.056 
680.000 2.056 
681.000 2.056 
682.000 2.056 
683.000 2.056 
684.000 2.056 
685.000 2.056 
686.000 2.056 
687.000 2.056 
688.000 2.056 
689.000 2.056 
690.000 2.056 
691.000 2.056 
692.000 2.056 
693.000 2.056 
694.000 2.056 
695.000 2.056 
696.000 2.056 
697.000 2.056 
698.000 2.056 
699.000 2.056 
700.000 2.056 
701.000 2.056 
702.000 2.056 
703.000 2.056 
704.000 2.056 
705.000 2.056 
706.000 2.056 
707.000 2.056 
708.000 2.056 
709.000 2.056 
710.000 2.056 
711.000 2.056 
712.000 2.056 
713.000 2.056 
714.000 2.056 
715.000 2.056 
716.000 2.056 
717.000 2.056 
718.000 2.056 
719.000 2.056 
720.000 2.056 
721.000 2.056 
722.000 2.056 
723.000 2.056 
724.000 2.056 
725.000 2.056 
726.000 2.056 
727.000 2.056 
728.000 2.056 
729.000 2.056 
730.000 2.056 
731.000 2.056 
732.000 2.056 
733.000 2.056 
734.000 2.056 
735.000 2.056 
736.000 2.056 
737.000 2.056 
738.000 2.056 
739.000 2.056 
740.000 2.056 
741.000 2.056 
742.000 2.056 
743.000 2.056 
744.000 2.056 
745.000 2.056 
746.000 2.056 
747.000 2.056 
748.000 2.056 
749.000 2.056 
750.000 2.056 
751.000 2.056 
752.000 2.056 
753.000 2.056 
754.000 2.056 
755.000 2.056 
756.000 2.056 
757.000 2.056 
758.000 2.056 
759.000 2.056 
760.000 2.056 
761.000 2.056 
762.000 2.056 
763.000 2.056 
764.000 2.056 
765.000 2.056 
766.000 2.056 
767.000 2.056 
768.000 2.056 
769.000 2.056 
770.000 2.056 
771.000 2.056 
772.000 2.056 
773.000 2.056 
774.000 2.056 
775.000 2.056 
776.000 2.056 
777.000 2.056 
778.000 2.056 
779.000 2.056 
780.000 2.056 
781.000 2.055 
782.000 2.054 
783.000 2.051 
784.000 2.047 
785.000 2.042 
786.000 2.036 
787.000 2.030 
788.000 2.023 
789.000 2.016 
790.000 2.009 
791.000 2.001 
792.000 1.994 
793.000 1.986 
794.000 1.979 
795.000 1.971 
796.000 1.964 
797.000 1.957 
798.000 1.951 
799.000 1.945 
800.000 1.939 
801.000 1.934 
802.000 1.929 
803.000 1.925 
804.000 1.921 
805.000 1.917 
806.000 1.914 
807.000 1.912 
808.000 1.910 
809.000 1.909 
810.000 1.908 
811.000 1.907 
812.000 1.907 
813.000 1.907 
814.000 1.908 
815.000 1.909 
816.000 1.910 
817.000 1.912 
818.000 1.913 
819.000 1.915 
820.000 1.917 
821.000 1.920 
822.000 1.922 
823.000 1.924 
824.000 1.927 
825.000 1.929 
826.000 1.932 
827.000 1.934 
828.000 1.936 
829.000 1.939 
830.000 1.941 
831.000 1.943 
832.000 1.945 
833.000 1.947 
834.000 1.948 
835.000 1.950 
836.000 1.951 
837.000 1.952 
838.000 1.953 
839.000 1.954 
840.000 1.955 
841.000 1.955 
842.000 1.956 
843.000 1.956 
844.000 1.956 
845.000 1.956 
846.000 1.956 
847.000 1.956 
848.000 1.955 
849.000 1.955 
850.000 1.954 
851.000 1.954 
852.000 1.953 
853.000 1.952 
854.000 1.952 
855.000 1.951 
856.000 1.950 
857.000 1.949 
858.000 1.948 
859.000 1.948 
860.000 1.947 
861.000 1.946 
862.000 1.945 
863.000 1.945 
864.000 1.944 
865.000 1.944 
866.000 1.943 
867.000 1.942 
868.000 1.942 
869.000 1.942 
870.000 1.941 
871.000 1.941 
872.000 1.941 
873.000 1.940 
874.000 1.940 
875.000 1.940 
876.000 1.940 
877.000 1.940 
878.000 1.940 
879.000 1.940 
880.000 1.940 
881.000 1.940 
882.000 1.941 
883.000 1.941 
884.000 1.941 
885.000 1.941 
886.000 1.941 
887.000 1.942 
888.000 1.942 
889.000 1.942 
890.000 1.942 
891.000 1.943 
892.000 1.943 
893.000 1.943 
894.000 1.943 
895.000 1.944 
896.000 1.944 
897.000 1.944 
898.000 1.944 
899.000 1.944 
900.000 1.945 
901.000 1.945 
902.000 1.945 
903.000 1.945 
904.000 1.945 
905.000 1.945 
906.000 1.945 
907.000 1.945 
908.000 1.945 
909.000 1.945 
910.000 1.945 
911.000 1.945 
912.000 1.945 
913.000 1.945 
914.000 1.945 
915.000 1.945 
916.000 1.945 
917.000 1.945 
918.000 1.945 
919.000 1.945 
920.000 1.945 
921.000 1.945 
922.000 1.945 
923.000 1.945 
924.000 1.944 
925.000 1.944 
926.000 1.944 
927.000 1.944 
928.000 1.944 
929.000 1.944 
930.000 1.944 
931.000 1.944 
932.000 1.944 
933.000 1.944 
934.000 1.944 
935.000 1.944 
936.000 1.944 
937.000 1.944 
938.000 1.944 
939.000 1.944 
940.000 1.944 
941.000 1.944 
942.000 1.944 
943.000 1.944 
944.000 1.944 
945.000 1.944 
946.000 1.944 
947.000 1.944 
948.000 1.944 
949.000 1.944 
950.000 1.944 
951.000 1.944 
952.000 1.944 
953.000 1.944 
954.000 1.944 
955.000 1.944 
956.000 1.944 
957.000 1.944 
958.000 1.944 
959.000 1.944 
960.000 1.944 
961.000 1.944 
962.000 1.944 
963.000 1.944 
964.000 1.944 
965.000 1.944 
966.000 1.944 
967.000 1.944 
968.000 1.944 
969.000 1.944 
970.000 1.944 
971.000 1.944 
972.000 1.944 
973.000 1.944 
974.000 1.944 
975.000 1.944 
976.000 1.944 
977.000 1.944 
978.000 1.944 
979.000 1.944 
980.000 1.944 
981.000 1.944 
982.000 1.944 
983.000 1.944 
984.000 1.944 
985.000 1.944 
986.000 1.944 
987.000 1.944 
988.000 1.944 
989.000 1.944 
990.000 1.944 
991.000 1.944 
992.000 1.944 
993.000 1.944 
994.000 1.944 
995.000 1.944 
996.000 1.944 
997.000 1.944 
998.000 1.944 
999.000 1.944 
1000.000 1.944 
1001.000 1.944 
1002.000 1.944 
1003.000 1.944 
1004.000 1.944 
1005.000 1.944 
1006.000 1.944 
1007.000 1.944 
1008.000 1.944 
1009.000 1.944 
1010.000 1.944 
1011.000 1.944 
1012.000 1.944 
1013.000 1.944 
1014.000 1.944 
1015.000 1.944 
1016.000 1.944 
1017.000 1.944 
1018.000 1.944 
1019.000 1.944 
1020.000 1.944 
1021.000 1.944 
1022.000 1.944 
1023.000 1.944 
1024.000 1.944 
1025.000 1.944 
1026.000 1.944 
1027.000 1.944 
1028.000 1.944 
1029.000 1.944 
1030.000 1.944 
1031.000 1.945 
1032.000 1.946 
1033.000 1.950 
1034.000 1.955 
1035.000 1.961 
1036.000 1.968 
1037.000 1.976 
1038.000 1.984 
1039.000 1.993 
1040.000 2.002 
1041.000 2.011 
1042.000 2.021 
1043.000 2.030 
1044.000 2.039 
1045.000 2.049 
1046.000 2.057 
1047.000 2.066 
1048.000 2.074 
1049.000 2.082 
1050.000 2.089 
1051.000 2.096 
1052.000 2.102 
1053.000 2.108 
1054.000 2.113 
1055.000 2.117 
1056.000 2.121 
1057.000 2.124 
1058.000 2.126 
1059.000 2.128 
1060.000 2.129 
1061.000 2.130 
1062.000 2.130 
1063.000 2.130 
1064.000 2.129 
1065.000 2.128 
1066.000 2.127 
1067.000 2.125 
1068.000 2.123 
1069.000 2.120 
1070.000 2.118 
1071.000 2.115 
1072.000 2.112 
1073.000 2.109 
1074.000 2.106 
1075.000 2.103 
1076.000 2.100 
1077.000 2.097 
1078.000 2.094 
1079.000 2.091 
1080.000 2.088 
1081.000 2.086 
1082.000 2.083 
1083.000 2.081 
1084.000 2.079 
1085.000 2.077 
1086.000 2.075 
1087.000 2.074 
1088.000 2.073 
1089.000 2.072 
1090.000 2.071 
1091.000 2.070 
1092.000 2.069 
1093.000 2.069 
1094.000 2.069 
1095.000 2.069 
1096.000 2.069 
1097.000 2.069 
1098.000 2.070 
1099.000 2.070 
1100.000 2.071 
1101.000 2.072 
1102.000 2.073 
1103.000 2.073 
1104.000 2.074 
1105.000 2.075 
1106.000 2.076 
1107.000 2.077 
1108.000 2.078 
1109.000 2.079 
1110.000 2.080 
1111.000 2.081 
1112.000 2.082 
1113.000 2.083 
1114.000 2.084 
1115.000 2.085 
1116.000 2.085 
1117.000 2.086 
1118.000 2.086 
1119.000 2.087 
1120.000 2.087 
1121.000 2.088 
1122.000 2.088 
1123.000 2.088 
1124.000 2.089 
1125.000 2.089 
1126.000 2.089 
1127.000 2.089 
1128.000 2.089 
1129.000 2.089 
1130.000 2.089 
1131.000 2.088 
1132.000 2.088 
1133.000 2.088 
1134.000 2.088 
1135.000 2.088 
1136.000 2.087 
1137.000 2.087 
1138.000 2.087 
1139.000 2.086 
1140.000 2.086 
1141.000 2.086 
1142.000 2.085 
1143.000 2.085 
1144.000 2.085 
1145.000 2.084 
1146.000 2.084 
1147.000 2.084 
1148.000 2.084 
1149.000 2.083 
1150.000 2.083 
1151.000 2.083 
1152.000 2.083 
1153.000 2.083 
1154.000 2.083 
1155.000 2.083 
1156.000 2.082 
1157.000 2.082 
1158.000 2.082 
1159.000 2.082 
1160.000 2.082 
1161.000 2.082 
1162.000 2.082 
1163.000 2.082 
1164.000 2.083 
1165.000 2.083 
1166.000 2.083 
1167.000 2.083 
1168.000 2.083 
1169.000 2.083 
1170.000 2.083 
1171.000 2.083 
1172.000 2.083 
1173.000 2.083 
1174.000 2.083 
1175.000 2.084 
1176.000 2.084 
1177.000 2.084 
1178.000 2.084 
1179.000 2.084 
1180.000 2.084 
1181.000 2.084 
1182.000 2.084 
1183.000 2.084 
1184.000 2.084 
1185.000 2.084 
1186.000 2.084 
1187.000 2.084 
1188.000 2.084 
1189.000 2.084 
1190.000 2.084 
1191.000 2.084 
1192.000 2.084 
1193.000 2.084 
1194.000 2.084 
1195.000 2.084 
1196.000 2.084 
1197.000 2.084 
1198.000 2.084 
1199.000 2.084 
1200.000 2.084 
1201.000 2.084 
1202.000 2.084 
1203.000 2.084 
1204.000 2.084 
1205.000 2.084 
1206.000 2.084 
1207.000 2.084 
1208.000 2.084 
1209.000 2.084 
1210.000 2.084 
1211.000 2.084 
1212.000 2.084 
1213.000 2.084 
1214.000 2.084 
1215.000 2.084 
1216.000 2.084 
1217.000 2.084 
1218.000 2.084 
1219.000 2.084 
1220.000 2.084 
1221.000 2.084 
1222.000 2.084 
1223.000 2.084 
1224.000 2.084 
1225.000 2.084 
1226.000 2.084 
1227.000 2.084 
1228.000 2.084 
1229.000 2.084 
1230.000 2.084 
1231.000 2.084 
1232.000 2.084 
1233.000 2.084 
1234.000 2.084 
1235.000 2.084 
1236.000 2.084 
1237.000 2.084 
1238.000 2.084 
1239.000 2.084 
1240.000 2.084 
1241.000 2.084 
1242.000 2.084 
1243.000 2.084 
1244.000 2.084 
1245.000 2.084 
1246.000 2.084 
1247.000 2.084 
1248.000 2.084 
1249.000 2.084 
1250.000 2.084 
1251.000 2.084 
1252.000 2.084 
1253.000 2.084 
1254.000 2.084 
1255.000 2.084 
1256.000 2.084 
1257.000 2.084 
1258.000 2.084 
1259.000 2.084 
1260.000 2.084 
1261.000 2.084 
1262.000 2.084 
1263.000 2.084 
1264.000 2.084 
1265.000 2.084 
1266.000 2.084 
1267.000 2.084 
1268.000 2.084 
1269.000 2.084 
1270.000 2.084 
