1.000 2.000 
2.000 2.000 
3.000 2.000 
4.000 2.000 
5.000 2.000 
6.000 2.000 
7.000 2.000 
8.000 2.000 
9.000 2.000 
10.000 2.000 
11.000 2.000 
12.000 2.000 
13.000 2.000 
14.000 2.000 
15.000 2.000 
16.000 2.000 
17.000 2.000 
18.000 2.000 
19.000 2.000 
20.000 2.000 
21.000 2.000 
22.000 2.000 
23.000 2.000 
24.000 2.000 
25.000 2.000 
26.000 2.000 
27.000 2.000 
28.000 2.000 
29.000 2.000 
30.000 2.000 
31.000 2.000 
32.000 2.002 
33.000 2.003 
34.000 2.005 
35.000 2.008 
36.000 2.011 
37.000 2.014 
38.000 2.018 
39.000 2.021 
40.000 2.025 
41.000 2.029 
42.000 2.033 
43.000 2.036 
44.000 2.040 
45.000 2.043 
46.000 2.047 
47.000 2.050 
48.000 2.053 
49.000 2.055 
50.000 2.058 
51.000 2.060 
52.000 2.061 
53.000 2.062 
54.000 2.063 
55.000 2.064 
56.000 2.064 
57.000 2.063 
58.000 2.063 
59.000 2.062 
60.000 2.060 
61.000 2.059 
62.000 2.057 
63.000 2.054 
64.000 2.052 
65.000 2.050 
66.000 2.047 
67.000 2.044 
68.000 2.041 
69.000 2.038 
70.000 2.036 
71.000 2.033 
72.000 2.030 
73.000 2.028 
74.000 2.025 
75.000 2.023 
76.000 2.021 
77.000 2.020 
78.000 2.018 
79.000 2.017 
80.000 2.016 
81.000 2.016 
82.000 2.015 
83.000 2.015 
84.000 2.015 
85.000 2.016 
86.000 2.017 
87.000 2.018 
88.000 2.019 
89.000 2.020 
90.000 2.022 
91.000 2.024 
92.000 2.026 
93.000 2.028 
94.000 2.030 
95.000 2.032 
96.000 2.034 
97.000 2.036 
98.000 2.038 
99.000 2.040 
100.000 2.042 
101.000 2.044 
102.000 2.045 
103.000 2.047 
104.000 2.048 
105.000 2.049 
106.000 2.050 
107.000 2.051 
108.000 2.051 
109.000 2.051 
110.000 2.051 
111.000 2.051 
112.000 2.051 
113.000 2.050 
114.000 2.049 
115.000 2.049 
116.000 2.047 
117.000 2.046 
118.000 2.045 
119.000 2.044 
120.000 2.042 
121.000 2.041 
122.000 2.039 
123.000 2.037 
124.000 2.036 
125.000 2.034 
126.000 2.033 
127.000 2.031 
128.000 2.030 
129.000 2.029 
130.000 2.028 
131.000 2.027 
132.000 2.026 
133.000 2.025 
134.000 2.025 
135.000 2.025 
136.000 2.024 
137.000 2.024 
138.000 2.024 
139.000 2.025 
140.000 2.025 
141.000 2.026 
142.000 2.026 
143.000 2.027 
144.000 2.028 
145.000 2.029 
146.000 2.030 
147.000 2.031 
148.000 2.032 
149.000 2.034 
150.000 2.035 
151.000 2.036 
152.000 2.037 
153.000 2.038 
154.000 2.039 
155.000 2.040 
156.000 2.041 
157.000 2.042 
158.000 2.043 
159.000 2.043 
160.000 2.044 
161.000 2.044 
162.000 2.044 
163.000 2.045 
164.000 2.045 
165.000 2.044 
166.000 2.044 
167.000 2.044 
168.000 2.044 
169.000 2.043 
170.000 2.042 
171.000 2.042 
172.000 2.041 
173.000 2.040 
174.000 2.039 
175.000 2.038 
176.000 2.038 
177.000 2.037 
178.000 2.036 
179.000 2.035 
180.000 2.034 
181.000 2.033 
182.000 2.033 
183.000 2.032 
184.000 2.031 
185.000 2.031 
186.000 2.030 
187.000 2.030 
188.000 2.030 
189.000 2.030 
190.000 2.029 
191.000 2.029 
192.000 2.029 
193.000 2.030 
194.000 2.030 
195.000 2.030 
196.000 2.031 
197.000 2.031 
198.000 2.032 
199.000 2.032 
200.000 2.033 
201.000 2.033 
202.000 2.034 
203.000 2.035 
204.000 2.035 
205.000 2.036 
206.000 2.037 
207.000 2.037 
208.000 2.038 
209.000 2.038 
210.000 2.039 
211.000 2.039 
212.000 2.040 
213.000 2.040 
214.000 2.040 
215.000 2.040 
216.000 2.041 
217.000 2.041 
218.000 2.041 
219.000 2.041 
220.000 2.041 
221.000 2.040 
222.000 2.040 
223.000 2.040 
224.000 2.040 
225.000 2.039 
226.000 2.039 
227.000 2.038 
228.000 2.038 
229.000 2.037 
230.000 2.037 
231.000 2.036 
232.000 2.036 
233.000 2.035 
234.000 2.035 
235.000 2.035 
236.000 2.034 
237.000 2.034 
238.000 2.033 
239.000 2.033 
240.000 2.033 
241.000 2.033 
242.000 2.032 
243.000 2.032 
244.000 2.032 
245.000 2.032 
246.000 2.032 
247.000 2.032 
248.000 2.033 
249.000 2.033 
250.000 2.033 
251.000 2.033 
252.000 2.033 
253.000 2.034 
254.000 2.034 
255.000 2.034 
256.000 2.035 
257.000 2.035 
258.000 2.036 
259.000 2.036 
260.000 2.036 
261.000 2.037 
262.000 2.037 
263.000 2.037 
264.000 2.038 
265.000 2.038 
266.000 2.038 
267.000 2.038 
268.000 2.038 
269.000 2.038 
270.000 2.039 
271.000 2.039 
272.000 2.039 
273.000 2.039 
274.000 2.039 
275.000 2.038 
276.000 2.038 
277.000 2.038 
278.000 2.038 
279.000 2.038 
280.000 2.037 
281.000 2.037 
282.000 2.035 
283.000 2.032 
284.000 2.027 
285.000 2.022 
286.000 2.016 
287.000 2.009 
288.000 2.002 
289.000 1.995 
290.000 1.988 
291.000 1.980 
292.000 1.972 
293.000 1.965 
294.000 1.957 
295.000 1.950 
296.000 1.943 
297.000 1.936 
298.000 1.930 
299.000 1.925 
300.000 1.920 
301.000 1.916 
302.000 1.913 
303.000 1.910 
304.000 1.909 
305.000 1.908 
306.000 1.907 
307.000 1.908 
308.000 1.909 
309.000 1.911 
310.000 1.914 
311.000 1.917 
312.000 1.921 
313.000 1.925 
314.000 1.930 
315.000 1.935 
316.000 1.941 
317.000 1.946 
318.000 1.952 
319.000 1.958 
320.000 1.964 
321.000 1.969 
322.000 1.975 
323.000 1.980 
324.000 1.985 
325.000 1.989 
326.000 1.993 
327.000 1.997 
328.000 2.000 
329.000 2.002 
330.000 2.004 
331.000 2.006 
332.000 2.006 
333.000 2.007 
334.000 2.006 
335.000 2.005 
336.000 2.004 
337.000 2.002 
338.000 1.999 
339.000 1.996 
340.000 1.993 
341.000 1.990 
342.000 1.986 
343.000 1.982 
344.000 1.977 
345.000 1.973 
346.000 1.969 
347.000 1.965 
348.000 1.960 
349.000 1.956 
350.000 1.952 
351.000 1.949 
352.000 1.945 
353.000 1.942 
354.000 1.940 
355.000 1.937 
356.000 1.936 
357.000 1.934 
358.000 1.933 
359.000 1.933 
360.000 1.932 
361.000 1.933 
362.000 1.933 
363.000 1.935 
364.000 1.936 
365.000 1.938 
366.000 1.940 
367.000 1.942 
368.000 1.945 
369.000 1.948 
370.000 1.951 
371.000 1.954 
372.000 1.957 
373.000 1.961 
374.000 1.964 
375.000 1.967 
376.000 1.970 
377.000 1.973 
378.000 1.976 
379.000 1.978 
380.000 1.980 
381.000 1.982 
382.000 1.984 
383.000 1.985 
384.000 1.987 
385.000 1.987 
386.000 1.988 
387.000 1.988 
388.000 1.988 
389.000 1.987 
390.000 1.986 
391.000 1.985 
392.000 1.984 
393.000 1.982 
394.000 1.980 
395.000 1.978 
396.000 1.976 
397.000 1.974 
398.000 1.972 
399.000 1.969 
400.000 1.967 
401.000 1.964 
402.000 1.962 
403.000 1.960 
404.000 1.958 
405.000 1.956 
406.000 1.954 
407.000 1.952 
408.000 1.951 
409.000 1.949 
410.000 1.948 
411.000 1.947 
412.000 1.947 
413.000 1.946 
414.000 1.946 
415.000 1.947 
416.000 1.947 
417.000 1.948 
418.000 1.948 
419.000 1.949 
420.000 1.951 
421.000 1.952 
422.000 1.953 
423.000 1.955 
424.000 1.957 
425.000 1.958 
426.000 1.960 
427.000 1.962 
428.000 1.964 
429.000 1.966 
430.000 1.967 
431.000 1.969 
432.000 1.970 
433.000 1.972 
434.000 1.973 
435.000 1.974 
436.000 1.975 
437.000 1.976 
438.000 1.977 
439.000 1.977 
440.000 1.977 
441.000 1.977 
442.000 1.977 
443.000 1.977 
444.000 1.977 
445.000 1.976 
446.000 1.975 
447.000 1.974 
448.000 1.973 
449.000 1.972 
450.000 1.971 
451.000 1.970 
452.000 1.968 
453.000 1.967 
454.000 1.966 
455.000 1.964 
456.000 1.963 
457.000 1.962 
458.000 1.961 
459.000 1.959 
460.000 1.958 
461.000 1.957 
462.000 1.957 
463.000 1.956 
464.000 1.955 
465.000 1.955 
466.000 1.954 
467.000 1.954 
468.000 1.954 
469.000 1.954 
470.000 1.954 
471.000 1.955 
472.000 1.955 
473.000 1.956 
474.000 1.957 
475.000 1.957 
476.000 1.958 
477.000 1.959 
478.000 1.960 
479.000 1.961 
480.000 1.962 
481.000 1.963 
482.000 1.964 
483.000 1.965 
484.000 1.966 
485.000 1.967 
486.000 1.968 
487.000 1.968 
488.000 1.969 
489.000 1.970 
490.000 1.970 
491.000 1.971 
492.000 1.971 
493.000 1.971 
494.000 1.971 
495.000 1.972 
496.000 1.971 
497.000 1.971 
498.000 1.971 
499.000 1.971 
500.000 1.970 
501.000 1.970 
502.000 1.969 
503.000 1.969 
504.000 1.968 
505.000 1.967 
506.000 1.967 
507.000 1.966 
508.000 1.965 
509.000 1.964 
510.000 1.964 
511.000 1.963 
512.000 1.962 
513.000 1.961 
514.000 1.961 
515.000 1.960 
516.000 1.960 
517.000 1.959 
518.000 1.959 
519.000 1.959 
520.000 1.959 
521.000 1.959 
522.000 1.959 
523.000 1.959 
524.000 1.959 
525.000 1.959 
526.000 1.959 
527.000 1.959 
528.000 1.960 
529.000 1.960 
530.000 1.961 
531.000 1.962 
532.000 1.964 
533.000 1.968 
534.000 1.975 
535.000 1.982 
536.000 1.991 
537.000 2.000 
538.000 2.011 
539.000 2.022 
540.000 2.033 
541.000 2.044 
542.000 2.056 
543.000 2.068 
544.000 2.079 
545.000 2.090 
546.000 2.101 
547.000 2.111 
548.000 2.120 
549.000 2.128 
550.000 2.136 
551.000 2.142 
552.000 2.148 
553.000 2.152 
554.000 2.155 
555.000 2.157 
556.000 2.157 
557.000 2.157 
558.000 2.155 
559.000 2.153 
560.000 2.149 
561.000 2.144 
562.000 2.139 
563.000 2.132 
564.000 2.125 
565.000 2.118 
566.000 2.109 
567.000 2.101 
568.000 2.092 
569.000 2.084 
570.000 2.075 
571.000 2.066 
572.000 2.058 
573.000 2.050 
574.000 2.043 
575.000 2.036 
576.000 2.030 
577.000 2.024 
578.000 2.019 
579.000 2.015 
580.000 2.012 
581.000 2.010 
582.000 2.008 
583.000 2.008 
584.000 2.008 
585.000 2.009 
586.000 2.011 
587.000 2.014 
588.000 2.018 
589.000 2.022 
590.000 2.027 
591.000 2.032 
592.000 2.037 
593.000 2.043 
594.000 2.050 
595.000 2.056 
596.000 2.063 
597.000 2.069 
598.000 2.076 
599.000 2.082 
600.000 2.088 
601.000 2.093 
602.000 2.099 
603.000 2.103 
604.000 2.107 
605.000 2.111 
606.000 2.114 
607.000 2.116 
608.000 2.118 
609.000 2.119 
610.000 2.120 
611.000 2.119 
612.000 2.119 
613.000 2.117 
614.000 2.115 
615.000 2.112 
616.000 2.109 
617.000 2.106 
618.000 2.102 
619.000 2.097 
620.000 2.093 
621.000 2.088 
622.000 2.083 
623.000 2.079 
624.000 2.074 
625.000 2.069 
626.000 2.064 
627.000 2.060 
628.000 2.056 
629.000 2.052 
630.000 2.048 
631.000 2.045 
632.000 2.042 
633.000 2.040 
634.000 2.038 
635.000 2.037 
636.000 2.036 
637.000 2.036 
638.000 2.036 
639.000 2.037 
640.000 2.038 
641.000 2.039 
642.000 2.041 
643.000 2.044 
644.000 2.046 
645.000 2.049 
646.000 2.052 
647.000 2.056 
648.000 2.059 
649.000 2.063 
650.000 2.067 
651.000 2.070 
652.000 2.074 
653.000 2.077 
654.000 2.081 
655.000 2.084 
656.000 2.087 
657.000 2.089 
658.000 2.092 
659.000 2.094 
660.000 2.095 
661.000 2.097 
662.000 2.098 
663.000 2.098 
664.000 2.099 
665.000 2.098 
666.000 2.098 
667.000 2.097 
668.000 2.096 
669.000 2.094 
670.000 2.093 
671.000 2.091 
672.000 2.089 
673.000 2.086 
674.000 2.084 
675.000 2.081 
676.000 2.078 
677.000 2.076 
678.000 2.073 
679.000 2.070 
680.000 2.068 
681.000 2.065 
682.000 2.063 
683.000 2.061 
684.000 2.059 
685.000 2.057 
686.000 2.055 
687.000 2.054 
688.000 2.053 
689.000 2.052 
690.000 2.052 
691.000 2.052 
692.000 2.052 
693.000 2.052 
694.000 2.053 
695.000 2.054 
696.000 2.055 
697.000 2.056 
698.000 2.058 
699.000 2.059 
700.000 2.061 
701.000 2.063 
702.000 2.065 
703.000 2.067 
704.000 2.069 
705.000 2.071 
706.000 2.073 
707.000 2.075 
708.000 2.077 
709.000 2.078 
710.000 2.080 
711.000 2.082 
712.000 2.083 
713.000 2.084 
714.000 2.085 
715.000 2.086 
716.000 2.086 
717.000 2.087 
718.000 2.087 
719.000 2.087 
720.000 2.086 
721.000 2.086 
722.000 2.085 
723.000 2.085 
724.000 2.084 
725.000 2.082 
726.000 2.081 
727.000 2.080 
728.000 2.078 
729.000 2.077 
730.000 2.076 
731.000 2.074 
732.000 2.072 
733.000 2.071 
734.000 2.070 
735.000 2.068 
736.000 2.067 
737.000 2.066 
738.000 2.064 
739.000 2.063 
740.000 2.063 
741.000 2.062 
742.000 2.061 
743.000 2.061 
744.000 2.061 
745.000 2.061 
746.000 2.061 
747.000 2.061 
748.000 2.061 
749.000 2.062 
750.000 2.062 
751.000 2.063 
752.000 2.064 
753.000 2.065 
754.000 2.066 
755.000 2.067 
756.000 2.068 
757.000 2.069 
758.000 2.070 
759.000 2.071 
760.000 2.072 
761.000 2.073 
762.000 2.074 
763.000 2.075 
764.000 2.076 
765.000 2.077 
766.000 2.078 
767.000 2.079 
768.000 2.079 
769.000 2.080 
770.000 2.080 
771.000 2.080 
772.000 2.080 
773.000 2.080 
774.000 2.080 
775.000 2.080 
776.000 2.079 
777.000 2.079 
778.000 2.078 
779.000 2.078 
780.000 2.077 
781.000 2.076 
782.000 2.073 
783.000 2.068 
784.000 2.061 
785.000 2.052 
786.000 2.041 
787.000 2.028 
788.000 2.015 
789.000 2.000 
790.000 1.985 
791.000 1.970 
792.000 1.955 
793.000 1.939 
794.000 1.924 
795.000 1.909 
796.000 1.894 
797.000 1.881 
798.000 1.868 
799.000 1.856 
800.000 1.846 
801.000 1.837 
802.000 1.829 
803.000 1.823 
804.000 1.818 
805.000 1.815 
806.000 1.814 
807.000 1.814 
808.000 1.816 
809.000 1.819 
810.000 1.823 
811.000 1.829 
812.000 1.836 
813.000 1.845 
814.000 1.854 
815.000 1.864 
816.000 1.874 
817.000 1.885 
818.000 1.897 
819.000 1.908 
820.000 1.920 
821.000 1.931 
822.000 1.943 
823.000 1.953 
824.000 1.964 
825.000 1.973 
826.000 1.982 
827.000 1.990 
828.000 1.997 
829.000 2.002 
830.000 2.007 
831.000 2.010 
832.000 2.013 
833.000 2.014 
834.000 2.014 
835.000 2.012 
836.000 2.010 
837.000 2.007 
838.000 2.002 
839.000 1.997 
840.000 1.991 
841.000 1.984 
842.000 1.977 
843.000 1.969 
844.000 1.960 
845.000 1.952 
846.000 1.943 
847.000 1.935 
848.000 1.926 
849.000 1.918 
850.000 1.909 
851.000 1.902 
852.000 1.895 
853.000 1.888 
854.000 1.882 
855.000 1.877 
856.000 1.873 
857.000 1.869 
858.000 1.867 
859.000 1.865 
860.000 1.864 
861.000 1.864 
862.000 1.865 
863.000 1.867 
864.000 1.870 
865.000 1.873 
866.000 1.877 
867.000 1.881 
868.000 1.886 
869.000 1.892 
870.000 1.898 
871.000 1.904 
872.000 1.910 
873.000 1.917 
874.000 1.923 
875.000 1.930 
876.000 1.936 
877.000 1.942 
878.000 1.948 
879.000 1.953 
880.000 1.958 
881.000 1.962 
882.000 1.966 
883.000 1.970 
884.000 1.972 
885.000 1.974 
886.000 1.975 
887.000 1.976 
888.000 1.976 
889.000 1.975 
890.000 1.974 
891.000 1.972 
892.000 1.970 
893.000 1.967 
894.000 1.963 
895.000 1.960 
896.000 1.955 
897.000 1.951 
898.000 1.946 
899.000 1.942 
900.000 1.937 
901.000 1.932 
902.000 1.927 
903.000 1.922 
904.000 1.918 
905.000 1.914 
906.000 1.910 
907.000 1.906 
908.000 1.903 
909.000 1.900 
910.000 1.897 
911.000 1.895 
912.000 1.894 
913.000 1.893 
914.000 1.893 
915.000 1.893 
916.000 1.893 
917.000 1.894 
918.000 1.895 
919.000 1.897 
920.000 1.899 
921.000 1.902 
922.000 1.905 
923.000 1.908 
924.000 1.911 
925.000 1.915 
926.000 1.918 
927.000 1.922 
928.000 1.925 
929.000 1.929 
930.000 1.933 
931.000 1.936 
932.000 1.939 
933.000 1.942 
934.000 1.945 
935.000 1.947 
936.000 1.949 
937.000 1.951 
938.000 1.953 
939.000 1.954 
940.000 1.955 
941.000 1.955 
942.000 1.955 
943.000 1.955 
944.000 1.954 
945.000 1.953 
946.000 1.951 
947.000 1.950 
948.000 1.948 
949.000 1.946 
950.000 1.944 
951.000 1.941 
952.000 1.938 
953.000 1.936 
954.000 1.933 
955.000 1.930 
956.000 1.928 
957.000 1.925 
958.000 1.923 
959.000 1.920 
960.000 1.918 
961.000 1.916 
962.000 1.914 
963.000 1.912 
964.000 1.911 
965.000 1.910 
966.000 1.909 
967.000 1.909 
968.000 1.908 
969.000 1.908 
970.000 1.909 
971.000 1.909 
972.000 1.910 
973.000 1.911 
974.000 1.912 
975.000 1.913 
976.000 1.915 
977.000 1.917 
978.000 1.919 
979.000 1.921 
980.000 1.923 
981.000 1.925 
982.000 1.927 
983.000 1.929 
984.000 1.931 
985.000 1.932 
986.000 1.934 
987.000 1.936 
988.000 1.937 
989.000 1.939 
990.000 1.940 
991.000 1.941 
992.000 1.942 
993.000 1.943 
994.000 1.943 
995.000 1.943 
996.000 1.943 
997.000 1.943 
998.000 1.943 
999.000 1.942 
1000.000 1.941 
1001.000 1.940 
1002.000 1.939 
1003.000 1.938 
1004.000 1.937 
1005.000 1.935 
1006.000 1.934 
1007.000 1.933 
1008.000 1.931 
1009.000 1.929 
1010.000 1.928 
1011.000 1.926 
1012.000 1.925 
1013.000 1.924 
1014.000 1.922 
1015.000 1.921 
1016.000 1.920 
1017.000 1.919 
1018.000 1.919 
1019.000 1.918 
1020.000 1.918 
1021.000 1.917 
1022.000 1.917 
1023.000 1.917 
1024.000 1.917 
1025.000 1.917 
1026.000 1.918 
1027.000 1.918 
1028.000 1.919 
1029.000 1.920 
1030.000 1.921 
1031.000 1.922 
1032.000 1.925 
1033.000 1.930 
1034.000 1.938 
1035.000 1.949 
1036.000 1.962 
1037.000 1.977 
1038.000 1.994 
1039.000 2.011 
1040.000 2.029 
1041.000 2.048 
1042.000 2.068 
1043.000 2.087 
1044.000 2.107 
1045.000 2.125 
1046.000 2.144 
1047.000 2.161 
1048.000 2.177 
1049.000 2.193 
1050.000 2.206 
1051.000 2.218 
1052.000 2.228 
1053.000 2.237 
1054.000 2.243 
1055.000 2.248 
1056.000 2.250 
1057.000 2.251 
1058.000 2.249 
1059.000 2.246 
1060.000 2.241 
1061.000 2.234 
1062.000 2.226 
1063.000 2.216 
1064.000 2.205 
1065.000 2.193 
1066.000 2.180 
1067.000 2.166 
1068.000 2.152 
1069.000 2.138 
1070.000 2.123 
1071.000 2.109 
1072.000 2.095 
1073.000 2.081 
1074.000 2.068 
1075.000 2.056 
1076.000 2.044 
1077.000 2.034 
1078.000 2.025 
1079.000 2.018 
1080.000 2.011 
1081.000 2.006 
1082.000 2.003 
1083.000 2.001 
1084.000 2.001 
1085.000 2.002 
1086.000 2.004 
1087.000 2.008 
1088.000 2.013 
1089.000 2.019 
1090.000 2.026 
1091.000 2.035 
1092.000 2.044 
1093.000 2.053 
1094.000 2.064 
1095.000 2.074 
1096.000 2.085 
1097.000 2.096 
1098.000 2.107 
1099.000 2.117 
1100.000 2.128 
1101.000 2.137 
1102.000 2.146 
1103.000 2.155 
1104.000 2.162 
1105.000 2.169 
1106.000 2.175 
1107.000 2.180 
1108.000 2.183 
1109.000 2.186 
1110.000 2.187 
1111.000 2.188 
1112.000 2.187 
1113.000 2.185 
1114.000 2.182 
1115.000 2.179 
1116.000 2.174 
1117.000 2.168 
1118.000 2.162 
1119.000 2.156 
1120.000 2.148 
1121.000 2.141 
1122.000 2.133 
1123.000 2.125 
1124.000 2.117 
1125.000 2.109 
1126.000 2.101 
1127.000 2.093 
1128.000 2.086 
1129.000 2.079 
1130.000 2.072 
1131.000 2.067 
1132.000 2.062 
1133.000 2.057 
1134.000 2.054 
1135.000 2.051 
1136.000 2.049 
1137.000 2.048 
1138.000 2.048 
1139.000 2.048 
1140.000 2.050 
1141.000 2.052 
1142.000 2.055 
1143.000 2.058 
1144.000 2.062 
1145.000 2.067 
1146.000 2.072 
1147.000 2.077 
1148.000 2.083 
1149.000 2.089 
1150.000 2.095 
1151.000 2.101 
1152.000 2.107 
1153.000 2.113 
1154.000 2.119 
1155.000 2.124 
1156.000 2.129 
1157.000 2.134 
1158.000 2.138 
1159.000 2.142 
1160.000 2.145 
1161.000 2.148 
1162.000 2.150 
1163.000 2.151 
1164.000 2.152 
1165.000 2.152 
1166.000 2.152 
1167.000 2.151 
1168.000 2.149 
1169.000 2.147 
1170.000 2.145 
1171.000 2.142 
1172.000 2.138 
1173.000 2.135 
1174.000 2.131 
1175.000 2.126 
1176.000 2.122 
1177.000 2.117 
1178.000 2.113 
1179.000 2.108 
1180.000 2.104 
1181.000 2.100 
1182.000 2.095 
1183.000 2.092 
1184.000 2.088 
1185.000 2.085 
1186.000 2.082 
1187.000 2.080 
1188.000 2.078 
1189.000 2.076 
1190.000 2.075 
1191.000 2.074 
1192.000 2.074 
1193.000 2.075 
1194.000 2.075 
1195.000 2.076 
1196.000 2.078 
1197.000 2.080 
1198.000 2.082 
1199.000 2.085 
1200.000 2.087 
1201.000 2.090 
1202.000 2.094 
1203.000 2.097 
1204.000 2.100 
1205.000 2.104 
1206.000 2.107 
1207.000 2.110 
1208.000 2.114 
1209.000 2.117 
1210.000 2.120 
1211.000 2.122 
1212.000 2.125 
1213.000 2.127 
1214.000 2.129 
1215.000 2.130 
1216.000 2.131 
1217.000 2.132 
1218.000 2.133 
1219.000 2.133 
1220.000 2.132 
1221.000 2.132 
1222.000 2.131 
1223.000 2.130 
1224.000 2.128 
1225.000 2.127 
1226.000 2.125 
1227.000 2.123 
1228.000 2.121 
1229.000 2.118 
1230.000 2.116 
1231.000 2.113 
1232.000 2.111 
1233.000 2.108 
1234.000 2.106 
1235.000 2.103 
1236.000 2.101 
1237.000 2.099 
1238.000 2.097 
1239.000 2.095 
1240.000 2.093 
1241.000 2.092 
1242.000 2.091 
1243.000 2.090 
1244.000 2.089 
1245.000 2.089 
1246.000 2.089 
1247.000 2.089 
1248.000 2.090 
1249.000 2.090 
1250.000 2.091 
1251.000 2.092 
1252.000 2.093 
1253.000 2.095 
1254.000 2.096 
1255.000 2.098 
1256.000 2.100 
1257.000 2.102 
1258.000 2.104 
1259.000 2.105 
1260.000 2.107 
1261.000 2.109 
1262.000 2.111 
1263.000 2.113 
1264.000 2.114 
1265.000 2.116 
1266.000 2.117 
1267.000 2.118 
1268.000 2.119 
1269.000 2.120 
1270.000 2.121 
