1.000 2.000 
2.000 2.000 
3.000 2.000 
4.000 2.000 
5.000 2.000 
6.000 2.000 
7.000 2.000 
8.000 2.000 
9.000 2.000 
10.000 2.000 
11.000 2.000 
12.000 2.000 
13.000 2.000 
14.000 2.000 
15.000 2.000 
16.000 2.000 
17.000 2.000 
18.000 2.000 
19.000 2.000 
20.000 2.000 
21.000 2.000 
22.000 2.000 
23.000 2.000 
24.000 2.000 
25.000 2.000 
26.000 2.000 
27.000 2.000 
28.000 2.000 
29.000 2.000 
30.000 2.000 
31.000 2.000 
32.000 2.001 
33.000 2.003 
34.000 2.004 
35.000 2.006 
36.000 2.009 
37.000 2.012 
38.000 2.015 
39.000 2.018 
40.000 2.021 
41.000 2.024 
42.000 2.028 
43.000 2.032 
44.000 2.035 
45.000 2.039 
46.000 2.043 
47.000 2.046 
48.000 2.050 
49.000 2.053 
50.000 2.056 
51.000 2.059 
52.000 2.062 
53.000 2.064 
54.000 2.067 
55.000 2.069 
56.000 2.071 
57.000 2.072 
58.000 2.073 
59.000 2.074 
60.000 2.075 
61.000 2.076 
62.000 2.076 
63.000 2.075 
64.000 2.075 
65.000 2.074 
66.000 2.073 
67.000 2.072 
68.000 2.071 
69.000 2.069 
70.000 2.068 
71.000 2.066 
72.000 2.064 
73.000 2.062 
74.000 2.059 
75.000 2.057 
76.000 2.055 
77.000 2.053 
78.000 2.050 
79.000 2.048 
80.000 2.046 
81.000 2.044 
82.000 2.042 
83.000 2.040 
84.000 2.038 
85.000 2.036 
86.000 2.035 
87.000 2.034 
88.000 2.032 
89.000 2.031 
90.000 2.031 
91.000 2.030 
92.000 2.030 
93.000 2.029 
94.000 2.029 
95.000 2.030 
96.000 2.030 
97.000 2.030 
98.000 2.031 
99.000 2.032 
100.000 2.033 
101.000 2.034 
102.000 2.035 
103.000 2.036 
104.000 2.038 
105.000 2.039 
106.000 2.041 
107.000 2.042 
108.000 2.044 
109.000 2.046 
110.000 2.047 
111.000 2.049 
112.000 2.050 
113.000 2.052 
114.000 2.053 
115.000 2.054 
116.000 2.056 
117.000 2.057 
118.000 2.058 
119.000 2.059 
120.000 2.060 
121.000 2.060 
122.000 2.061 
123.000 2.062 
124.000 2.062 
125.000 2.062 
126.000 2.062 
127.000 2.062 
128.000 2.062 
129.000 2.062 
130.000 2.061 
131.000 2.061 
132.000 2.060 
133.000 2.060 
134.000 2.059 
135.000 2.058 
136.000 2.057 
137.000 2.056 
138.000 2.055 
139.000 2.054 
140.000 2.053 
141.000 2.052 
142.000 2.051 
143.000 2.050 
144.000 2.049 
145.000 2.048 
146.000 2.047 
147.000 2.046 
148.000 2.046 
149.000 2.045 
150.000 2.044 
151.000 2.043 
152.000 2.043 
153.000 2.042 
154.000 2.042 
155.000 2.042 
156.000 2.041 
157.000 2.041 
158.000 2.041 
159.000 2.041 
160.000 2.041 
161.000 2.041 
162.000 2.042 
163.000 2.042 
164.000 2.042 
165.000 2.043 
166.000 2.043 
167.000 2.044 
168.000 2.045 
169.000 2.045 
170.000 2.046 
171.000 2.046 
172.000 2.047 
173.000 2.048 
174.000 2.049 
175.000 2.049 
176.000 2.050 
177.000 2.051 
178.000 2.051 
179.000 2.052 
180.000 2.052 
181.000 2.053 
182.000 2.053 
183.000 2.054 
184.000 2.054 
185.000 2.055 
186.000 2.055 
187.000 2.055 
188.000 2.055 
189.000 2.056 
190.000 2.056 
191.000 2.056 
192.000 2.056 
193.000 2.055 
194.000 2.055 
195.000 2.055 
196.000 2.055 
197.000 2.055 
198.000 2.054 
199.000 2.054 
200.000 2.054 
201.000 2.053 
202.000 2.053 
203.000 2.052 
204.000 2.052 
205.000 2.051 
206.000 2.051 
207.000 2.050 
208.000 2.050 
209.000 2.050 
210.000 2.049 
211.000 2.049 
212.000 2.048 
213.000 2.048 
214.000 2.048 
215.000 2.047 
216.000 2.047 
217.000 2.047 
218.000 2.047 
219.000 2.046 
220.000 2.046 
221.000 2.046 
222.000 2.046 
223.000 2.046 
224.000 2.046 
225.000 2.046 
226.000 2.046 
227.000 2.046 
228.000 2.047 
229.000 2.047 
230.000 2.047 
231.000 2.047 
232.000 2.047 
233.000 2.048 
234.000 2.048 
235.000 2.048 
236.000 2.049 
237.000 2.049 
238.000 2.049 
239.000 2.050 
240.000 2.050 
241.000 2.050 
242.000 2.050 
243.000 2.051 
244.000 2.051 
245.000 2.051 
246.000 2.051 
247.000 2.052 
248.000 2.052 
249.000 2.052 
250.000 2.052 
251.000 2.052 
252.000 2.052 
253.000 2.052 
254.000 2.052 
255.000 2.053 
256.000 2.053 
257.000 2.052 
258.000 2.052 
259.000 2.052 
260.000 2.052 
261.000 2.052 
262.000 2.052 
263.000 2.052 
264.000 2.052 
265.000 2.052 
266.000 2.051 
267.000 2.051 
268.000 2.051 
269.000 2.051 
270.000 2.051 
271.000 2.050 
272.000 2.050 
273.000 2.050 
274.000 2.050 
275.000 2.050 
276.000 2.049 
277.000 2.049 
278.000 2.049 
279.000 2.049 
280.000 2.049 
281.000 2.048 
282.000 2.047 
283.000 2.044 
284.000 2.040 
285.000 2.036 
286.000 2.031 
287.000 2.026 
288.000 2.020 
289.000 2.014 
290.000 2.007 
291.000 2.001 
292.000 1.993 
293.000 1.986 
294.000 1.979 
295.000 1.972 
296.000 1.965 
297.000 1.958 
298.000 1.951 
299.000 1.944 
300.000 1.938 
301.000 1.932 
302.000 1.926 
303.000 1.921 
304.000 1.917 
305.000 1.912 
306.000 1.909 
307.000 1.906 
308.000 1.903 
309.000 1.901 
310.000 1.900 
311.000 1.899 
312.000 1.899 
313.000 1.899 
314.000 1.900 
315.000 1.902 
316.000 1.904 
317.000 1.906 
318.000 1.909 
319.000 1.912 
320.000 1.915 
321.000 1.919 
322.000 1.923 
323.000 1.927 
324.000 1.931 
325.000 1.936 
326.000 1.940 
327.000 1.945 
328.000 1.949 
329.000 1.954 
330.000 1.958 
331.000 1.962 
332.000 1.966 
333.000 1.970 
334.000 1.974 
335.000 1.977 
336.000 1.980 
337.000 1.983 
338.000 1.985 
339.000 1.987 
340.000 1.988 
341.000 1.990 
342.000 1.990 
343.000 1.991 
344.000 1.991 
345.000 1.991 
346.000 1.990 
347.000 1.989 
348.000 1.988 
349.000 1.986 
350.000 1.984 
351.000 1.982 
352.000 1.980 
353.000 1.977 
354.000 1.974 
355.000 1.971 
356.000 1.968 
357.000 1.965 
358.000 1.962 
359.000 1.959 
360.000 1.956 
361.000 1.953 
362.000 1.950 
363.000 1.947 
364.000 1.944 
365.000 1.941 
366.000 1.939 
367.000 1.936 
368.000 1.934 
369.000 1.932 
370.000 1.931 
371.000 1.929 
372.000 1.928 
373.000 1.927 
374.000 1.926 
375.000 1.926 
376.000 1.926 
377.000 1.926 
378.000 1.926 
379.000 1.927 
380.000 1.927 
381.000 1.928 
382.000 1.929 
383.000 1.931 
384.000 1.932 
385.000 1.934 
386.000 1.936 
387.000 1.937 
388.000 1.939 
389.000 1.941 
390.000 1.943 
391.000 1.945 
392.000 1.947 
393.000 1.950 
394.000 1.952 
395.000 1.953 
396.000 1.955 
397.000 1.957 
398.000 1.959 
399.000 1.960 
400.000 1.962 
401.000 1.963 
402.000 1.964 
403.000 1.965 
404.000 1.966 
405.000 1.967 
406.000 1.967 
407.000 1.967 
408.000 1.967 
409.000 1.967 
410.000 1.967 
411.000 1.967 
412.000 1.966 
413.000 1.966 
414.000 1.965 
415.000 1.964 
416.000 1.963 
417.000 1.962 
418.000 1.961 
419.000 1.960 
420.000 1.958 
421.000 1.957 
422.000 1.956 
423.000 1.954 
424.000 1.953 
425.000 1.951 
426.000 1.950 
427.000 1.949 
428.000 1.948 
429.000 1.946 
430.000 1.945 
431.000 1.944 
432.000 1.943 
433.000 1.942 
434.000 1.941 
435.000 1.941 
436.000 1.940 
437.000 1.940 
438.000 1.939 
439.000 1.939 
440.000 1.939 
441.000 1.939 
442.000 1.939 
443.000 1.939 
444.000 1.939 
445.000 1.940 
446.000 1.940 
447.000 1.941 
448.000 1.941 
449.000 1.942 
450.000 1.943 
451.000 1.944 
452.000 1.945 
453.000 1.945 
454.000 1.946 
455.000 1.947 
456.000 1.948 
457.000 1.949 
458.000 1.950 
459.000 1.951 
460.000 1.952 
461.000 1.953 
462.000 1.953 
463.000 1.954 
464.000 1.955 
465.000 1.955 
466.000 1.956 
467.000 1.956 
468.000 1.957 
469.000 1.957 
470.000 1.957 
471.000 1.957 
472.000 1.958 
473.000 1.958 
474.000 1.958 
475.000 1.957 
476.000 1.957 
477.000 1.957 
478.000 1.957 
479.000 1.956 
480.000 1.956 
481.000 1.956 
482.000 1.955 
483.000 1.955 
484.000 1.954 
485.000 1.953 
486.000 1.953 
487.000 1.952 
488.000 1.952 
489.000 1.951 
490.000 1.950 
491.000 1.950 
492.000 1.949 
493.000 1.949 
494.000 1.948 
495.000 1.948 
496.000 1.947 
497.000 1.947 
498.000 1.946 
499.000 1.946 
500.000 1.946 
501.000 1.945 
502.000 1.945 
503.000 1.945 
504.000 1.945 
505.000 1.945 
506.000 1.945 
507.000 1.945 
508.000 1.945 
509.000 1.945 
510.000 1.946 
511.000 1.946 
512.000 1.946 
513.000 1.946 
514.000 1.947 
515.000 1.947 
516.000 1.947 
517.000 1.948 
518.000 1.948 
519.000 1.949 
520.000 1.949 
521.000 1.949 
522.000 1.950 
523.000 1.950 
524.000 1.951 
525.000 1.951 
526.000 1.951 
527.000 1.952 
528.000 1.952 
529.000 1.952 
530.000 1.952 
531.000 1.953 
532.000 1.955 
533.000 1.959 
534.000 1.964 
535.000 1.970 
536.000 1.977 
537.000 1.985 
538.000 1.994 
539.000 2.003 
540.000 2.013 
541.000 2.023 
542.000 2.033 
543.000 2.044 
544.000 2.055 
545.000 2.066 
546.000 2.076 
547.000 2.087 
548.000 2.097 
549.000 2.107 
550.000 2.117 
551.000 2.126 
552.000 2.135 
553.000 2.142 
554.000 2.149 
555.000 2.156 
556.000 2.161 
557.000 2.166 
558.000 2.170 
559.000 2.173 
560.000 2.175 
561.000 2.177 
562.000 2.177 
563.000 2.177 
564.000 2.176 
565.000 2.174 
566.000 2.171 
567.000 2.168 
568.000 2.164 
569.000 2.159 
570.000 2.154 
571.000 2.149 
572.000 2.143 
573.000 2.136 
574.000 2.130 
575.000 2.123 
576.000 2.116 
577.000 2.110 
578.000 2.103 
579.000 2.096 
580.000 2.089 
581.000 2.083 
582.000 2.077 
583.000 2.071 
584.000 2.066 
585.000 2.061 
586.000 2.056 
587.000 2.052 
588.000 2.048 
589.000 2.045 
590.000 2.043 
591.000 2.041 
592.000 2.040 
593.000 2.039 
594.000 2.039 
595.000 2.039 
596.000 2.040 
597.000 2.041 
598.000 2.043 
599.000 2.046 
600.000 2.048 
601.000 2.051 
602.000 2.055 
603.000 2.059 
604.000 2.063 
605.000 2.067 
606.000 2.072 
607.000 2.076 
608.000 2.081 
609.000 2.086 
610.000 2.090 
611.000 2.095 
612.000 2.100 
613.000 2.104 
614.000 2.109 
615.000 2.113 
616.000 2.116 
617.000 2.120 
618.000 2.123 
619.000 2.126 
620.000 2.129 
621.000 2.131 
622.000 2.133 
623.000 2.134 
624.000 2.136 
625.000 2.136 
626.000 2.137 
627.000 2.137 
628.000 2.136 
629.000 2.136 
630.000 2.134 
631.000 2.133 
632.000 2.131 
633.000 2.129 
634.000 2.127 
635.000 2.125 
636.000 2.122 
637.000 2.120 
638.000 2.117 
639.000 2.114 
640.000 2.111 
641.000 2.108 
642.000 2.104 
643.000 2.101 
644.000 2.098 
645.000 2.095 
646.000 2.093 
647.000 2.090 
648.000 2.087 
649.000 2.085 
650.000 2.083 
651.000 2.081 
652.000 2.079 
653.000 2.078 
654.000 2.076 
655.000 2.075 
656.000 2.075 
657.000 2.074 
658.000 2.074 
659.000 2.074 
660.000 2.074 
661.000 2.074 
662.000 2.075 
663.000 2.076 
664.000 2.077 
665.000 2.078 
666.000 2.080 
667.000 2.082 
668.000 2.083 
669.000 2.085 
670.000 2.087 
671.000 2.089 
672.000 2.091 
673.000 2.093 
674.000 2.095 
675.000 2.097 
676.000 2.099 
677.000 2.101 
678.000 2.103 
679.000 2.105 
680.000 2.107 
681.000 2.109 
682.000 2.110 
683.000 2.111 
684.000 2.113 
685.000 2.114 
686.000 2.115 
687.000 2.115 
688.000 2.116 
689.000 2.116 
690.000 2.117 
691.000 2.117 
692.000 2.117 
693.000 2.116 
694.000 2.116 
695.000 2.115 
696.000 2.115 
697.000 2.114 
698.000 2.113 
699.000 2.112 
700.000 2.111 
701.000 2.110 
702.000 2.108 
703.000 2.107 
704.000 2.106 
705.000 2.104 
706.000 2.103 
707.000 2.102 
708.000 2.100 
709.000 2.099 
710.000 2.098 
711.000 2.096 
712.000 2.095 
713.000 2.094 
714.000 2.093 
715.000 2.092 
716.000 2.091 
717.000 2.091 
718.000 2.090 
719.000 2.089 
720.000 2.089 
721.000 2.089 
722.000 2.089 
723.000 2.089 
724.000 2.089 
725.000 2.089 
726.000 2.089 
727.000 2.089 
728.000 2.090 
729.000 2.090 
730.000 2.091 
731.000 2.092 
732.000 2.092 
733.000 2.093 
734.000 2.094 
735.000 2.095 
736.000 2.096 
737.000 2.097 
738.000 2.097 
739.000 2.098 
740.000 2.099 
741.000 2.100 
742.000 2.101 
743.000 2.102 
744.000 2.103 
745.000 2.104 
746.000 2.104 
747.000 2.105 
748.000 2.105 
749.000 2.106 
750.000 2.106 
751.000 2.107 
752.000 2.107 
753.000 2.107 
754.000 2.107 
755.000 2.108 
756.000 2.108 
757.000 2.107 
758.000 2.107 
759.000 2.107 
760.000 2.107 
761.000 2.106 
762.000 2.106 
763.000 2.106 
764.000 2.105 
765.000 2.105 
766.000 2.104 
767.000 2.104 
768.000 2.103 
769.000 2.102 
770.000 2.102 
771.000 2.101 
772.000 2.101 
773.000 2.100 
774.000 2.099 
775.000 2.099 
776.000 2.098 
777.000 2.098 
778.000 2.097 
779.000 2.097 
780.000 2.096 
781.000 2.096 
782.000 2.093 
783.000 2.089 
784.000 2.083 
785.000 2.075 
786.000 2.066 
787.000 2.056 
788.000 2.045 
789.000 2.033 
790.000 2.020 
791.000 2.006 
792.000 1.992 
793.000 1.978 
794.000 1.964 
795.000 1.949 
796.000 1.935 
797.000 1.920 
798.000 1.906 
799.000 1.893 
800.000 1.880 
801.000 1.867 
802.000 1.856 
803.000 1.845 
804.000 1.835 
805.000 1.826 
806.000 1.819 
807.000 1.812 
808.000 1.806 
809.000 1.802 
810.000 1.799 
811.000 1.797 
812.000 1.796 
813.000 1.796 
814.000 1.797 
815.000 1.799 
816.000 1.803 
817.000 1.807 
818.000 1.812 
819.000 1.818 
820.000 1.825 
821.000 1.832 
822.000 1.840 
823.000 1.848 
824.000 1.857 
825.000 1.866 
826.000 1.875 
827.000 1.884 
828.000 1.893 
829.000 1.902 
830.000 1.911 
831.000 1.920 
832.000 1.928 
833.000 1.936 
834.000 1.944 
835.000 1.950 
836.000 1.957 
837.000 1.962 
838.000 1.967 
839.000 1.972 
840.000 1.975 
841.000 1.978 
842.000 1.980 
843.000 1.981 
844.000 1.982 
845.000 1.982 
846.000 1.981 
847.000 1.979 
848.000 1.977 
849.000 1.974 
850.000 1.970 
851.000 1.966 
852.000 1.962 
853.000 1.957 
854.000 1.951 
855.000 1.945 
856.000 1.940 
857.000 1.933 
858.000 1.927 
859.000 1.921 
860.000 1.914 
861.000 1.908 
862.000 1.902 
863.000 1.896 
864.000 1.890 
865.000 1.884 
866.000 1.879 
867.000 1.874 
868.000 1.870 
869.000 1.866 
870.000 1.862 
871.000 1.859 
872.000 1.856 
873.000 1.854 
874.000 1.853 
875.000 1.851 
876.000 1.851 
877.000 1.851 
878.000 1.851 
879.000 1.852 
880.000 1.853 
881.000 1.855 
882.000 1.857 
883.000 1.860 
884.000 1.862 
885.000 1.866 
886.000 1.869 
887.000 1.873 
888.000 1.876 
889.000 1.880 
890.000 1.884 
891.000 1.889 
892.000 1.893 
893.000 1.897 
894.000 1.901 
895.000 1.905 
896.000 1.909 
897.000 1.912 
898.000 1.916 
899.000 1.919 
900.000 1.922 
901.000 1.925 
902.000 1.927 
903.000 1.929 
904.000 1.931 
905.000 1.933 
906.000 1.934 
907.000 1.935 
908.000 1.935 
909.000 1.935 
910.000 1.935 
911.000 1.934 
912.000 1.934 
913.000 1.932 
914.000 1.931 
915.000 1.929 
916.000 1.927 
917.000 1.925 
918.000 1.923 
919.000 1.921 
920.000 1.918 
921.000 1.915 
922.000 1.913 
923.000 1.910 
924.000 1.907 
925.000 1.904 
926.000 1.902 
927.000 1.899 
928.000 1.896 
929.000 1.894 
930.000 1.891 
931.000 1.889 
932.000 1.887 
933.000 1.885 
934.000 1.883 
935.000 1.882 
936.000 1.881 
937.000 1.880 
938.000 1.879 
939.000 1.878 
940.000 1.878 
941.000 1.878 
942.000 1.878 
943.000 1.878 
944.000 1.878 
945.000 1.879 
946.000 1.880 
947.000 1.881 
948.000 1.882 
949.000 1.883 
950.000 1.885 
951.000 1.886 
952.000 1.888 
953.000 1.890 
954.000 1.892 
955.000 1.894 
956.000 1.895 
957.000 1.897 
958.000 1.899 
959.000 1.901 
960.000 1.903 
961.000 1.904 
962.000 1.906 
963.000 1.907 
964.000 1.909 
965.000 1.910 
966.000 1.911 
967.000 1.912 
968.000 1.913 
969.000 1.914 
970.000 1.915 
971.000 1.915 
972.000 1.915 
973.000 1.915 
974.000 1.915 
975.000 1.915 
976.000 1.915 
977.000 1.915 
978.000 1.914 
979.000 1.913 
980.000 1.913 
981.000 1.912 
982.000 1.911 
983.000 1.910 
984.000 1.909 
985.000 1.907 
986.000 1.906 
987.000 1.905 
988.000 1.904 
989.000 1.902 
990.000 1.901 
991.000 1.900 
992.000 1.899 
993.000 1.898 
994.000 1.897 
995.000 1.896 
996.000 1.895 
997.000 1.894 
998.000 1.893 
999.000 1.892 
1000.000 1.892 
1001.000 1.891 
1002.000 1.891 
1003.000 1.890 
1004.000 1.890 
1005.000 1.890 
1006.000 1.890 
1007.000 1.890 
1008.000 1.890 
1009.000 1.890 
1010.000 1.891 
1011.000 1.891 
1012.000 1.892 
1013.000 1.892 
1014.000 1.893 
1015.000 1.894 
1016.000 1.894 
1017.000 1.895 
1018.000 1.896 
1019.000 1.897 
1020.000 1.897 
1021.000 1.898 
1022.000 1.899 
1023.000 1.900 
1024.000 1.901 
1025.000 1.901 
1026.000 1.902 
1027.000 1.903 
1028.000 1.904 
1029.000 1.904 
1030.000 1.905 
1031.000 1.906 
1032.000 1.908 
1033.000 1.913 
1034.000 1.919 
1035.000 1.928 
1036.000 1.939 
1037.000 1.952 
1038.000 1.966 
1039.000 1.981 
1040.000 1.996 
1041.000 2.013 
1042.000 2.030 
1043.000 2.048 
1044.000 2.066 
1045.000 2.085 
1046.000 2.103 
1047.000 2.121 
1048.000 2.139 
1049.000 2.156 
1050.000 2.172 
1051.000 2.188 
1052.000 2.203 
1053.000 2.217 
1054.000 2.229 
1055.000 2.241 
1056.000 2.251 
1057.000 2.260 
1058.000 2.267 
1059.000 2.273 
1060.000 2.277 
1061.000 2.280 
1062.000 2.282 
1063.000 2.282 
1064.000 2.281 
1065.000 2.278 
1066.000 2.274 
1067.000 2.269 
1068.000 2.263 
1069.000 2.256 
1070.000 2.248 
1071.000 2.239 
1072.000 2.229 
1073.000 2.219 
1074.000 2.208 
1075.000 2.197 
1076.000 2.186 
1077.000 2.174 
1078.000 2.162 
1079.000 2.151 
1080.000 2.140 
1081.000 2.129 
1082.000 2.118 
1083.000 2.108 
1084.000 2.098 
1085.000 2.089 
1086.000 2.081 
1087.000 2.074 
1088.000 2.067 
1089.000 2.062 
1090.000 2.057 
1091.000 2.053 
1092.000 2.050 
1093.000 2.048 
1094.000 2.048 
1095.000 2.048 
1096.000 2.048 
1097.000 2.050 
1098.000 2.053 
1099.000 2.056 
1100.000 2.061 
1101.000 2.066 
1102.000 2.071 
1103.000 2.077 
1104.000 2.084 
1105.000 2.091 
1106.000 2.098 
1107.000 2.106 
1108.000 2.114 
1109.000 2.122 
1110.000 2.130 
1111.000 2.138 
1112.000 2.146 
1113.000 2.153 
1114.000 2.161 
1115.000 2.168 
1116.000 2.175 
1117.000 2.181 
1118.000 2.187 
1119.000 2.192 
1120.000 2.197 
1121.000 2.201 
1122.000 2.204 
1123.000 2.207 
1124.000 2.209 
1125.000 2.211 
1126.000 2.212 
1127.000 2.212 
1128.000 2.212 
1129.000 2.211 
1130.000 2.210 
1131.000 2.208 
1132.000 2.205 
1133.000 2.202 
1134.000 2.198 
1135.000 2.195 
1136.000 2.190 
1137.000 2.186 
1138.000 2.181 
1139.000 2.176 
1140.000 2.171 
1141.000 2.166 
1142.000 2.161 
1143.000 2.156 
1144.000 2.150 
1145.000 2.145 
1146.000 2.140 
1147.000 2.136 
1148.000 2.131 
1149.000 2.127 
1150.000 2.123 
1151.000 2.120 
1152.000 2.117 
1153.000 2.114 
1154.000 2.111 
1155.000 2.109 
1156.000 2.108 
1157.000 2.107 
1158.000 2.106 
1159.000 2.106 
1160.000 2.106 
1161.000 2.107 
1162.000 2.108 
1163.000 2.109 
1164.000 2.111 
1165.000 2.112 
1166.000 2.115 
1167.000 2.117 
1168.000 2.120 
1169.000 2.123 
1170.000 2.126 
1171.000 2.130 
1172.000 2.133 
1173.000 2.137 
1174.000 2.140 
1175.000 2.144 
1176.000 2.147 
1177.000 2.151 
1178.000 2.154 
1179.000 2.157 
1180.000 2.160 
1181.000 2.163 
1182.000 2.166 
1183.000 2.168 
1184.000 2.170 
1185.000 2.172 
1186.000 2.174 
1187.000 2.175 
1188.000 2.177 
1189.000 2.177 
1190.000 2.178 
1191.000 2.178 
1192.000 2.178 
1193.000 2.178 
1194.000 2.177 
1195.000 2.177 
1196.000 2.176 
1197.000 2.174 
1198.000 2.173 
1199.000 2.171 
1200.000 2.170 
1201.000 2.168 
1202.000 2.166 
1203.000 2.163 
1204.000 2.161 
1205.000 2.159 
1206.000 2.156 
1207.000 2.154 
1208.000 2.152 
1209.000 2.150 
1210.000 2.147 
1211.000 2.145 
1212.000 2.143 
1213.000 2.141 
1214.000 2.139 
1215.000 2.138 
1216.000 2.136 
1217.000 2.135 
1218.000 2.134 
1219.000 2.133 
1220.000 2.132 
1221.000 2.131 
1222.000 2.131 
1223.000 2.131 
1224.000 2.131 
1225.000 2.131 
1226.000 2.131 
1227.000 2.132 
1228.000 2.132 
1229.000 2.133 
1230.000 2.134 
1231.000 2.135 
1232.000 2.136 
1233.000 2.138 
1234.000 2.139 
1235.000 2.140 
1236.000 2.142 
1237.000 2.143 
1238.000 2.145 
1239.000 2.146 
1240.000 2.148 
1241.000 2.150 
1242.000 2.151 
1243.000 2.153 
1244.000 2.154 
1245.000 2.155 
1246.000 2.156 
1247.000 2.158 
1248.000 2.159 
1249.000 2.160 
1250.000 2.160 
1251.000 2.161 
1252.000 2.162 
1253.000 2.162 
1254.000 2.162 
1255.000 2.163 
1256.000 2.163 
1257.000 2.163 
1258.000 2.162 
1259.000 2.162 
1260.000 2.162 
1261.000 2.161 
1262.000 2.161 
1263.000 2.160 
1264.000 2.159 
1265.000 2.158 
1266.000 2.158 
1267.000 2.157 
1268.000 2.156 
1269.000 2.155 
1270.000 2.154 
