1.000 2.000 
2.000 2.000 
3.000 2.000 
4.000 2.000 
5.000 2.000 
6.000 2.000 
7.000 2.000 
8.000 2.000 
9.000 2.000 
10.000 2.000 
11.000 2.000 
12.000 2.000 
13.000 2.000 
14.000 2.000 
15.000 2.000 
16.000 2.000 
17.000 2.000 
18.000 2.000 
19.000 2.000 
20.000 2.000 
21.000 2.000 
22.000 2.000 
23.000 2.000 
24.000 2.000 
25.000 2.000 
26.000 2.000 
27.000 2.000 
28.000 2.000 
29.000 2.000 
30.000 2.000 
31.000 2.000 
32.000 2.001 
33.000 2.002 
34.000 2.004 
35.000 2.006 
36.000 2.008 
37.000 2.011 
38.000 2.014 
39.000 2.016 
40.000 2.019 
41.000 2.022 
42.000 2.025 
43.000 2.028 
44.000 2.031 
45.000 2.034 
46.000 2.037 
47.000 2.040 
48.000 2.043 
49.000 2.045 
50.000 2.047 
51.000 2.049 
52.000 2.051 
53.000 2.053 
54.000 2.054 
55.000 2.055 
56.000 2.056 
57.000 2.057 
58.000 2.057 
59.000 2.058 
60.000 2.058 
61.000 2.057 
62.000 2.057 
63.000 2.056 
64.000 2.055 
65.000 2.054 
66.000 2.053 
67.000 2.052 
68.000 2.051 
69.000 2.049 
70.000 2.048 
71.000 2.046 
72.000 2.044 
73.000 2.043 
74.000 2.041 
75.000 2.040 
76.000 2.038 
77.000 2.037 
78.000 2.035 
79.000 2.034 
80.000 2.033 
81.000 2.032 
82.000 2.031 
83.000 2.030 
84.000 2.030 
85.000 2.029 
86.000 2.029 
87.000 2.029 
88.000 2.028 
89.000 2.028 
90.000 2.029 
91.000 2.029 
92.000 2.029 
93.000 2.030 
94.000 2.030 
95.000 2.031 
96.000 2.032 
97.000 2.033 
98.000 2.033 
99.000 2.034 
100.000 2.035 
101.000 2.036 
102.000 2.037 
103.000 2.038 
104.000 2.039 
105.000 2.040 
106.000 2.041 
107.000 2.042 
108.000 2.043 
109.000 2.044 
110.000 2.044 
111.000 2.045 
112.000 2.046 
113.000 2.046 
114.000 2.047 
115.000 2.047 
116.000 2.047 
117.000 2.047 
118.000 2.048 
119.000 2.048 
120.000 2.048 
121.000 2.048 
122.000 2.048 
123.000 2.047 
124.000 2.047 
125.000 2.047 
126.000 2.046 
127.000 2.046 
128.000 2.046 
129.000 2.045 
130.000 2.045 
131.000 2.044 
132.000 2.044 
133.000 2.043 
134.000 2.043 
135.000 2.043 
136.000 2.042 
137.000 2.042 
138.000 2.041 
139.000 2.041 
140.000 2.041 
141.000 2.040 
142.000 2.040 
143.000 2.040 
144.000 2.040 
145.000 2.040 
146.000 2.039 
147.000 2.039 
148.000 2.039 
149.000 2.039 
150.000 2.040 
151.000 2.040 
152.000 2.040 
153.000 2.040 
154.000 2.040 
155.000 2.040 
156.000 2.041 
157.000 2.041 
158.000 2.041 
159.000 2.042 
160.000 2.042 
161.000 2.042 
162.000 2.043 
163.000 2.043 
164.000 2.043 
165.000 2.043 
166.000 2.044 
167.000 2.044 
168.000 2.044 
169.000 2.045 
170.000 2.045 
171.000 2.045 
172.000 2.045 
173.000 2.046 
174.000 2.046 
175.000 2.046 
176.000 2.046 
177.000 2.046 
178.000 2.046 
179.000 2.046 
180.000 2.046 
181.000 2.046 
182.000 2.046 
183.000 2.046 
184.000 2.046 
185.000 2.046 
186.000 2.046 
187.000 2.046 
188.000 2.046 
189.000 2.046 
190.000 2.045 
191.000 2.045 
192.000 2.045 
193.000 2.045 
194.000 2.045 
195.000 2.045 
196.000 2.045 
197.000 2.045 
198.000 2.044 
199.000 2.044 
200.000 2.044 
201.000 2.044 
202.000 2.044 
203.000 2.044 
204.000 2.044 
205.000 2.044 
206.000 2.044 
207.000 2.044 
208.000 2.044 
209.000 2.044 
210.000 2.044 
211.000 2.044 
212.000 2.044 
213.000 2.044 
214.000 2.044 
215.000 2.044 
216.000 2.045 
217.000 2.045 
218.000 2.045 
219.000 2.045 
220.000 2.045 
221.000 2.045 
222.000 2.045 
223.000 2.045 
224.000 2.045 
225.000 2.046 
226.000 2.046 
227.000 2.046 
228.000 2.046 
229.000 2.046 
230.000 2.046 
231.000 2.046 
232.000 2.046 
233.000 2.046 
234.000 2.046 
235.000 2.046 
236.000 2.046 
237.000 2.047 
238.000 2.047 
239.000 2.047 
240.000 2.047 
241.000 2.047 
242.000 2.047 
243.000 2.047 
244.000 2.047 
245.000 2.047 
246.000 2.047 
247.000 2.047 
248.000 2.047 
249.000 2.047 
250.000 2.047 
251.000 2.046 
252.000 2.046 
253.000 2.046 
254.000 2.046 
255.000 2.046 
256.000 2.046 
257.000 2.046 
258.000 2.046 
259.000 2.046 
260.000 2.046 
261.000 2.046 
262.000 2.046 
263.000 2.046 
264.000 2.046 
265.000 2.046 
266.000 2.046 
267.000 2.046 
268.000 2.046 
269.000 2.046 
270.000 2.046 
271.000 2.046 
272.000 2.046 
273.000 2.046 
274.000 2.046 
275.000 2.047 
276.000 2.047 
277.000 2.047 
278.000 2.047 
279.000 2.047 
280.000 2.047 
281.000 2.046 
282.000 2.045 
283.000 2.042 
284.000 2.039 
285.000 2.035 
286.000 2.031 
287.000 2.026 
288.000 2.021 
289.000 2.015 
290.000 2.009 
291.000 2.003 
292.000 1.997 
293.000 1.991 
294.000 1.985 
295.000 1.979 
296.000 1.974 
297.000 1.968 
298.000 1.963 
299.000 1.958 
300.000 1.953 
301.000 1.949 
302.000 1.945 
303.000 1.942 
304.000 1.939 
305.000 1.937 
306.000 1.935 
307.000 1.934 
308.000 1.933 
309.000 1.932 
310.000 1.932 
311.000 1.933 
312.000 1.934 
313.000 1.935 
314.000 1.937 
315.000 1.938 
316.000 1.941 
317.000 1.943 
318.000 1.946 
319.000 1.949 
320.000 1.952 
321.000 1.955 
322.000 1.958 
323.000 1.961 
324.000 1.964 
325.000 1.967 
326.000 1.970 
327.000 1.973 
328.000 1.976 
329.000 1.979 
330.000 1.981 
331.000 1.983 
332.000 1.985 
333.000 1.987 
334.000 1.988 
335.000 1.989 
336.000 1.990 
337.000 1.990 
338.000 1.991 
339.000 1.991 
340.000 1.991 
341.000 1.990 
342.000 1.989 
343.000 1.988 
344.000 1.987 
345.000 1.986 
346.000 1.985 
347.000 1.983 
348.000 1.981 
349.000 1.980 
350.000 1.978 
351.000 1.976 
352.000 1.974 
353.000 1.972 
354.000 1.970 
355.000 1.968 
356.000 1.966 
357.000 1.964 
358.000 1.963 
359.000 1.961 
360.000 1.960 
361.000 1.958 
362.000 1.957 
363.000 1.956 
364.000 1.955 
365.000 1.954 
366.000 1.954 
367.000 1.953 
368.000 1.953 
369.000 1.953 
370.000 1.953 
371.000 1.953 
372.000 1.953 
373.000 1.953 
374.000 1.954 
375.000 1.954 
376.000 1.955 
377.000 1.956 
378.000 1.957 
379.000 1.958 
380.000 1.958 
381.000 1.959 
382.000 1.960 
383.000 1.961 
384.000 1.962 
385.000 1.963 
386.000 1.964 
387.000 1.965 
388.000 1.966 
389.000 1.966 
390.000 1.967 
391.000 1.968 
392.000 1.968 
393.000 1.969 
394.000 1.969 
395.000 1.969 
396.000 1.970 
397.000 1.970 
398.000 1.970 
399.000 1.970 
400.000 1.970 
401.000 1.969 
402.000 1.969 
403.000 1.969 
404.000 1.968 
405.000 1.968 
406.000 1.967 
407.000 1.967 
408.000 1.966 
409.000 1.966 
410.000 1.965 
411.000 1.964 
412.000 1.964 
413.000 1.963 
414.000 1.962 
415.000 1.962 
416.000 1.961 
417.000 1.961 
418.000 1.960 
419.000 1.959 
420.000 1.959 
421.000 1.959 
422.000 1.958 
423.000 1.958 
424.000 1.957 
425.000 1.957 
426.000 1.957 
427.000 1.957 
428.000 1.957 
429.000 1.957 
430.000 1.957 
431.000 1.957 
432.000 1.957 
433.000 1.957 
434.000 1.957 
435.000 1.957 
436.000 1.957 
437.000 1.957 
438.000 1.958 
439.000 1.958 
440.000 1.958 
441.000 1.958 
442.000 1.959 
443.000 1.959 
444.000 1.959 
445.000 1.959 
446.000 1.960 
447.000 1.960 
448.000 1.960 
449.000 1.960 
450.000 1.960 
451.000 1.961 
452.000 1.961 
453.000 1.961 
454.000 1.961 
455.000 1.961 
456.000 1.961 
457.000 1.961 
458.000 1.961 
459.000 1.961 
460.000 1.961 
461.000 1.961 
462.000 1.961 
463.000 1.960 
464.000 1.960 
465.000 1.960 
466.000 1.960 
467.000 1.960 
468.000 1.960 
469.000 1.959 
470.000 1.959 
471.000 1.959 
472.000 1.959 
473.000 1.958 
474.000 1.958 
475.000 1.958 
476.000 1.958 
477.000 1.957 
478.000 1.957 
479.000 1.957 
480.000 1.957 
481.000 1.957 
482.000 1.957 
483.000 1.956 
484.000 1.956 
485.000 1.956 
486.000 1.956 
487.000 1.956 
488.000 1.956 
489.000 1.956 
490.000 1.956 
491.000 1.956 
492.000 1.956 
493.000 1.956 
494.000 1.956 
495.000 1.956 
496.000 1.956 
497.000 1.956 
498.000 1.956 
499.000 1.956 
500.000 1.956 
501.000 1.956 
502.000 1.956 
503.000 1.956 
504.000 1.956 
505.000 1.956 
506.000 1.956 
507.000 1.957 
508.000 1.957 
509.000 1.957 
510.000 1.957 
511.000 1.957 
512.000 1.957 
513.000 1.957 
514.000 1.957 
515.000 1.957 
516.000 1.957 
517.000 1.957 
518.000 1.957 
519.000 1.957 
520.000 1.957 
521.000 1.957 
522.000 1.956 
523.000 1.956 
524.000 1.956 
525.000 1.956 
526.000 1.956 
527.000 1.956 
528.000 1.956 
529.000 1.956 
530.000 1.956 
531.000 1.956 
532.000 1.958 
533.000 1.961 
534.000 1.966 
535.000 1.971 
536.000 1.978 
537.000 1.985 
538.000 1.993 
539.000 2.001 
540.000 2.009 
541.000 2.018 
542.000 2.027 
543.000 2.036 
544.000 2.045 
545.000 2.054 
546.000 2.063 
547.000 2.072 
548.000 2.080 
549.000 2.087 
550.000 2.094 
551.000 2.101 
552.000 2.106 
553.000 2.112 
554.000 2.116 
555.000 2.120 
556.000 2.123 
557.000 2.125 
558.000 2.127 
559.000 2.128 
560.000 2.128 
561.000 2.127 
562.000 2.126 
563.000 2.124 
564.000 2.122 
565.000 2.119 
566.000 2.116 
567.000 2.112 
568.000 2.108 
569.000 2.104 
570.000 2.100 
571.000 2.095 
572.000 2.090 
573.000 2.085 
574.000 2.081 
575.000 2.076 
576.000 2.071 
577.000 2.067 
578.000 2.063 
579.000 2.059 
580.000 2.055 
581.000 2.052 
582.000 2.049 
583.000 2.047 
584.000 2.044 
585.000 2.043 
586.000 2.041 
587.000 2.040 
588.000 2.040 
589.000 2.040 
590.000 2.040 
591.000 2.040 
592.000 2.041 
593.000 2.043 
594.000 2.044 
595.000 2.046 
596.000 2.048 
597.000 2.050 
598.000 2.053 
599.000 2.056 
600.000 2.058 
601.000 2.061 
602.000 2.064 
603.000 2.067 
604.000 2.070 
605.000 2.073 
606.000 2.076 
607.000 2.078 
608.000 2.081 
609.000 2.083 
610.000 2.086 
611.000 2.088 
612.000 2.090 
613.000 2.091 
614.000 2.093 
615.000 2.094 
616.000 2.095 
617.000 2.096 
618.000 2.096 
619.000 2.096 
620.000 2.097 
621.000 2.096 
622.000 2.096 
623.000 2.096 
624.000 2.095 
625.000 2.094 
626.000 2.093 
627.000 2.092 
628.000 2.091 
629.000 2.090 
630.000 2.088 
631.000 2.087 
632.000 2.086 
633.000 2.084 
634.000 2.083 
635.000 2.081 
636.000 2.080 
637.000 2.079 
638.000 2.077 
639.000 2.076 
640.000 2.075 
641.000 2.074 
642.000 2.073 
643.000 2.073 
644.000 2.072 
645.000 2.072 
646.000 2.071 
647.000 2.071 
648.000 2.071 
649.000 2.071 
650.000 2.071 
651.000 2.071 
652.000 2.072 
653.000 2.072 
654.000 2.073 
655.000 2.074 
656.000 2.074 
657.000 2.075 
658.000 2.076 
659.000 2.077 
660.000 2.078 
661.000 2.079 
662.000 2.080 
663.000 2.081 
664.000 2.082 
665.000 2.083 
666.000 2.083 
667.000 2.084 
668.000 2.085 
669.000 2.086 
670.000 2.087 
671.000 2.087 
672.000 2.088 
673.000 2.089 
674.000 2.089 
675.000 2.090 
676.000 2.090 
677.000 2.090 
678.000 2.090 
679.000 2.091 
680.000 2.091 
681.000 2.091 
682.000 2.091 
683.000 2.091 
684.000 2.090 
685.000 2.090 
686.000 2.090 
687.000 2.090 
688.000 2.089 
689.000 2.089 
690.000 2.089 
691.000 2.088 
692.000 2.088 
693.000 2.087 
694.000 2.087 
695.000 2.087 
696.000 2.086 
697.000 2.086 
698.000 2.086 
699.000 2.085 
700.000 2.085 
701.000 2.085 
702.000 2.084 
703.000 2.084 
704.000 2.084 
705.000 2.084 
706.000 2.084 
707.000 2.084 
708.000 2.084 
709.000 2.084 
710.000 2.084 
711.000 2.084 
712.000 2.084 
713.000 2.085 
714.000 2.085 
715.000 2.085 
716.000 2.085 
717.000 2.086 
718.000 2.086 
719.000 2.086 
720.000 2.087 
721.000 2.087 
722.000 2.087 
723.000 2.088 
724.000 2.088 
725.000 2.088 
726.000 2.089 
727.000 2.089 
728.000 2.089 
729.000 2.090 
730.000 2.090 
731.000 2.090 
732.000 2.090 
733.000 2.091 
734.000 2.091 
735.000 2.091 
736.000 2.091 
737.000 2.091 
738.000 2.091 
739.000 2.091 
740.000 2.091 
741.000 2.091 
742.000 2.091 
743.000 2.091 
744.000 2.091 
745.000 2.091 
746.000 2.091 
747.000 2.091 
748.000 2.091 
749.000 2.091 
750.000 2.091 
751.000 2.091 
752.000 2.091 
753.000 2.091 
754.000 2.091 
755.000 2.091 
756.000 2.091 
757.000 2.090 
758.000 2.090 
759.000 2.090 
760.000 2.090 
761.000 2.090 
762.000 2.090 
763.000 2.090 
764.000 2.090 
765.000 2.090 
766.000 2.090 
767.000 2.090 
768.000 2.090 
769.000 2.090 
770.000 2.090 
771.000 2.090 
772.000 2.091 
773.000 2.091 
774.000 2.091 
775.000 2.091 
776.000 2.091 
777.000 2.091 
778.000 2.091 
779.000 2.091 
780.000 2.091 
781.000 2.091 
782.000 2.089 
783.000 2.086 
784.000 2.080 
785.000 2.073 
786.000 2.065 
787.000 2.056 
788.000 2.046 
789.000 2.035 
790.000 2.024 
791.000 2.012 
792.000 2.000 
793.000 1.988 
794.000 1.976 
795.000 1.964 
796.000 1.952 
797.000 1.941 
798.000 1.930 
799.000 1.919 
800.000 1.910 
801.000 1.901 
802.000 1.893 
803.000 1.886 
804.000 1.879 
805.000 1.874 
806.000 1.870 
807.000 1.866 
808.000 1.864 
809.000 1.863 
810.000 1.862 
811.000 1.862 
812.000 1.864 
813.000 1.866 
814.000 1.869 
815.000 1.872 
816.000 1.876 
817.000 1.881 
818.000 1.886 
819.000 1.892 
820.000 1.898 
821.000 1.904 
822.000 1.910 
823.000 1.917 
824.000 1.923 
825.000 1.929 
826.000 1.935 
827.000 1.941 
828.000 1.947 
829.000 1.952 
830.000 1.957 
831.000 1.962 
832.000 1.966 
833.000 1.969 
834.000 1.973 
835.000 1.975 
836.000 1.977 
837.000 1.979 
838.000 1.979 
839.000 1.980 
840.000 1.980 
841.000 1.979 
842.000 1.978 
843.000 1.976 
844.000 1.974 
845.000 1.972 
846.000 1.969 
847.000 1.966 
848.000 1.963 
849.000 1.960 
850.000 1.956 
851.000 1.952 
852.000 1.948 
853.000 1.944 
854.000 1.941 
855.000 1.937 
856.000 1.933 
857.000 1.929 
858.000 1.926 
859.000 1.923 
860.000 1.919 
861.000 1.917 
862.000 1.914 
863.000 1.912 
864.000 1.910 
865.000 1.908 
866.000 1.907 
867.000 1.905 
868.000 1.905 
869.000 1.904 
870.000 1.904 
871.000 1.904 
872.000 1.904 
873.000 1.905 
874.000 1.906 
875.000 1.907 
876.000 1.908 
877.000 1.909 
878.000 1.911 
879.000 1.913 
880.000 1.914 
881.000 1.916 
882.000 1.918 
883.000 1.920 
884.000 1.922 
885.000 1.924 
886.000 1.926 
887.000 1.927 
888.000 1.929 
889.000 1.931 
890.000 1.932 
891.000 1.933 
892.000 1.934 
893.000 1.935 
894.000 1.936 
895.000 1.937 
896.000 1.938 
897.000 1.938 
898.000 1.938 
899.000 1.938 
900.000 1.938 
901.000 1.938 
902.000 1.937 
903.000 1.937 
904.000 1.936 
905.000 1.935 
906.000 1.934 
907.000 1.933 
908.000 1.932 
909.000 1.931 
910.000 1.930 
911.000 1.928 
912.000 1.927 
913.000 1.926 
914.000 1.924 
915.000 1.923 
916.000 1.922 
917.000 1.921 
918.000 1.920 
919.000 1.919 
920.000 1.917 
921.000 1.917 
922.000 1.916 
923.000 1.915 
924.000 1.914 
925.000 1.914 
926.000 1.913 
927.000 1.913 
928.000 1.912 
929.000 1.912 
930.000 1.912 
931.000 1.912 
932.000 1.912 
933.000 1.912 
934.000 1.912 
935.000 1.913 
936.000 1.913 
937.000 1.913 
938.000 1.914 
939.000 1.914 
940.000 1.915 
941.000 1.915 
942.000 1.916 
943.000 1.916 
944.000 1.917 
945.000 1.917 
946.000 1.918 
947.000 1.918 
948.000 1.919 
949.000 1.919 
950.000 1.920 
951.000 1.920 
952.000 1.920 
953.000 1.920 
954.000 1.921 
955.000 1.921 
956.000 1.921 
957.000 1.921 
958.000 1.921 
959.000 1.921 
960.000 1.921 
961.000 1.921 
962.000 1.920 
963.000 1.920 
964.000 1.920 
965.000 1.920 
966.000 1.919 
967.000 1.919 
968.000 1.918 
969.000 1.918 
970.000 1.918 
971.000 1.917 
972.000 1.917 
973.000 1.916 
974.000 1.916 
975.000 1.915 
976.000 1.915 
977.000 1.914 
978.000 1.914 
979.000 1.914 
980.000 1.913 
981.000 1.913 
982.000 1.913 
983.000 1.912 
984.000 1.912 
985.000 1.912 
986.000 1.912 
987.000 1.912 
988.000 1.911 
989.000 1.911 
990.000 1.911 
991.000 1.911 
992.000 1.911 
993.000 1.911 
994.000 1.911 
995.000 1.911 
996.000 1.911 
997.000 1.911 
998.000 1.911 
999.000 1.911 
1000.000 1.912 
1001.000 1.912 
1002.000 1.912 
1003.000 1.912 
1004.000 1.912 
1005.000 1.912 
1006.000 1.912 
1007.000 1.912 
1008.000 1.913 
1009.000 1.913 
1010.000 1.913 
1011.000 1.913 
1012.000 1.913 
1013.000 1.913 
1014.000 1.913 
1015.000 1.913 
1016.000 1.913 
1017.000 1.913 
1018.000 1.913 
1019.000 1.913 
1020.000 1.913 
1021.000 1.913 
1022.000 1.912 
1023.000 1.912 
1024.000 1.912 
1025.000 1.912 
1026.000 1.912 
1027.000 1.912 
1028.000 1.912 
1029.000 1.911 
1030.000 1.911 
1031.000 1.912 
1032.000 1.913 
1033.000 1.917 
1034.000 1.923 
1035.000 1.932 
1036.000 1.942 
1037.000 1.953 
1038.000 1.965 
1039.000 1.978 
1040.000 1.992 
1041.000 2.007 
1042.000 2.022 
1043.000 2.037 
1044.000 2.052 
1045.000 2.067 
1046.000 2.082 
1047.000 2.096 
1048.000 2.110 
1049.000 2.123 
1050.000 2.135 
1051.000 2.147 
1052.000 2.157 
1053.000 2.166 
1054.000 2.175 
1055.000 2.182 
1056.000 2.187 
1057.000 2.192 
1058.000 2.195 
1059.000 2.197 
1060.000 2.198 
1061.000 2.198 
1062.000 2.197 
1063.000 2.194 
1064.000 2.191 
1065.000 2.187 
1066.000 2.182 
1067.000 2.176 
1068.000 2.170 
1069.000 2.163 
1070.000 2.156 
1071.000 2.148 
1072.000 2.140 
1073.000 2.132 
1074.000 2.124 
1075.000 2.116 
1076.000 2.109 
1077.000 2.101 
1078.000 2.094 
1079.000 2.087 
1080.000 2.081 
1081.000 2.075 
1082.000 2.070 
1083.000 2.065 
1084.000 2.061 
1085.000 2.058 
1086.000 2.055 
1087.000 2.053 
1088.000 2.051 
1089.000 2.051 
1090.000 2.051 
1091.000 2.051 
1092.000 2.053 
1093.000 2.054 
1094.000 2.057 
1095.000 2.060 
1096.000 2.063 
1097.000 2.066 
1098.000 2.070 
1099.000 2.075 
1100.000 2.079 
1101.000 2.084 
1102.000 2.089 
1103.000 2.094 
1104.000 2.098 
1105.000 2.103 
1106.000 2.108 
1107.000 2.113 
1108.000 2.117 
1109.000 2.121 
1110.000 2.125 
1111.000 2.129 
1112.000 2.132 
1113.000 2.135 
1114.000 2.138 
1115.000 2.140 
1116.000 2.142 
1117.000 2.143 
1118.000 2.145 
1119.000 2.145 
1120.000 2.146 
1121.000 2.146 
1122.000 2.145 
1123.000 2.145 
1124.000 2.144 
1125.000 2.142 
1126.000 2.141 
1127.000 2.139 
1128.000 2.137 
1129.000 2.135 
1130.000 2.133 
1131.000 2.131 
1132.000 2.129 
1133.000 2.126 
1134.000 2.124 
1135.000 2.121 
1136.000 2.119 
1137.000 2.117 
1138.000 2.115 
1139.000 2.113 
1140.000 2.111 
1141.000 2.109 
1142.000 2.108 
1143.000 2.106 
1144.000 2.105 
1145.000 2.104 
1146.000 2.104 
1147.000 2.103 
1148.000 2.103 
1149.000 2.103 
1150.000 2.103 
1151.000 2.103 
1152.000 2.104 
1153.000 2.104 
1154.000 2.105 
1155.000 2.106 
1156.000 2.107 
1157.000 2.109 
1158.000 2.110 
1159.000 2.111 
1160.000 2.113 
1161.000 2.114 
1162.000 2.116 
1163.000 2.118 
1164.000 2.119 
1165.000 2.121 
1166.000 2.122 
1167.000 2.124 
1168.000 2.125 
1169.000 2.127 
1170.000 2.128 
1171.000 2.129 
1172.000 2.131 
1173.000 2.132 
1174.000 2.132 
1175.000 2.133 
1176.000 2.134 
1177.000 2.134 
1178.000 2.135 
1179.000 2.135 
1180.000 2.135 
1181.000 2.135 
1182.000 2.135 
1183.000 2.135 
1184.000 2.135 
1185.000 2.135 
1186.000 2.134 
1187.000 2.134 
1188.000 2.133 
1189.000 2.133 
1190.000 2.132 
1191.000 2.131 
1192.000 2.131 
1193.000 2.130 
1194.000 2.129 
1195.000 2.129 
1196.000 2.128 
1197.000 2.128 
1198.000 2.127 
1199.000 2.126 
1200.000 2.126 
1201.000 2.126 
1202.000 2.125 
1203.000 2.125 
1204.000 2.125 
1205.000 2.124 
1206.000 2.124 
1207.000 2.124 
1208.000 2.124 
1209.000 2.124 
1210.000 2.124 
1211.000 2.124 
1212.000 2.125 
1213.000 2.125 
1214.000 2.125 
1215.000 2.126 
1216.000 2.126 
1217.000 2.127 
1218.000 2.127 
1219.000 2.128 
1220.000 2.128 
1221.000 2.129 
1222.000 2.129 
1223.000 2.130 
1224.000 2.130 
1225.000 2.131 
1226.000 2.131 
1227.000 2.132 
1228.000 2.133 
1229.000 2.133 
1230.000 2.133 
1231.000 2.134 
1232.000 2.134 
1233.000 2.135 
1234.000 2.135 
1235.000 2.135 
1236.000 2.136 
1237.000 2.136 
1238.000 2.136 
1239.000 2.136 
1240.000 2.136 
1241.000 2.136 
1242.000 2.136 
1243.000 2.136 
1244.000 2.136 
1245.000 2.136 
1246.000 2.136 
1247.000 2.136 
1248.000 2.136 
1249.000 2.136 
1250.000 2.136 
1251.000 2.136 
1252.000 2.135 
1253.000 2.135 
1254.000 2.135 
1255.000 2.135 
1256.000 2.135 
1257.000 2.135 
1258.000 2.135 
1259.000 2.134 
1260.000 2.134 
1261.000 2.134 
1262.000 2.134 
1263.000 2.134 
1264.000 2.134 
1265.000 2.134 
1266.000 2.134 
1267.000 2.134 
1268.000 2.134 
1269.000 2.134 
1270.000 2.134 
