1.000 -0.001 
2.000 -0.001 
3.000 -0.001 
4.000 -0.001 
5.000 -0.001 
6.000 -0.001 
7.000 -0.001 
8.000 -0.001 
9.000 -0.001 
10.000 0.000 
11.000 0.001 
12.000 0.001 
13.000 0.003 
14.000 0.004 
15.000 0.006 
16.000 0.007 
17.000 0.010 
18.000 0.012 
19.000 0.014 
20.000 0.017 
21.000 0.019 
22.000 0.022 
23.000 0.025 
24.000 0.029 
25.000 0.031 
26.000 0.035 
27.000 0.038 
28.000 0.041 
29.000 0.044 
30.000 0.048 
31.000 0.052 
32.000 0.057 
33.000 0.060 
34.000 0.064 
35.000 0.067 
36.000 0.070 
37.000 0.075 
38.000 0.078 
39.000 0.082 
40.000 0.085 
41.000 0.089 
42.000 0.093 
43.000 0.096 
44.000 0.099 
45.000 0.102 
46.000 0.106 
47.000 0.108 
48.000 0.112 
49.000 0.114 
50.000 0.117 
51.000 0.120 
52.000 0.123 
53.000 0.125 
54.000 0.129 
55.000 0.131 
56.000 0.133 
57.000 0.136 
58.000 0.139 
59.000 0.142 
60.000 0.144 
61.000 0.148 
62.000 0.150 
63.000 0.153 
64.000 0.155 
65.000 0.158 
66.000 0.160 
67.000 0.162 
68.000 0.165 
69.000 0.167 
70.000 0.169 
71.000 0.172 
72.000 0.174 
73.000 0.177 
74.000 0.178 
75.000 0.180 
76.000 0.183 
77.000 0.185 
78.000 0.188 
79.000 0.189 
80.000 0.191 
81.000 0.193 
82.000 0.196 
83.000 0.197 
84.000 0.198 
85.000 0.201 
86.000 0.202 
87.000 0.204 
88.000 0.207 
89.000 0.208 
90.000 0.209 
91.000 0.212 
92.000 0.213 
93.000 0.214 
94.000 0.216 
95.000 0.218 
96.000 0.219 
97.000 0.220 
98.000 0.221 
99.000 0.224 
100.000 0.225 
101.000 0.226 
102.000 0.227 
103.000 0.228 
104.000 0.230 
105.000 0.231 
106.000 0.232 
107.000 0.233 
108.000 0.234 
109.000 0.237 
110.000 0.238 
111.000 0.239 
112.000 0.240 
113.000 0.242 
114.000 0.243 
115.000 0.244 
116.000 0.245 
117.000 0.246 
118.000 0.249 
119.000 0.249 
120.000 0.250 
121.000 0.251 
122.000 0.253 
123.000 0.254 
124.000 0.255 
125.000 0.256 
126.000 0.256 
127.000 0.257 
128.000 0.257 
129.000 0.258 
130.000 0.258 
131.000 0.260 
132.000 0.261 
133.000 0.261 
134.000 0.262 
135.000 0.262 
136.000 0.263 
137.000 0.264 
138.000 0.264 
139.000 0.266 
140.000 0.267 
141.000 0.267 
142.000 0.268 
143.000 0.268 
144.000 0.269 
145.000 0.270 
146.000 0.270 
147.000 0.270 
148.000 0.272 
149.000 0.272 
150.000 0.273 
151.000 0.274 
152.000 0.274 
153.000 0.275 
154.000 0.277 
155.000 0.278 
156.000 0.279 
157.000 0.280 
158.000 0.281 
159.000 0.281 
160.000 0.283 
161.000 0.284 
162.000 0.285 
163.000 0.286 
164.000 0.287 
165.000 0.288 
166.000 0.288 
167.000 0.290 
168.000 0.290 
169.000 0.291 
170.000 0.291 
171.000 0.292 
172.000 0.292 
173.000 0.293 
174.000 0.293 
175.000 0.293 
176.000 0.294 
177.000 0.294 
178.000 0.296 
179.000 0.297 
180.000 0.298 
181.000 0.299 
182.000 0.301 
183.000 0.302 
184.000 0.302 
185.000 0.303 
186.000 0.303 
187.000 0.303 
188.000 0.304 
189.000 0.304 
190.000 0.305 
191.000 0.305 
192.000 0.307 
193.000 0.307 
194.000 0.308 
195.000 0.308 
196.000 0.309 
197.000 0.308 
198.000 0.309 
199.000 0.309 
200.000 0.309 
201.000 0.310 
202.000 0.310 
203.000 0.311 
204.000 0.311 
205.000 0.311 
206.000 0.311 
207.000 0.311 
208.000 0.311 
209.000 0.312 
210.000 0.312 
211.000 0.312 
212.000 0.312 
213.000 0.312 
214.000 0.312 
215.000 0.312 
216.000 0.312 
217.000 0.312 
218.000 0.312 
219.000 0.312 
220.000 0.312 
221.000 0.312 
222.000 0.312 
223.000 0.312 
224.000 0.312 
225.000 0.312 
226.000 0.312 
227.000 0.312 
228.000 0.312 
229.000 0.312 
230.000 0.312 
231.000 0.312 
232.000 0.312 
233.000 0.312 
234.000 0.312 
235.000 0.314 
236.000 0.314 
237.000 0.315 
238.000 0.315 
239.000 0.316 
240.000 0.316 
241.000 0.316 
242.000 0.317 
243.000 0.317 
244.000 0.318 
245.000 0.318 
246.000 0.318 
247.000 0.318 
248.000 0.320 
249.000 0.320 
250.000 0.320 
251.000 0.320 
252.000 0.320 
253.000 0.320 
254.000 0.320 
255.000 0.320 
256.000 0.320 
257.000 0.320 
258.000 0.320 
259.000 0.320 
260.000 0.320 
261.000 0.320 
262.000 0.320 
263.000 0.320 
264.000 0.320 
265.000 0.321 
266.000 0.321 
267.000 0.321 
268.000 0.322 
269.000 0.322 
270.000 0.322 
271.000 0.323 
272.000 0.323 
273.000 0.323 
274.000 0.323 
275.000 0.323 
276.000 0.325 
277.000 0.325 
278.000 0.325 
279.000 0.325 
280.000 0.325 
281.000 0.326 
282.000 0.326 
283.000 0.326 
284.000 0.326 
285.000 0.325 
286.000 0.325 
287.000 0.325 
288.000 0.325 
289.000 0.325 
290.000 0.325 
291.000 0.325 
292.000 0.326 
293.000 0.326 
294.000 0.325 
295.000 0.326 
296.000 0.326 
297.000 0.326 
298.000 0.326 
299.000 0.327 
300.000 0.327 
301.000 0.327 
302.000 0.327 
303.000 0.328 
304.000 0.328 
305.000 0.328 
306.000 0.329 
307.000 0.329 
308.000 0.329 
309.000 0.329 
310.000 0.329 
311.000 0.329 
312.000 0.329 
313.000 0.331 
314.000 0.331 
315.000 0.331 
316.000 0.331 
317.000 0.331 
318.000 0.331 
319.000 0.331 
320.000 0.331 
321.000 0.331 
322.000 0.331 
323.000 0.331 
324.000 0.331 
325.000 0.331 
326.000 0.331 
327.000 0.331 
328.000 0.331 
329.000 0.331 
330.000 0.331 
331.000 0.331 
332.000 0.331 
333.000 0.331 
334.000 0.331 
335.000 0.331 
336.000 0.331 
337.000 0.332 
338.000 0.332 
339.000 0.332 
340.000 0.332 
341.000 0.332 
342.000 0.331 
343.000 0.332 
344.000 0.332 
345.000 0.332 
346.000 0.332 
347.000 0.332 
348.000 0.332 
349.000 0.332 
350.000 0.332 
351.000 0.332 
352.000 0.332 
353.000 0.332 
354.000 0.332 
355.000 0.333 
356.000 0.333 
357.000 0.333 
358.000 0.333 
359.000 0.333 
360.000 0.333 
361.000 0.333 
362.000 0.333 
363.000 0.333 
364.000 0.333 
365.000 0.333 
366.000 0.333 
367.000 0.333 
368.000 0.333 
369.000 0.333 
370.000 0.333 
371.000 0.334 
372.000 0.334 
373.000 0.334 
374.000 0.334 
375.000 0.334 
376.000 0.335 
377.000 0.335 
378.000 0.335 
379.000 0.335 
380.000 0.335 
381.000 0.335 
382.000 0.335 
383.000 0.335 
384.000 0.335 
385.000 0.337 
386.000 0.337 
387.000 0.337 
388.000 0.337 
389.000 0.337 
390.000 0.337 
391.000 0.337 
392.000 0.337 
393.000 0.337 
394.000 0.337 
395.000 0.337 
396.000 0.337 
397.000 0.338 
398.000 0.338 
399.000 0.338 
400.000 0.338 
401.000 0.338 
402.000 0.338 
403.000 0.338 
404.000 0.337 
405.000 0.337 
406.000 0.337 
407.000 0.337 
408.000 0.337 
409.000 0.337 
410.000 0.337 
411.000 0.338 
412.000 0.338 
413.000 0.338 
414.000 0.338 
415.000 0.339 
416.000 0.339 
417.000 0.339 
418.000 0.339 
419.000 0.339 
420.000 0.340 
421.000 0.340 
422.000 0.340 
423.000 0.341 
424.000 0.341 
425.000 0.341 
426.000 0.343 
427.000 0.343 
428.000 0.343 
429.000 0.344 
430.000 0.344 
431.000 0.344 
432.000 0.344 
433.000 0.343 
434.000 0.343 
435.000 0.343 
436.000 0.343 
437.000 0.343 
438.000 0.341 
439.000 0.341 
440.000 0.341 
441.000 0.341 
442.000 0.341 
443.000 0.341 
444.000 0.341 
445.000 0.341 
446.000 0.341 
447.000 0.341 
448.000 0.341 
449.000 0.341 
450.000 0.340 
451.000 0.340 
452.000 0.341 
453.000 0.340 
454.000 0.341 
455.000 0.341 
456.000 0.341 
457.000 0.341 
458.000 0.341 
459.000 0.341 
460.000 0.341 
461.000 0.341 
462.000 0.341 
463.000 0.341 
464.000 0.341 
465.000 0.341 
466.000 0.341 
467.000 0.341 
468.000 0.340 
469.000 0.340 
470.000 0.340 
471.000 0.341 
472.000 0.341 
473.000 0.341 
474.000 0.343 
475.000 0.343 
476.000 0.343 
477.000 0.343 
478.000 0.343 
479.000 0.344 
480.000 0.344 
481.000 0.344 
482.000 0.344 
483.000 0.344 
484.000 0.344 
485.000 0.344 
486.000 0.345 
487.000 0.345 
488.000 0.345 
489.000 0.346 
490.000 0.346 
491.000 0.347 
492.000 0.347 
493.000 0.347 
494.000 0.347 
495.000 0.346 
496.000 0.346 
497.000 0.346 
498.000 0.346 
499.000 0.345 
500.000 0.345 
501.000 0.345 
502.000 0.345 
503.000 0.345 
504.000 0.344 
505.000 0.344 
506.000 0.344 
507.000 0.343 
508.000 0.343 
509.000 0.343 
510.000 0.341 
511.000 0.341 
512.000 0.341 
513.000 0.341 
514.000 0.341 
515.000 0.341 
516.000 0.341 
517.000 0.341 
518.000 0.341 
519.000 0.341 
520.000 0.341 
521.000 0.341 
522.000 0.341 
523.000 0.341 
524.000 0.343 
525.000 0.343 
526.000 0.343 
527.000 0.343 
528.000 0.343 
529.000 0.343 
530.000 0.344 
531.000 0.344 
532.000 0.345 
533.000 0.345 
534.000 0.345 
535.000 0.345 
536.000 0.345 
537.000 0.346 
538.000 0.346 
539.000 0.346 
540.000 0.346 
541.000 0.346 
542.000 0.346 
543.000 0.346 
544.000 0.346 
545.000 0.346 
546.000 0.346 
547.000 0.346 
548.000 0.346 
549.000 0.346 
550.000 0.346 
551.000 0.346 
552.000 0.346 
553.000 0.346 
554.000 0.346 
555.000 0.346 
556.000 0.346 
557.000 0.345 
558.000 0.345 
559.000 0.345 
560.000 0.345 
561.000 0.345 
562.000 0.345 
563.000 0.345 
564.000 0.344 
565.000 0.345 
566.000 0.344 
567.000 0.344 
568.000 0.344 
569.000 0.344 
570.000 0.344 
571.000 0.344 
572.000 0.344 
573.000 0.344 
574.000 0.344 
575.000 0.344 
576.000 0.344 
577.000 0.344 
578.000 0.345 
579.000 0.345 
580.000 0.345 
581.000 0.345 
582.000 0.345 
583.000 0.345 
584.000 0.345 
585.000 0.345 
586.000 0.344 
587.000 0.344 
588.000 0.345 
589.000 0.344 
590.000 0.344 
591.000 0.344 
592.000 0.344 
593.000 0.344 
594.000 0.344 
595.000 0.344 
596.000 0.344 
597.000 0.345 
598.000 0.345 
599.000 0.346 
600.000 0.346 
601.000 0.346 
602.000 0.346 
603.000 0.346 
604.000 0.346 
605.000 0.346 
606.000 0.346 
607.000 0.346 
608.000 0.346 
609.000 0.346 
610.000 0.346 
611.000 0.347 
612.000 0.347 
613.000 0.347 
614.000 0.347 
615.000 0.347 
616.000 0.347 
617.000 0.347 
618.000 0.347 
619.000 0.347 
620.000 0.347 
621.000 0.347 
622.000 0.347 
623.000 0.347 
624.000 0.349 
625.000 0.349 
626.000 0.349 
627.000 0.349 
628.000 0.350 
629.000 0.350 
630.000 0.350 
631.000 0.350 
632.000 0.349 
633.000 0.349 
634.000 0.349 
635.000 0.349 
636.000 0.349 
637.000 0.349 
638.000 0.349 
639.000 0.350 
640.000 0.350 
641.000 0.350 
642.000 0.350 
643.000 0.351 
644.000 0.351 
645.000 0.351 
646.000 0.350 
647.000 0.350 
648.000 0.350 
649.000 0.351 
650.000 0.351 
651.000 0.351 
652.000 0.351 
653.000 0.351 
654.000 0.351 
655.000 0.351 
656.000 0.351 
657.000 0.350 
658.000 0.350 
659.000 0.350 
660.000 0.349 
661.000 0.349 
662.000 0.349 
663.000 0.347 
664.000 0.347 
665.000 0.347 
666.000 0.347 
667.000 0.346 
668.000 0.346 
669.000 0.346 
670.000 0.346 
671.000 0.346 
672.000 0.346 
673.000 0.346 
674.000 0.346 
675.000 0.345 
676.000 0.345 
677.000 0.345 
678.000 0.345 
679.000 0.345 
680.000 0.344 
681.000 0.344 
682.000 0.344 
683.000 0.343 
684.000 0.344 
685.000 0.344 
686.000 0.344 
687.000 0.344 
688.000 0.344 
689.000 0.344 
690.000 0.344 
691.000 0.344 
692.000 0.344 
693.000 0.344 
694.000 0.343 
695.000 0.343 
696.000 0.343 
697.000 0.343 
698.000 0.343 
699.000 0.343 
700.000 0.341 
701.000 0.341 
702.000 0.341 
703.000 0.341 
704.000 0.341 
705.000 0.341 
706.000 0.341 
707.000 0.341 
708.000 0.341 
709.000 0.341 
710.000 0.343 
711.000 0.343 
712.000 0.343 
713.000 0.343 
714.000 0.343 
715.000 0.344 
716.000 0.344 
717.000 0.344 
718.000 0.344 
719.000 0.344 
720.000 0.344 
721.000 0.344 
722.000 0.344 
723.000 0.344 
724.000 0.344 
725.000 0.345 
726.000 0.345 
727.000 0.346 
728.000 0.346 
729.000 0.347 
730.000 0.347 
731.000 0.347 
732.000 0.347 
733.000 0.347 
734.000 0.347 
735.000 0.347 
736.000 0.347 
737.000 0.347 
738.000 0.347 
739.000 0.347 
740.000 0.347 
741.000 0.349 
742.000 0.349 
743.000 0.349 
744.000 0.349 
745.000 0.349 
746.000 0.349 
747.000 0.347 
748.000 0.349 
749.000 0.349 
750.000 0.349 
751.000 0.349 
752.000 0.347 
753.000 0.349 
754.000 0.347 
755.000 0.347 
756.000 0.347 
757.000 0.347 
758.000 0.347 
759.000 0.347 
760.000 0.346 
761.000 0.346 
762.000 0.346 
763.000 0.346 
764.000 0.345 
765.000 0.345 
766.000 0.345 
767.000 0.345 
768.000 0.345 
769.000 0.345 
770.000 0.345 
771.000 0.345 
772.000 0.345 
773.000 0.345 
774.000 0.345 
775.000 0.345 
776.000 0.344 
777.000 0.345 
778.000 0.344 
779.000 0.344 
780.000 0.344 
781.000 0.344 
782.000 0.344 
783.000 0.344 
784.000 0.345 
785.000 0.345 
786.000 0.345 
787.000 0.346 
788.000 0.346 
789.000 0.346 
790.000 0.346 
791.000 0.345 
792.000 0.345 
793.000 0.345 
794.000 0.345 
795.000 0.345 
796.000 0.345 
797.000 0.345 
798.000 0.345 
799.000 0.346 
800.000 0.346 
801.000 0.346 
802.000 0.346 
803.000 0.346 
804.000 0.346 
805.000 0.346 
806.000 0.347 
807.000 0.347 
808.000 0.347 
809.000 0.347 
810.000 0.347 
811.000 0.347 
812.000 0.347 
813.000 0.347 
814.000 0.349 
815.000 0.347 
816.000 0.347 
817.000 0.349 
818.000 0.349 
819.000 0.349 
820.000 0.349 
821.000 0.349 
822.000 0.349 
823.000 0.349 
824.000 0.349 
825.000 0.349 
826.000 0.349 
827.000 0.349 
828.000 0.349 
829.000 0.349 
830.000 0.349 
831.000 0.349 
832.000 0.349 
833.000 0.349 
834.000 0.349 
835.000 0.349 
836.000 0.349 
837.000 0.349 
838.000 0.349 
839.000 0.350 
840.000 0.349 
841.000 0.349 
842.000 0.349 
843.000 0.349 
844.000 0.349 
845.000 0.349 
846.000 0.349 
847.000 0.350 
848.000 0.350 
849.000 0.350 
850.000 0.350 
851.000 0.349 
852.000 0.349 
853.000 0.350 
854.000 0.350 
855.000 0.350 
856.000 0.350 
857.000 0.350 
858.000 0.351 
859.000 0.351 
860.000 0.352 
861.000 0.352 
862.000 0.352 
863.000 0.352 
864.000 0.352 
865.000 0.352 
866.000 0.352 
867.000 0.353 
868.000 0.353 
869.000 0.353 
870.000 0.353 
871.000 0.353 
872.000 0.355 
873.000 0.355 
874.000 0.355 
875.000 0.355 
876.000 0.355 
877.000 0.355 
878.000 0.355 
879.000 0.355 
880.000 0.353 
881.000 0.353 
882.000 0.352 
883.000 0.352 
884.000 0.352 
885.000 0.351 
886.000 0.351 
887.000 0.351 
888.000 0.351 
889.000 0.351 
890.000 0.351 
891.000 0.351 
892.000 0.351 
893.000 0.350 
894.000 0.350 
895.000 0.350 
896.000 0.350 
897.000 0.350 
898.000 0.350 
899.000 0.350 
900.000 0.350 
901.000 0.350 
902.000 0.350 
903.000 0.350 
904.000 0.350 
905.000 0.350 
906.000 0.351 
907.000 0.351 
908.000 0.351 
909.000 0.351 
910.000 0.351 
911.000 0.352 
912.000 0.352 
913.000 0.352 
914.000 0.352 
915.000 0.353 
916.000 0.353 
917.000 0.353 
918.000 0.353 
919.000 0.353 
920.000 0.353 
921.000 0.353 
922.000 0.352 
923.000 0.352 
924.000 0.352 
925.000 0.352 
926.000 0.352 
927.000 0.352 
928.000 0.351 
929.000 0.351 
930.000 0.351 
931.000 0.351 
932.000 0.351 
933.000 0.350 
934.000 0.350 
935.000 0.350 
936.000 0.350 
937.000 0.350 
938.000 0.350 
939.000 0.350 
940.000 0.350 
941.000 0.349 
942.000 0.349 
943.000 0.349 
944.000 0.349 
945.000 0.349 
946.000 0.349 
947.000 0.349 
948.000 0.349 
949.000 0.349 
950.000 0.349 
951.000 0.350 
952.000 0.350 
953.000 0.351 
954.000 0.351 
955.000 0.352 
956.000 0.352 
957.000 0.352 
958.000 0.352 
959.000 0.352 
960.000 0.351 
961.000 0.351 
962.000 0.351 
963.000 0.350 
964.000 0.350 
965.000 0.350 
966.000 0.349 
967.000 0.349 
968.000 0.349 
969.000 0.347 
970.000 0.347 
971.000 0.347 
972.000 0.347 
973.000 0.347 
974.000 0.346 
975.000 0.346 
976.000 0.346 
977.000 0.346 
978.000 0.346 
979.000 0.346 
980.000 0.346 
981.000 0.346 
982.000 0.346 
983.000 0.346 
984.000 0.346 
985.000 0.346 
986.000 0.346 
987.000 0.346 
988.000 0.346 
989.000 0.346 
990.000 0.346 
991.000 0.346 
992.000 0.346 
993.000 0.346 
