1.000 3.000 
2.000 3.000 
3.000 3.000 
4.000 3.000 
5.000 3.000 
6.000 3.000 
7.000 3.000 
8.000 3.000 
9.000 3.000 
10.000 3.000 
11.000 3.000 
12.000 2.994 
13.000 2.982 
14.000 2.967 
15.000 2.947 
16.000 2.925 
17.000 2.901 
18.000 2.875 
19.000 2.847 
20.000 2.818 
21.000 2.789 
22.000 2.759 
23.000 2.729 
24.000 2.700 
25.000 2.670 
26.000 2.641 
27.000 2.612 
28.000 2.584 
29.000 2.557 
30.000 2.531 
31.000 2.505 
32.000 2.480 
33.000 2.456 
34.000 2.433 
35.000 2.410 
36.000 2.389 
37.000 2.368 
38.000 2.349 
39.000 2.330 
40.000 2.312 
41.000 2.295 
42.000 2.279 
43.000 2.263 
44.000 2.248 
45.000 2.234 
46.000 2.221 
47.000 2.208 
48.000 2.196 
49.000 2.185 
50.000 2.174 
51.000 2.164 
52.000 2.154 
53.000 2.145 
54.000 2.137 
55.000 2.128 
56.000 2.121 
57.000 2.114 
58.000 2.107 
59.000 2.100 
60.000 2.094 
61.000 2.088 
62.000 2.083 
63.000 2.078 
64.000 2.073 
65.000 2.069 
66.000 2.064 
67.000 2.060 
68.000 2.057 
69.000 2.053 
70.000 2.050 
71.000 2.047 
72.000 2.044 
73.000 2.041 
74.000 2.039 
75.000 2.036 
76.000 2.034 
77.000 2.032 
78.000 2.030 
79.000 2.028 
80.000 2.026 
81.000 2.024 
82.000 2.023 
83.000 2.021 
84.000 2.020 
85.000 2.019 
86.000 2.018 
87.000 2.016 
88.000 2.015 
89.000 2.014 
90.000 2.014 
91.000 2.013 
92.000 2.012 
93.000 2.011 
94.000 2.010 
95.000 2.010 
96.000 2.009 
97.000 2.008 
98.000 2.008 
99.000 2.007 
100.000 2.007 
101.000 2.007 
102.000 2.006 
103.000 2.006 
104.000 2.005 
105.000 2.005 
106.000 2.005 
107.000 2.004 
108.000 2.004 
109.000 2.004 
110.000 2.004 
111.000 2.003 
112.000 2.003 
113.000 2.003 
114.000 2.003 
115.000 2.003 
116.000 2.002 
117.000 2.002 
118.000 2.002 
119.000 2.002 
120.000 2.002 
121.000 2.002 
122.000 2.002 
123.000 2.001 
124.000 2.001 
125.000 2.001 
126.000 2.001 
127.000 2.001 
128.000 2.001 
129.000 2.001 
130.000 2.001 
131.000 2.001 
132.000 2.001 
133.000 2.001 
134.000 2.001 
135.000 2.001 
136.000 2.001 
137.000 2.001 
138.000 2.001 
139.000 2.001 
140.000 2.000 
141.000 2.000 
142.000 2.000 
143.000 2.000 
144.000 2.000 
145.000 2.000 
146.000 2.000 
147.000 2.000 
148.000 2.000 
149.000 2.000 
150.000 2.000 
151.000 2.000 
