1.000 4.000 
2.000 4.000 
3.000 4.000 
4.000 4.000 
5.000 4.000 
6.000 4.000 
7.000 4.000 
8.000 4.000 
9.000 4.000 
10.000 4.000 
11.000 4.000 
12.000 3.988 
13.000 3.965 
14.000 3.933 
15.000 3.895 
16.000 3.851 
17.000 3.802 
18.000 3.749 
19.000 3.694 
20.000 3.637 
21.000 3.578 
22.000 3.519 
23.000 3.459 
24.000 3.399 
25.000 3.340 
26.000 3.282 
27.000 3.225 
28.000 3.169 
29.000 3.114 
30.000 3.061 
31.000 3.010 
32.000 2.960 
33.000 2.912 
34.000 2.865 
35.000 2.821 
36.000 2.778 
37.000 2.737 
38.000 2.697 
39.000 2.660 
40.000 2.624 
41.000 2.590 
42.000 2.557 
43.000 2.526 
44.000 2.497 
45.000 2.468 
46.000 2.442 
47.000 2.416 
48.000 2.392 
49.000 2.370 
50.000 2.348 
51.000 2.328 
52.000 2.309 
53.000 2.290 
54.000 2.273 
55.000 2.257 
56.000 2.242 
57.000 2.227 
58.000 2.213 
59.000 2.200 
60.000 2.188 
61.000 2.177 
62.000 2.166 
63.000 2.156 
64.000 2.146 
65.000 2.137 
66.000 2.129 
67.000 2.121 
68.000 2.113 
69.000 2.106 
70.000 2.100 
71.000 2.094 
72.000 2.088 
73.000 2.082 
74.000 2.077 
75.000 2.072 
76.000 2.068 
77.000 2.063 
78.000 2.059 
79.000 2.056 
80.000 2.052 
81.000 2.049 
82.000 2.046 
83.000 2.043 
84.000 2.040 
85.000 2.038 
86.000 2.035 
87.000 2.033 
88.000 2.031 
89.000 2.029 
90.000 2.027 
91.000 2.025 
92.000 2.024 
93.000 2.022 
94.000 2.021 
95.000 2.019 
96.000 2.018 
97.000 2.017 
98.000 2.016 
99.000 2.015 
100.000 2.014 
101.000 2.013 
102.000 2.012 
103.000 2.011 
104.000 2.011 
105.000 2.010 
106.000 2.009 
107.000 2.009 
108.000 2.008 
109.000 2.008 
110.000 2.007 
111.000 2.007 
112.000 2.006 
113.000 2.006 
114.000 2.005 
115.000 2.005 
116.000 2.005 
117.000 2.004 
118.000 2.004 
119.000 2.004 
120.000 2.004 
121.000 2.003 
122.000 2.003 
123.000 2.003 
124.000 2.003 
125.000 2.003 
126.000 2.002 
127.000 2.002 
128.000 2.002 
129.000 2.002 
130.000 2.002 
131.000 2.002 
132.000 2.002 
133.000 2.002 
134.000 2.001 
135.000 2.001 
136.000 2.001 
137.000 2.001 
138.000 2.001 
139.000 2.001 
140.000 2.001 
141.000 2.001 
142.000 2.001 
143.000 2.001 
144.000 2.001 
145.000 2.001 
146.000 2.001 
147.000 2.001 
148.000 2.001 
149.000 2.001 
150.000 2.000 
151.000 2.000 
