1.000 0.000 
2.000 0.000 
3.000 0.000 
4.000 0.000 
5.000 0.000 
6.000 0.000 
7.000 0.000 
8.000 0.000 
9.000 0.000 
10.000 0.000 
11.000 0.010 
12.000 0.038 
13.000 0.081 
14.000 0.137 
15.000 0.203 
16.000 0.277 
17.000 0.358 
18.000 0.444 
19.000 0.533 
20.000 0.625 
21.000 0.719 
22.000 0.814 
23.000 0.908 
24.000 1.002 
25.000 1.096 
26.000 1.187 
27.000 1.277 
28.000 1.365 
29.000 1.451 
30.000 1.534 
31.000 1.614 
32.000 1.692 
33.000 1.767 
34.000 1.839 
35.000 1.909 
36.000 1.975 
37.000 2.039 
38.000 2.100 
39.000 2.159 
40.000 2.214 
41.000 2.267 
42.000 2.318 
43.000 2.366 
44.000 2.412 
45.000 2.455 
46.000 2.497 
47.000 2.536 
48.000 2.573 
49.000 2.608 
50.000 2.641 
51.000 2.673 
52.000 2.702 
53.000 2.731 
54.000 2.757 
55.000 2.782 
56.000 2.806 
57.000 2.828 
58.000 2.849 
59.000 2.869 
60.000 2.888 
61.000 2.906 
62.000 2.922 
63.000 2.938 
64.000 2.953 
65.000 2.966 
66.000 2.979 
67.000 2.992 
68.000 3.003 
69.000 3.014 
70.000 3.024 
71.000 3.034 
72.000 3.043 
73.000 3.051 
74.000 3.059 
75.000 3.067 
76.000 3.074 
77.000 3.080 
78.000 3.086 
79.000 3.092 
80.000 3.098 
81.000 3.103 
82.000 3.107 
83.000 3.112 
84.000 3.116 
85.000 3.120 
86.000 3.124 
87.000 3.127 
88.000 3.130 
89.000 3.133 
90.000 3.136 
91.000 3.139 
92.000 3.141 
93.000 3.144 
94.000 3.146 
95.000 3.148 
96.000 3.150 
97.000 3.152 
98.000 3.153 
99.000 3.155 
100.000 3.156 
101.000 3.158 
102.000 3.159 
103.000 3.160 
104.000 3.161 
105.000 3.163 
106.000 3.164 
107.000 3.164 
108.000 3.165 
109.000 3.166 
110.000 3.167 
111.000 3.168 
112.000 3.168 
113.000 3.169 
114.000 3.169 
115.000 3.170 
116.000 3.171 
117.000 3.171 
118.000 3.171 
119.000 3.172 
120.000 3.172 
121.000 3.173 
122.000 3.173 
123.000 3.173 
124.000 3.174 
125.000 3.174 
126.000 3.174 
127.000 3.174 
128.000 3.175 
129.000 3.175 
130.000 3.175 
131.000 3.175 
132.000 3.175 
133.000 3.176 
134.000 3.176 
135.000 3.176 
136.000 3.176 
137.000 3.176 
138.000 3.176 
139.000 3.176 
140.000 3.176 
141.000 3.176 
142.000 3.177 
143.000 3.177 
144.000 3.177 
145.000 3.177 
146.000 3.177 
147.000 3.177 
148.000 3.177 
149.000 3.177 
150.000 3.177 
151.000 3.177 
152.000 3.177 
153.000 3.177 
154.000 3.177 
155.000 3.177 
156.000 3.177 
157.000 3.177 
158.000 3.177 
159.000 3.177 
160.000 3.177 
161.000 3.177 
162.000 3.178 
163.000 3.178 
164.000 3.178 
165.000 3.178 
166.000 3.178 
167.000 3.178 
168.000 3.178 
169.000 3.178 
170.000 3.178 
171.000 3.178 
172.000 3.178 
173.000 3.178 
174.000 3.178 
175.000 3.178 
176.000 3.178 
177.000 3.178 
178.000 3.178 
179.000 3.178 
180.000 3.178 
181.000 3.178 
182.000 3.178 
183.000 3.178 
184.000 3.178 
185.000 3.178 
186.000 3.178 
187.000 3.178 
188.000 3.178 
189.000 3.178 
190.000 3.178 
191.000 3.178 
192.000 3.178 
193.000 3.178 
194.000 3.178 
195.000 3.178 
196.000 3.178 
197.000 3.178 
198.000 3.178 
199.000 3.178 
200.000 3.178 
201.000 3.178 
202.000 3.178 
203.000 3.178 
204.000 3.178 
205.000 3.178 
206.000 3.178 
207.000 3.178 
208.000 3.178 
209.000 3.178 
210.000 3.178 
211.000 3.178 
212.000 3.178 
213.000 3.178 
214.000 3.178 
215.000 3.178 
216.000 3.178 
217.000 3.178 
218.000 3.178 
219.000 3.178 
220.000 3.178 
221.000 3.178 
222.000 3.178 
223.000 3.178 
224.000 3.178 
225.000 3.178 
226.000 3.178 
227.000 3.178 
228.000 3.178 
229.000 3.178 
230.000 3.178 
231.000 3.178 
232.000 3.178 
233.000 3.178 
234.000 3.178 
235.000 3.178 
236.000 3.178 
237.000 3.178 
238.000 3.178 
239.000 3.178 
240.000 3.178 
241.000 3.178 
242.000 3.178 
243.000 3.178 
244.000 3.178 
245.000 3.178 
246.000 3.178 
247.000 3.178 
248.000 3.178 
249.000 3.178 
250.000 3.178 
251.000 3.178 
252.000 3.178 
253.000 3.178 
254.000 3.178 
255.000 3.178 
256.000 3.178 
257.000 3.178 
258.000 3.178 
259.000 3.178 
260.000 3.178 
261.000 3.178 
262.000 3.178 
263.000 3.178 
264.000 3.178 
265.000 3.178 
266.000 3.178 
267.000 3.178 
268.000 3.178 
269.000 3.178 
270.000 3.178 
271.000 3.178 
272.000 3.178 
273.000 3.178 
274.000 3.178 
275.000 3.178 
276.000 3.178 
277.000 3.178 
278.000 3.178 
279.000 3.178 
280.000 3.178 
281.000 3.178 
282.000 3.178 
283.000 3.178 
284.000 3.178 
285.000 3.178 
286.000 3.178 
287.000 3.178 
288.000 3.178 
289.000 3.178 
