1.000 2.000 
2.000 2.000 
3.000 2.000 
4.000 2.000 
5.000 2.000 
6.000 2.000 
7.000 2.000 
8.000 2.000 
9.000 2.000 
10.000 2.000 
11.000 2.000 
12.000 2.000 
13.000 2.000 
14.000 2.000 
15.000 2.000 
16.000 2.000 
17.000 2.000 
18.000 2.000 
19.000 2.000 
20.000 2.000 
21.000 2.000 
22.000 2.000 
23.000 2.000 
24.000 2.000 
25.000 2.000 
26.000 2.000 
27.000 2.000 
28.000 2.000 
29.000 2.000 
30.000 2.000 
31.000 2.000 
32.000 2.000 
33.000 2.000 
34.000 2.000 
35.000 2.000 
36.000 2.000 
37.000 2.000 
38.000 2.000 
39.000 2.000 
40.000 2.000 
41.000 2.000 
42.000 2.000 
43.000 2.000 
44.000 2.000 
45.000 2.000 
46.000 2.000 
47.000 2.000 
48.000 2.000 
49.000 2.000 
50.000 2.000 
51.000 2.000 
52.000 2.000 
53.000 2.000 
54.000 2.000 
55.000 2.000 
56.000 2.000 
57.000 2.000 
58.000 2.000 
59.000 2.000 
60.000 2.000 
61.000 2.000 
62.000 2.000 
63.000 2.000 
64.000 2.000 
65.000 2.000 
66.000 2.000 
67.000 2.000 
68.000 2.000 
69.000 2.000 
70.000 2.000 
71.000 2.000 
72.000 2.000 
73.000 2.000 
74.000 2.000 
75.000 2.000 
76.000 2.000 
77.000 2.000 
78.000 2.000 
79.000 2.000 
80.000 2.000 
81.000 2.000 
82.000 2.000 
83.000 2.000 
84.000 2.000 
85.000 2.000 
86.000 2.000 
87.000 2.000 
88.000 2.000 
89.000 2.000 
90.000 2.000 
91.000 2.000 
92.000 2.000 
93.000 2.000 
94.000 2.000 
95.000 2.000 
96.000 2.000 
97.000 2.000 
98.000 2.000 
99.000 2.000 
100.000 2.000 
101.000 2.000 
102.000 2.000 
103.000 2.000 
104.000 2.000 
105.000 2.000 
106.000 2.000 
107.000 2.000 
108.000 2.000 
109.000 2.000 
110.000 2.000 
111.000 2.000 
112.000 2.000 
113.000 2.000 
114.000 2.000 
115.000 2.000 
116.000 2.000 
117.000 2.000 
118.000 2.000 
119.000 2.000 
120.000 2.000 
121.000 2.000 
122.000 2.000 
123.000 2.000 
124.000 2.000 
125.000 2.000 
126.000 2.000 
127.000 2.000 
128.000 2.000 
129.000 2.000 
130.000 2.000 
131.000 2.000 
132.000 2.000 
133.000 2.000 
134.000 2.000 
135.000 2.000 
136.000 2.000 
137.000 2.000 
138.000 2.000 
139.000 2.000 
140.000 2.000 
141.000 2.000 
142.000 2.000 
143.000 2.000 
144.000 2.000 
145.000 2.000 
146.000 2.000 
147.000 2.000 
148.000 2.000 
149.000 2.000 
150.000 2.000 
151.000 2.000 
