1.000 1.100 
2.000 1.100 
3.000 1.100 
4.000 1.100 
5.000 1.100 
6.000 1.100 
7.000 1.100 
8.000 1.100 
9.000 1.100 
10.000 1.100 
11.000 1.100 
12.000 1.100 
13.000 1.100 
14.000 1.100 
15.000 1.100 
16.000 1.100 
17.000 1.100 
18.000 1.100 
19.000 1.100 
20.000 1.100 
21.000 1.100 
22.000 1.100 
23.000 1.100 
24.000 1.100 
25.000 1.100 
26.000 1.100 
27.000 1.100 
28.000 1.100 
29.000 1.100 
30.000 1.100 
31.000 1.100 
32.000 1.100 
33.000 1.100 
34.000 1.100 
35.000 1.100 
36.000 1.100 
37.000 1.100 
38.000 1.100 
39.000 1.100 
40.000 1.100 
41.000 1.100 
42.000 1.100 
43.000 1.100 
44.000 1.100 
45.000 1.100 
46.000 1.100 
47.000 1.100 
48.000 1.100 
49.000 1.100 
50.000 1.100 
51.000 1.100 
52.000 1.100 
53.000 1.100 
54.000 1.100 
55.000 1.100 
56.000 1.100 
57.000 1.100 
58.000 1.100 
59.000 1.100 
60.000 1.100 
61.000 1.100 
62.000 1.100 
63.000 1.100 
64.000 1.100 
65.000 1.100 
66.000 1.100 
67.000 1.100 
68.000 1.100 
69.000 1.100 
70.000 1.100 
71.000 1.100 
72.000 1.100 
73.000 1.100 
74.000 1.100 
75.000 1.100 
76.000 1.100 
77.000 1.100 
78.000 1.100 
79.000 1.100 
80.000 1.100 
81.000 1.100 
82.000 1.100 
83.000 1.100 
84.000 1.100 
85.000 1.100 
86.000 1.100 
87.000 1.100 
88.000 1.100 
89.000 1.100 
90.000 1.100 
91.000 1.100 
92.000 1.100 
93.000 1.100 
94.000 1.100 
95.000 1.100 
96.000 1.100 
97.000 1.100 
98.000 1.100 
99.000 1.100 
100.000 1.100 
101.000 1.100 
102.000 1.100 
103.000 1.100 
104.000 1.100 
105.000 1.100 
106.000 1.100 
107.000 1.100 
108.000 1.100 
109.000 1.100 
110.000 1.100 
111.000 1.100 
112.000 1.100 
113.000 1.100 
114.000 1.100 
115.000 1.100 
116.000 1.100 
117.000 1.100 
118.000 1.100 
119.000 1.100 
120.000 1.100 
121.000 1.100 
122.000 1.100 
123.000 1.100 
124.000 1.100 
125.000 1.100 
126.000 1.100 
127.000 1.100 
128.000 1.100 
129.000 1.100 
130.000 1.100 
131.000 1.100 
132.000 1.100 
133.000 1.100 
134.000 1.100 
135.000 1.100 
136.000 1.100 
137.000 1.100 
138.000 1.100 
139.000 1.100 
140.000 1.100 
141.000 1.100 
142.000 1.100 
143.000 1.100 
144.000 1.100 
145.000 1.100 
146.000 1.100 
147.000 1.100 
148.000 1.100 
149.000 1.100 
150.000 1.100 
151.000 1.100 
