1.000 100.000 
2.000 80.447 
3.000 81.843 
4.000 83.240 
5.000 84.637 
6.000 86.033 
7.000 87.430 
8.000 88.581 
9.000 89.401 
10.000 90.023 
11.000 90.451 
12.000 90.700 
13.000 90.786 
14.000 90.721 
15.000 90.517 
16.000 90.185 
17.000 89.738 
18.000 89.186 
19.000 88.540 
20.000 87.810 
21.000 87.007 
22.000 86.138 
23.000 85.213 
24.000 84.240 
25.000 83.227 
26.000 82.180 
27.000 81.108 
28.000 80.015 
29.000 78.909 
30.000 77.794 
31.000 76.676 
32.000 75.559 
33.000 74.447 
34.000 73.345 
35.000 72.257 
36.000 71.184 
37.000 70.131 
38.000 69.099 
39.000 68.091 
40.000 67.110 
41.000 66.156 
42.000 65.231 
43.000 64.337 
44.000 63.474 
45.000 62.644 
46.000 61.846 
47.000 61.082 
48.000 60.351 
49.000 59.654 
50.000 58.990 
51.000 58.360 
52.000 57.763 
53.000 57.199 
54.000 56.667 
55.000 56.167 
56.000 55.697 
57.000 55.258 
58.000 54.848 
59.000 54.467 
60.000 54.113 
61.000 53.787 
62.000 53.486 
63.000 53.209 
64.000 52.957 
65.000 52.727 
66.000 52.519 
67.000 52.332 
68.000 52.164 
69.000 52.016 
70.000 51.884 
71.000 51.770 
72.000 51.671 
73.000 51.586 
74.000 51.516 
75.000 51.458 
76.000 51.412 
77.000 51.377 
78.000 51.353 
79.000 51.337 
80.000 51.331 
81.000 51.332 
82.000 51.341 
83.000 51.355 
84.000 51.376 
85.000 51.402 
86.000 51.432 
87.000 51.467 
88.000 51.505 
89.000 51.546 
90.000 51.589 
91.000 51.634 
92.000 51.681 
93.000 51.730 
94.000 51.779 
95.000 51.829 
96.000 51.879 
97.000 51.929 
98.000 51.979 
99.000 52.028 
100.000 52.077 
101.000 52.125 
102.000 52.171 
103.000 52.217 
104.000 52.261 
105.000 52.304 
106.000 52.345 
107.000 52.384 
108.000 52.422 
109.000 52.458 
110.000 52.492 
111.000 52.525 
112.000 52.555 
113.000 52.584 
114.000 52.611 
115.000 52.636 
116.000 52.659 
117.000 52.680 
118.000 52.700 
119.000 52.717 
120.000 52.733 
121.000 52.748 
122.000 52.760 
123.000 52.772 
124.000 52.781 
125.000 52.789 
126.000 52.796 
127.000 52.802 
128.000 52.806 
129.000 52.809 
130.000 52.810 
131.000 52.811 
132.000 52.811 
133.000 52.809 
134.000 52.807 
135.000 52.804 
136.000 52.800 
137.000 52.795 
138.000 52.790 
139.000 52.784 
140.000 52.778 
141.000 52.771 
142.000 52.763 
143.000 52.755 
144.000 52.747 
145.000 52.738 
146.000 52.729 
147.000 52.720 
148.000 52.711 
149.000 52.701 
150.000 52.691 
151.000 52.682 
152.000 52.672 
153.000 52.662 
154.000 52.652 
155.000 52.642 
156.000 52.632 
157.000 52.622 
158.000 52.613 
159.000 52.603 
160.000 52.594 
161.000 52.584 
162.000 52.575 
163.000 52.566 
164.000 52.557 
165.000 52.548 
166.000 52.540 
167.000 52.531 
168.000 52.523 
169.000 52.515 
170.000 52.507 
171.000 52.500 
172.000 52.492 
173.000 52.485 
174.000 52.478 
175.000 52.471 
176.000 52.465 
177.000 52.458 
178.000 52.452 
179.000 52.446 
180.000 52.441 
181.000 52.435 
182.000 52.430 
183.000 52.425 
184.000 52.420 
185.000 52.415 
186.000 52.411 
187.000 52.406 
188.000 52.402 
189.000 52.398 
190.000 52.394 
191.000 52.390 
192.000 52.387 
193.000 52.383 
194.000 52.380 
195.000 52.377 
196.000 52.374 
197.000 52.371 
198.000 52.368 
199.000 52.365 
200.000 52.363 
201.000 52.360 
202.000 52.358 
203.000 52.355 
204.000 52.353 
205.000 52.351 
206.000 52.349 
207.000 52.347 
208.000 52.345 
209.000 52.343 
210.000 52.341 
211.000 52.340 
212.000 52.338 
213.000 52.337 
214.000 52.335 
215.000 52.333 
216.000 52.332 
217.000 52.331 
218.000 52.329 
219.000 52.328 
220.000 52.327 
221.000 52.325 
222.000 52.324 
223.000 52.323 
224.000 52.322 
225.000 52.321 
226.000 52.319 
227.000 52.318 
228.000 52.317 
229.000 52.316 
230.000 52.315 
231.000 52.314 
232.000 52.313 
233.000 52.312 
234.000 52.311 
235.000 52.310 
236.000 52.309 
237.000 52.308 
238.000 52.307 
239.000 52.306 
240.000 52.306 
241.000 52.305 
242.000 52.304 
243.000 52.303 
244.000 52.302 
245.000 52.301 
246.000 52.301 
247.000 52.300 
248.000 52.299 
249.000 52.298 
250.000 52.297 
251.000 52.297 
252.000 52.296 
253.000 52.295 
254.000 52.294 
255.000 52.294 
256.000 52.293 
257.000 52.292 
258.000 52.291 
259.000 52.291 
260.000 52.290 
261.000 52.289 
262.000 52.289 
263.000 52.288 
264.000 52.287 
265.000 52.287 
266.000 52.286 
267.000 52.285 
268.000 52.285 
269.000 52.284 
270.000 52.284 
271.000 52.283 
272.000 52.282 
273.000 52.282 
274.000 52.281 
275.000 52.281 
276.000 52.280 
277.000 52.280 
278.000 52.279 
279.000 52.279 
280.000 52.278 
281.000 52.278 
282.000 52.277 
283.000 52.277 
284.000 52.276 
285.000 52.276 
286.000 52.275 
287.000 52.275 
288.000 52.274 
289.000 52.274 
290.000 52.274 
291.000 52.273 
292.000 52.273 
293.000 52.272 
294.000 52.272 
295.000 52.272 
296.000 52.271 
297.000 52.271 
298.000 52.271 
299.000 52.270 
300.000 52.270 
301.000 0.000 
302.000 11.666 
303.000 10.833 
304.000 9.999 
305.000 9.165 
306.000 8.332 
307.000 7.498 
308.000 6.843 
309.000 6.436 
310.000 6.187 
311.000 6.088 
312.000 6.125 
313.000 6.286 
314.000 6.560 
315.000 6.937 
316.000 7.408 
317.000 7.962 
318.000 8.591 
319.000 9.286 
320.000 10.039 
321.000 10.841 
322.000 11.686 
323.000 12.567 
324.000 13.477 
325.000 14.409 
326.000 15.359 
327.000 16.321 
328.000 17.291 
329.000 18.263 
330.000 19.233 
331.000 20.198 
332.000 21.154 
333.000 22.098 
334.000 23.027 
335.000 23.938 
336.000 24.830 
337.000 25.700 
338.000 26.547 
339.000 27.369 
340.000 28.164 
341.000 28.933 
342.000 29.673 
343.000 30.384 
344.000 31.065 
345.000 31.717 
346.000 32.339 
347.000 32.931 
348.000 33.493 
349.000 34.026 
350.000 34.528 
351.000 35.002 
352.000 35.447 
353.000 35.864 
354.000 36.254 
355.000 36.617 
356.000 36.954 
357.000 37.265 
358.000 37.552 
359.000 37.816 
360.000 38.057 
361.000 38.276 
362.000 38.474 
363.000 38.653 
364.000 38.812 
365.000 38.953 
366.000 39.077 
367.000 39.185 
368.000 39.277 
369.000 39.355 
370.000 39.420 
371.000 39.471 
372.000 39.511 
373.000 39.540 
374.000 39.559 
375.000 39.568 
376.000 39.569 
377.000 39.561 
378.000 39.546 
379.000 39.525 
380.000 39.498 
381.000 39.465 
382.000 39.428 
383.000 39.386 
384.000 39.341 
385.000 39.293 
386.000 39.242 
387.000 39.188 
388.000 39.133 
389.000 39.076 
390.000 39.019 
391.000 38.960 
392.000 38.901 
393.000 38.842 
394.000 38.783 
395.000 38.724 
396.000 38.666 
397.000 38.609 
398.000 38.552 
399.000 38.497 
400.000 38.443 
401.000 38.390 
402.000 38.339 
403.000 38.289 
404.000 38.241 
405.000 38.195 
406.000 38.150 
407.000 38.108 
408.000 38.067 
409.000 38.028 
410.000 37.991 
411.000 37.956 
412.000 37.923 
413.000 37.891 
414.000 37.862 
415.000 37.834 
416.000 37.808 
417.000 37.784 
418.000 37.761 
419.000 37.740 
420.000 37.721 
421.000 37.704 
422.000 37.688 
423.000 37.673 
424.000 37.660 
425.000 37.648 
426.000 37.637 
427.000 37.628 
428.000 37.620 
429.000 37.613 
430.000 37.607 
431.000 37.602 
432.000 37.598 
433.000 37.595 
434.000 37.593 
435.000 37.591 
436.000 37.590 
437.000 37.590 
438.000 37.591 
439.000 37.592 
440.000 37.593 
441.000 37.595 
442.000 37.598 
443.000 37.601 
444.000 37.604 
445.000 37.607 
446.000 37.611 
447.000 37.615 
448.000 37.620 
449.000 37.624 
450.000 37.628 
451.000 37.633 
452.000 37.638 
453.000 37.643 
454.000 37.648 
455.000 37.652 
456.000 37.657 
457.000 37.662 
458.000 37.667 
459.000 37.672 
460.000 37.677 
461.000 37.681 
462.000 37.686 
463.000 37.690 
464.000 37.695 
465.000 37.699 
466.000 37.703 
467.000 37.707 
468.000 37.711 
469.000 37.715 
470.000 37.718 
471.000 37.722 
472.000 37.725 
473.000 37.729 
474.000 37.732 
475.000 37.735 
476.000 37.737 
477.000 37.740 
478.000 37.743 
479.000 37.745 
480.000 37.748 
481.000 37.750 
482.000 37.752 
483.000 37.754 
484.000 37.756 
485.000 37.757 
486.000 37.759 
487.000 37.760 
488.000 37.762 
489.000 37.763 
490.000 37.764 
491.000 37.765 
492.000 37.766 
493.000 37.767 
494.000 37.768 
495.000 37.769 
496.000 37.770 
497.000 37.770 
498.000 37.771 
499.000 37.772 
500.000 37.772 
501.000 37.772 
502.000 37.773 
503.000 37.773 
504.000 37.773 
505.000 37.774 
506.000 37.774 
507.000 37.774 
508.000 37.774 
509.000 37.775 
510.000 37.775 
511.000 37.775 
512.000 37.775 
513.000 37.775 
514.000 37.775 
515.000 37.775 
516.000 37.775 
517.000 37.775 
518.000 37.775 
519.000 37.775 
520.000 37.775 
521.000 37.775 
522.000 37.775 
523.000 37.775 
524.000 37.775 
525.000 37.775 
526.000 37.775 
527.000 37.775 
528.000 37.775 
529.000 37.775 
530.000 37.775 
531.000 37.775 
532.000 37.775 
533.000 37.775 
534.000 37.775 
535.000 37.775 
536.000 37.775 
537.000 37.775 
538.000 37.775 
539.000 37.775 
540.000 37.775 
541.000 37.775 
542.000 37.775 
543.000 37.775 
544.000 37.775 
545.000 37.775 
546.000 37.775 
547.000 37.775 
548.000 37.775 
549.000 37.775 
550.000 37.775 
551.000 37.775 
552.000 37.775 
553.000 37.775 
554.000 37.776 
555.000 37.776 
556.000 37.776 
557.000 37.776 
558.000 37.776 
559.000 37.776 
560.000 37.776 
561.000 37.776 
562.000 37.776 
563.000 37.776 
564.000 37.776 
565.000 37.777 
566.000 37.777 
567.000 37.777 
568.000 37.777 
569.000 37.777 
570.000 37.777 
571.000 37.777 
572.000 37.777 
573.000 37.777 
574.000 37.777 
575.000 37.778 
576.000 37.778 
577.000 37.778 
578.000 37.778 
579.000 37.778 
580.000 37.778 
581.000 37.778 
582.000 37.778 
583.000 37.778 
584.000 37.778 
585.000 37.778 
586.000 37.779 
587.000 37.779 
588.000 37.779 
589.000 37.779 
590.000 37.779 
591.000 37.779 
592.000 37.779 
593.000 37.779 
594.000 37.779 
595.000 37.779 
596.000 37.779 
597.000 37.779 
598.000 37.779 
599.000 37.780 
600.000 37.780 
