1.000 100.000 
2.000 26.088 
3.000 27.597 
4.000 29.105 
5.000 30.614 
6.000 32.122 
7.000 33.630 
8.000 34.786 
9.000 35.838 
10.000 37.122 
11.000 38.423 
12.000 39.732 
13.000 41.041 
14.000 42.343 
15.000 43.633 
16.000 44.908 
17.000 46.164 
18.000 47.397 
19.000 48.602 
20.000 49.778 
21.000 50.920 
22.000 52.028 
23.000 53.098 
24.000 54.130 
25.000 55.121 
26.000 56.071 
27.000 56.979 
28.000 57.845 
29.000 58.667 
30.000 59.447 
31.000 60.183 
32.000 60.876 
33.000 61.526 
34.000 62.134 
35.000 62.700 
36.000 63.225 
37.000 63.709 
38.000 64.155 
39.000 64.561 
40.000 64.930 
41.000 65.263 
42.000 65.560 
43.000 65.823 
44.000 66.052 
45.000 66.250 
46.000 66.417 
47.000 66.555 
48.000 66.664 
49.000 66.746 
50.000 66.803 
51.000 66.835 
52.000 66.844 
53.000 66.831 
54.000 66.796 
55.000 66.743 
56.000 66.670 
57.000 66.580 
58.000 66.474 
59.000 66.353 
60.000 66.217 
61.000 66.069 
62.000 65.908 
63.000 65.736 
64.000 65.554 
65.000 65.363 
66.000 65.163 
67.000 64.955 
68.000 64.741 
69.000 64.521 
70.000 64.295 
71.000 64.065 
72.000 63.830 
73.000 63.593 
74.000 63.352 
75.000 63.110 
76.000 62.866 
77.000 62.621 
78.000 62.376 
79.000 62.130 
80.000 61.884 
81.000 61.640 
82.000 61.396 
83.000 61.154 
84.000 60.914 
85.000 60.675 
86.000 60.440 
87.000 60.206 
88.000 59.976 
89.000 59.748 
90.000 59.524 
91.000 59.304 
92.000 59.087 
93.000 58.873 
94.000 58.664 
95.000 58.458 
96.000 58.257 
97.000 58.059 
98.000 57.866 
99.000 57.678 
100.000 57.493 
101.000 57.313 
102.000 57.137 
103.000 56.966 
104.000 56.799 
105.000 56.636 
106.000 56.478 
107.000 56.324 
108.000 56.175 
109.000 56.029 
110.000 55.888 
111.000 55.752 
112.000 55.619 
113.000 55.490 
114.000 55.366 
115.000 55.245 
116.000 55.128 
117.000 55.016 
118.000 54.907 
119.000 54.801 
120.000 54.699 
121.000 54.601 
122.000 54.506 
123.000 54.415 
124.000 54.327 
125.000 54.242 
126.000 54.160 
127.000 54.081 
128.000 54.006 
129.000 53.933 
130.000 53.863 
131.000 53.795 
132.000 53.730 
133.000 53.668 
134.000 53.609 
135.000 53.551 
136.000 53.496 
137.000 53.444 
138.000 53.393 
139.000 53.345 
140.000 53.298 
141.000 53.254 
142.000 53.211 
143.000 53.170 
144.000 53.131 
145.000 53.094 
146.000 53.058 
147.000 53.024 
148.000 52.992 
149.000 52.961 
150.000 52.931 
151.000 52.902 
152.000 52.875 
153.000 52.849 
154.000 52.824 
155.000 52.801 
156.000 52.778 
157.000 52.756 
158.000 52.736 
159.000 52.716 
160.000 52.698 
161.000 52.680 
162.000 52.663 
163.000 52.646 
164.000 52.631 
165.000 52.616 
166.000 52.602 
167.000 52.589 
168.000 52.576 
169.000 52.563 
170.000 52.552 
171.000 52.541 
172.000 52.530 
173.000 52.520 
174.000 52.510 
175.000 52.501 
176.000 52.492 
177.000 52.484 
178.000 52.476 
179.000 52.468 
180.000 52.461 
181.000 52.454 
182.000 52.447 
183.000 52.440 
184.000 52.434 
185.000 52.428 
186.000 52.423 
187.000 52.417 
188.000 52.412 
189.000 52.407 
190.000 52.402 
191.000 52.398 
192.000 52.393 
193.000 52.389 
194.000 52.385 
195.000 52.381 
196.000 52.378 
197.000 52.374 
198.000 52.370 
199.000 52.367 
200.000 52.364 
201.000 52.361 
202.000 52.358 
203.000 52.355 
204.000 52.352 
205.000 52.349 
206.000 52.347 
207.000 52.344 
208.000 52.342 
209.000 52.339 
210.000 52.337 
211.000 52.335 
212.000 52.333 
213.000 52.330 
214.000 52.328 
215.000 52.326 
216.000 52.324 
217.000 52.323 
218.000 52.321 
219.000 52.319 
220.000 52.317 
221.000 52.315 
222.000 52.314 
223.000 52.312 
224.000 52.311 
225.000 52.309 
226.000 52.308 
227.000 52.306 
228.000 52.305 
229.000 52.303 
230.000 52.302 
231.000 52.301 
232.000 52.300 
233.000 52.298 
234.000 52.297 
235.000 52.296 
236.000 52.295 
237.000 52.294 
238.000 52.292 
239.000 52.291 
240.000 52.290 
241.000 52.289 
242.000 52.288 
243.000 52.287 
244.000 52.286 
245.000 52.285 
246.000 52.285 
247.000 52.284 
248.000 52.283 
249.000 52.282 
250.000 52.281 
251.000 52.280 
252.000 52.280 
253.000 52.279 
254.000 52.278 
255.000 52.277 
256.000 52.277 
257.000 52.276 
258.000 52.275 
259.000 52.275 
260.000 52.274 
261.000 52.273 
262.000 52.273 
263.000 52.272 
264.000 52.272 
265.000 52.271 
266.000 52.270 
267.000 52.270 
268.000 52.269 
269.000 52.269 
270.000 52.268 
271.000 52.268 
272.000 52.267 
273.000 52.267 
274.000 52.267 
275.000 52.266 
276.000 52.266 
277.000 52.265 
278.000 52.265 
279.000 52.265 
280.000 52.264 
281.000 52.264 
282.000 52.264 
283.000 52.263 
284.000 52.263 
285.000 52.263 
286.000 52.262 
287.000 52.262 
288.000 52.262 
289.000 52.261 
290.000 52.261 
291.000 52.261 
292.000 52.261 
293.000 52.260 
294.000 52.260 
295.000 52.260 
296.000 52.260 
297.000 52.259 
298.000 52.259 
299.000 52.259 
300.000 52.259 
301.000 0.000 
302.000 44.100 
303.000 43.200 
304.000 42.299 
305.000 41.399 
306.000 40.499 
307.000 39.599 
308.000 38.955 
309.000 38.433 
310.000 37.803 
311.000 37.191 
312.000 36.597 
313.000 36.025 
314.000 35.476 
315.000 34.951 
316.000 34.449 
317.000 33.969 
318.000 33.514 
319.000 33.082 
320.000 32.674 
321.000 32.291 
322.000 31.931 
323.000 31.595 
324.000 31.282 
325.000 30.993 
326.000 30.726 
327.000 30.481 
328.000 30.258 
329.000 30.056 
330.000 29.875 
331.000 29.713 
332.000 29.571 
333.000 29.448 
334.000 29.343 
335.000 29.255 
336.000 29.184 
337.000 29.129 
338.000 29.089 
339.000 29.064 
340.000 29.053 
341.000 29.055 
342.000 29.070 
343.000 29.096 
344.000 29.133 
345.000 29.182 
346.000 29.239 
347.000 29.307 
348.000 29.383 
349.000 29.466 
350.000 29.558 
351.000 29.656 
352.000 29.761 
353.000 29.871 
354.000 29.987 
355.000 30.107 
356.000 30.232 
357.000 30.360 
358.000 30.492 
359.000 30.627 
360.000 30.765 
361.000 30.905 
362.000 31.046 
363.000 31.189 
364.000 31.333 
365.000 31.478 
366.000 31.624 
367.000 31.770 
368.000 31.916 
369.000 32.061 
370.000 32.206 
371.000 32.351 
372.000 32.494 
373.000 32.637 
374.000 32.778 
375.000 32.918 
376.000 33.056 
377.000 33.192 
378.000 33.327 
379.000 33.460 
380.000 33.590 
381.000 33.719 
382.000 33.845 
383.000 33.969 
384.000 34.091 
385.000 34.210 
386.000 34.327 
387.000 34.441 
388.000 34.553 
389.000 34.662 
390.000 34.769 
391.000 34.873 
392.000 34.974 
393.000 35.073 
394.000 35.169 
395.000 35.263 
396.000 35.354 
397.000 35.443 
398.000 35.529 
399.000 35.612 
400.000 35.694 
401.000 35.772 
402.000 35.848 
403.000 35.922 
404.000 35.994 
405.000 36.063 
406.000 36.130 
407.000 36.195 
408.000 36.257 
409.000 36.318 
410.000 36.376 
411.000 36.433 
412.000 36.487 
413.000 36.539 
414.000 36.590 
415.000 36.638 
416.000 36.685 
417.000 36.730 
418.000 36.774 
419.000 36.816 
420.000 36.856 
421.000 36.894 
422.000 36.931 
423.000 36.967 
424.000 37.001 
425.000 37.034 
426.000 37.065 
427.000 37.095 
428.000 37.124 
429.000 37.152 
430.000 37.179 
431.000 37.204 
432.000 37.229 
433.000 37.252 
434.000 37.274 
435.000 37.296 
436.000 37.316 
437.000 37.336 
438.000 37.354 
439.000 37.372 
440.000 37.389 
441.000 37.406 
442.000 37.421 
443.000 37.436 
444.000 37.450 
445.000 37.464 
446.000 37.477 
447.000 37.489 
448.000 37.501 
449.000 37.512 
450.000 37.523 
451.000 37.534 
452.000 37.543 
453.000 37.553 
454.000 37.562 
455.000 37.570 
456.000 37.578 
457.000 37.586 
458.000 37.594 
459.000 37.601 
460.000 37.607 
461.000 37.614 
462.000 37.620 
463.000 37.626 
464.000 37.631 
465.000 37.637 
466.000 37.642 
467.000 37.647 
468.000 37.652 
469.000 37.656 
470.000 37.660 
471.000 37.664 
472.000 37.668 
473.000 37.672 
474.000 37.676 
475.000 37.679 
476.000 37.682 
477.000 37.686 
478.000 37.689 
479.000 37.691 
480.000 37.694 
481.000 37.697 
482.000 37.700 
483.000 37.702 
484.000 37.704 
485.000 37.707 
486.000 37.709 
487.000 37.711 
488.000 37.713 
489.000 37.715 
490.000 37.717 
491.000 37.719 
492.000 37.721 
493.000 37.722 
494.000 37.724 
495.000 37.726 
496.000 37.727 
497.000 37.729 
498.000 37.730 
499.000 37.732 
500.000 37.733 
501.000 37.734 
502.000 37.736 
503.000 37.737 
504.000 37.738 
505.000 37.739 
506.000 37.740 
507.000 37.741 
508.000 37.743 
509.000 37.744 
510.000 37.745 
511.000 37.746 
512.000 37.747 
513.000 37.748 
514.000 37.748 
515.000 37.749 
516.000 37.750 
517.000 37.751 
518.000 37.752 
519.000 37.753 
520.000 37.754 
521.000 37.754 
522.000 37.755 
523.000 37.756 
524.000 37.757 
525.000 37.757 
526.000 37.758 
527.000 37.759 
528.000 37.759 
529.000 37.760 
530.000 37.761 
531.000 37.761 
532.000 37.762 
533.000 37.762 
534.000 37.763 
535.000 37.763 
536.000 37.764 
537.000 37.764 
538.000 37.765 
539.000 37.765 
540.000 37.766 
541.000 37.766 
542.000 37.767 
543.000 37.767 
544.000 37.768 
545.000 37.768 
546.000 37.769 
547.000 37.769 
548.000 37.769 
549.000 37.770 
550.000 37.770 
551.000 37.771 
552.000 37.771 
553.000 37.771 
554.000 37.772 
555.000 37.772 
556.000 37.772 
557.000 37.772 
558.000 37.773 
559.000 37.773 
560.000 37.773 
561.000 37.774 
562.000 37.774 
563.000 37.774 
564.000 37.774 
565.000 37.775 
566.000 37.775 
567.000 37.775 
568.000 37.775 
569.000 37.776 
570.000 37.776 
571.000 37.776 
572.000 37.776 
573.000 37.776 
574.000 37.777 
575.000 37.777 
576.000 37.777 
577.000 37.777 
578.000 37.777 
579.000 37.777 
580.000 37.778 
581.000 37.778 
582.000 37.778 
583.000 37.778 
584.000 37.778 
585.000 37.778 
586.000 37.778 
587.000 37.779 
588.000 37.779 
589.000 37.779 
590.000 37.779 
591.000 37.779 
592.000 37.779 
593.000 37.779 
594.000 37.779 
595.000 37.779 
596.000 37.780 
597.000 37.780 
598.000 37.780 
599.000 37.780 
600.000 37.780 
