1.000 100.000 
2.000 100.000 
3.000 100.000 
4.000 100.000 
5.000 100.000 
6.000 100.000 
7.000 100.000 
8.000 100.000 
9.000 100.000 
10.000 100.000 
11.000 100.000 
12.000 100.000 
13.000 100.000 
14.000 99.886 
15.000 99.621 
16.000 99.221 
17.000 98.701 
18.000 98.075 
19.000 97.353 
20.000 96.546 
21.000 95.663 
22.000 94.713 
23.000 93.702 
24.000 92.639 
25.000 91.532 
26.000 90.387 
27.000 89.210 
28.000 88.007 
29.000 86.785 
30.000 85.548 
31.000 84.302 
32.000 83.051 
33.000 81.798 
34.000 80.549 
35.000 79.307 
36.000 78.075 
37.000 76.856 
38.000 75.652 
39.000 74.468 
40.000 73.303 
41.000 72.162 
42.000 71.044 
43.000 69.953 
44.000 68.889 
45.000 67.854 
46.000 66.849 
47.000 65.873 
48.000 64.929 
49.000 64.017 
50.000 63.137 
51.000 62.289 
52.000 61.474 
53.000 60.691 
54.000 59.941 
55.000 59.223 
56.000 58.537 
57.000 57.883 
58.000 57.260 
59.000 56.668 
60.000 56.107 
61.000 55.575 
62.000 55.073 
63.000 54.599 
64.000 54.153 
65.000 53.734 
66.000 53.342 
67.000 52.975 
68.000 52.632 
69.000 52.314 
70.000 52.019 
71.000 51.746 
72.000 51.495 
73.000 51.264 
74.000 51.053 
75.000 50.860 
76.000 50.686 
77.000 50.529 
78.000 50.389 
79.000 50.264 
80.000 50.154 
81.000 50.058 
82.000 49.976 
83.000 49.906 
84.000 49.848 
85.000 49.801 
86.000 49.764 
87.000 49.737 
88.000 49.720 
89.000 49.711 
90.000 49.709 
91.000 49.716 
92.000 49.728 
93.000 49.748 
94.000 49.772 
95.000 49.802 
96.000 49.837 
97.000 49.876 
98.000 49.919 
99.000 49.965 
100.000 50.015 
101.000 50.067 
102.000 50.121 
103.000 50.177 
104.000 50.236 
105.000 50.295 
106.000 50.356 
107.000 50.417 
108.000 50.479 
109.000 50.541 
110.000 50.604 
111.000 50.667 
112.000 50.729 
113.000 50.791 
114.000 50.852 
115.000 50.913 
116.000 50.973 
117.000 51.032 
118.000 51.090 
119.000 51.147 
120.000 51.203 
121.000 51.258 
122.000 51.311 
123.000 51.363 
124.000 51.413 
125.000 51.462 
126.000 51.510 
127.000 51.556 
128.000 51.600 
129.000 51.643 
130.000 51.684 
131.000 51.724 
132.000 51.762 
133.000 51.799 
134.000 51.834 
135.000 51.868 
136.000 51.900 
137.000 51.930 
138.000 51.959 
139.000 51.987 
140.000 52.013 
141.000 52.038 
142.000 52.062 
143.000 52.084 
144.000 52.105 
145.000 52.125 
146.000 52.143 
147.000 52.160 
148.000 52.177 
149.000 52.192 
150.000 52.206 
151.000 52.219 
152.000 52.231 
153.000 52.242 
154.000 52.252 
155.000 52.262 
156.000 52.270 
157.000 52.278 
158.000 52.285 
159.000 52.292 
160.000 52.298 
161.000 52.303 
162.000 52.307 
163.000 52.311 
164.000 52.314 
165.000 52.317 
166.000 52.320 
167.000 52.322 
168.000 52.323 
169.000 52.324 
170.000 52.325 
171.000 52.326 
172.000 52.326 
173.000 52.326 
174.000 52.326 
175.000 52.325 
176.000 52.324 
177.000 52.323 
178.000 52.322 
179.000 52.321 
180.000 52.319 
181.000 52.318 
182.000 52.316 
183.000 52.314 
184.000 52.312 
185.000 52.311 
186.000 52.309 
187.000 52.306 
188.000 52.304 
189.000 52.302 
190.000 52.300 
191.000 52.298 
192.000 52.296 
193.000 52.294 
194.000 52.292 
195.000 52.290 
196.000 52.288 
197.000 52.285 
198.000 52.283 
199.000 52.282 
200.000 52.280 
201.000 52.278 
202.000 52.276 
203.000 52.274 
204.000 52.272 
205.000 52.271 
206.000 52.269 
207.000 52.268 
208.000 52.266 
209.000 52.265 
210.000 52.263 
211.000 52.262 
212.000 52.261 
213.000 52.259 
214.000 52.258 
215.000 52.257 
216.000 52.256 
217.000 52.255 
218.000 52.254 
219.000 52.253 
220.000 52.253 
221.000 52.252 
222.000 52.251 
223.000 52.251 
224.000 52.250 
225.000 52.249 
226.000 52.249 
227.000 52.248 
228.000 52.248 
229.000 52.248 
230.000 52.247 
231.000 52.247 
232.000 52.247 
233.000 52.246 
234.000 52.246 
235.000 52.246 
236.000 52.246 
237.000 52.246 
238.000 52.245 
239.000 52.245 
240.000 52.245 
241.000 52.245 
242.000 52.245 
243.000 52.245 
244.000 52.245 
245.000 52.245 
246.000 52.245 
247.000 52.245 
248.000 52.246 
249.000 52.246 
250.000 52.246 
251.000 52.246 
252.000 52.246 
253.000 52.246 
254.000 52.246 
255.000 52.246 
256.000 52.247 
257.000 52.247 
258.000 52.247 
259.000 52.247 
260.000 52.247 
261.000 52.247 
262.000 52.247 
263.000 52.248 
264.000 52.248 
265.000 52.248 
266.000 52.248 
267.000 52.248 
268.000 52.248 
269.000 52.249 
270.000 52.249 
271.000 52.249 
272.000 52.249 
273.000 52.249 
274.000 52.249 
275.000 52.250 
276.000 52.250 
277.000 52.250 
278.000 52.250 
279.000 52.250 
280.000 52.250 
281.000 52.250 
282.000 52.251 
283.000 52.251 
284.000 52.251 
285.000 52.251 
286.000 52.251 
287.000 52.251 
288.000 52.251 
289.000 52.251 
290.000 52.251 
291.000 52.252 
292.000 52.252 
293.000 52.252 
294.000 52.252 
295.000 52.252 
296.000 52.252 
297.000 52.252 
298.000 52.252 
299.000 52.252 
300.000 52.252 
301.000 6.802 
302.000 5.902 
303.000 5.002 
304.000 4.102 
305.000 3.202 
306.000 2.303 
307.000 1.403 
308.000 0.614 
309.000 0.033 
310.000 0.000 
311.000 0.000 
312.000 0.000 
313.000 0.063 
314.000 0.252 
315.000 0.557 
316.000 0.967 
317.000 1.473 
318.000 2.064 
319.000 2.731 
320.000 3.465 
321.000 4.259 
322.000 5.105 
323.000 5.997 
324.000 6.928 
325.000 7.893 
326.000 8.885 
327.000 9.899 
328.000 10.929 
329.000 11.972 
330.000 13.024 
331.000 14.079 
332.000 15.134 
333.000 16.186 
334.000 17.231 
335.000 18.268 
336.000 19.292 
337.000 20.302 
338.000 21.295 
339.000 22.269 
340.000 23.224 
341.000 24.156 
342.000 25.066 
343.000 25.951 
344.000 26.811 
345.000 27.644 
346.000 28.451 
347.000 29.230 
348.000 29.982 
349.000 30.705 
350.000 31.399 
351.000 32.066 
352.000 32.703 
353.000 33.313 
354.000 33.894 
355.000 34.447 
356.000 34.972 
357.000 35.471 
358.000 35.942 
359.000 36.387 
360.000 36.807 
361.000 37.201 
362.000 37.571 
363.000 37.916 
364.000 38.239 
365.000 38.538 
366.000 38.816 
367.000 39.073 
368.000 39.310 
369.000 39.526 
370.000 39.724 
371.000 39.904 
372.000 40.066 
373.000 40.212 
374.000 40.342 
375.000 40.457 
376.000 40.557 
377.000 40.644 
378.000 40.717 
379.000 40.779 
380.000 40.828 
381.000 40.867 
382.000 40.896 
383.000 40.914 
384.000 40.924 
385.000 40.926 
386.000 40.919 
387.000 40.906 
388.000 40.885 
389.000 40.859 
390.000 40.826 
391.000 40.789 
392.000 40.747 
393.000 40.700 
394.000 40.650 
395.000 40.596 
396.000 40.539 
397.000 40.479 
398.000 40.417 
399.000 40.353 
400.000 40.287 
401.000 40.220 
402.000 40.151 
403.000 40.082 
404.000 40.012 
405.000 39.942 
406.000 39.871 
407.000 39.801 
408.000 39.730 
409.000 39.661 
410.000 39.591 
411.000 39.522 
412.000 39.454 
413.000 39.387 
414.000 39.321 
415.000 39.256 
416.000 39.193 
417.000 39.130 
418.000 39.069 
419.000 39.010 
420.000 38.952 
421.000 38.895 
422.000 38.840 
423.000 38.787 
424.000 38.735 
425.000 38.685 
426.000 38.636 
427.000 38.589 
428.000 38.544 
429.000 38.500 
430.000 38.458 
431.000 38.418 
432.000 38.379 
433.000 38.342 
434.000 38.307 
435.000 38.273 
436.000 38.240 
437.000 38.209 
438.000 38.180 
439.000 38.152 
440.000 38.125 
441.000 38.100 
442.000 38.076 
443.000 38.053 
444.000 38.031 
445.000 38.011 
446.000 37.992 
447.000 37.974 
448.000 37.957 
449.000 37.941 
450.000 37.926 
451.000 37.912 
452.000 37.899 
453.000 37.887 
454.000 37.876 
455.000 37.866 
456.000 37.856 
457.000 37.847 
458.000 37.839 
459.000 37.832 
460.000 37.825 
461.000 37.818 
462.000 37.813 
463.000 37.808 
464.000 37.803 
465.000 37.799 
466.000 37.795 
467.000 37.792 
468.000 37.789 
469.000 37.786 
470.000 37.784 
471.000 37.782 
472.000 37.780 
473.000 37.779 
474.000 37.778 
475.000 37.777 
476.000 37.777 
477.000 37.776 
478.000 37.776 
479.000 37.776 
480.000 37.776 
481.000 37.776 
482.000 37.776 
483.000 37.777 
484.000 37.777 
485.000 37.778 
486.000 37.778 
487.000 37.779 
488.000 37.780 
489.000 37.781 
490.000 37.782 
491.000 37.782 
492.000 37.783 
493.000 37.784 
494.000 37.785 
495.000 37.786 
496.000 37.787 
497.000 37.788 
498.000 37.789 
499.000 37.790 
500.000 37.790 
501.000 37.791 
502.000 37.792 
503.000 37.793 
504.000 37.794 
505.000 37.794 
506.000 37.795 
507.000 37.796 
508.000 37.796 
509.000 37.797 
510.000 37.797 
511.000 37.798 
512.000 37.798 
513.000 37.799 
514.000 37.799 
515.000 37.799 
516.000 37.800 
517.000 37.800 
518.000 37.800 
519.000 37.800 
520.000 37.801 
521.000 37.801 
522.000 37.801 
523.000 37.801 
524.000 37.801 
525.000 37.801 
526.000 37.801 
527.000 37.801 
528.000 37.801 
529.000 37.801 
530.000 37.801 
531.000 37.801 
532.000 37.801 
533.000 37.800 
534.000 37.800 
535.000 37.800 
536.000 37.800 
537.000 37.800 
538.000 37.799 
539.000 37.799 
540.000 37.799 
541.000 37.799 
542.000 37.798 
543.000 37.798 
544.000 37.798 
545.000 37.797 
546.000 37.797 
547.000 37.797 
548.000 37.797 
549.000 37.796 
550.000 37.796 
551.000 37.796 
552.000 37.795 
553.000 37.795 
554.000 37.795 
555.000 37.794 
556.000 37.794 
557.000 37.794 
558.000 37.793 
559.000 37.793 
560.000 37.793 
561.000 37.792 
562.000 37.792 
563.000 37.792 
564.000 37.792 
565.000 37.791 
566.000 37.791 
567.000 37.791 
568.000 37.790 
569.000 37.790 
570.000 37.790 
571.000 37.790 
572.000 37.789 
573.000 37.789 
574.000 37.789 
575.000 37.789 
576.000 37.788 
577.000 37.788 
578.000 37.788 
579.000 37.788 
580.000 37.788 
581.000 37.787 
582.000 37.787 
583.000 37.787 
584.000 37.787 
585.000 37.787 
586.000 37.787 
587.000 37.786 
588.000 37.786 
589.000 37.786 
590.000 37.786 
591.000 37.786 
592.000 37.786 
593.000 37.785 
594.000 37.785 
595.000 37.785 
596.000 37.785 
597.000 37.785 
598.000 37.785 
599.000 37.785 
600.000 37.785 
