1.000 35.620 
2.000 35.620 
3.000 35.620 
4.000 35.620 
5.000 35.620 
6.000 35.620 
7.000 35.620 
8.000 35.639 
9.000 35.674 
10.000 35.703 
11.000 35.729 
12.000 35.751 
13.000 35.772 
14.000 35.792 
15.000 35.813 
16.000 35.834 
17.000 35.856 
18.000 35.880 
19.000 35.906 
20.000 35.935 
21.000 35.966 
22.000 36.000 
23.000 36.038 
24.000 36.079 
25.000 36.123 
26.000 36.171 
27.000 36.222 
28.000 36.278 
29.000 36.336 
30.000 36.399 
31.000 36.465 
32.000 36.534 
33.000 36.607 
34.000 36.684 
35.000 36.763 
36.000 36.846 
37.000 36.931 
38.000 37.019 
39.000 37.110 
40.000 37.204 
41.000 37.299 
42.000 37.397 
43.000 37.497 
44.000 37.599 
45.000 37.702 
46.000 37.807 
47.000 37.913 
48.000 38.020 
49.000 38.129 
50.000 38.238 
51.000 38.348 
52.000 38.458 
53.000 38.569 
54.000 38.680 
55.000 38.791 
56.000 38.902 
57.000 39.013 
58.000 39.124 
59.000 39.234 
60.000 39.344 
61.000 39.453 
62.000 39.562 
63.000 39.669 
64.000 39.776 
65.000 39.882 
66.000 39.986 
67.000 40.090 
68.000 40.192 
69.000 40.293 
70.000 40.393 
71.000 40.491 
72.000 40.587 
73.000 40.683 
74.000 40.776 
75.000 40.868 
76.000 40.959 
77.000 41.048 
78.000 41.135 
79.000 41.220 
80.000 41.304 
81.000 41.386 
82.000 41.466 
83.000 41.545 
84.000 41.622 
85.000 41.697 
86.000 41.770 
87.000 41.841 
88.000 41.911 
89.000 41.979 
90.000 42.046 
91.000 42.110 
92.000 42.173 
93.000 42.235 
94.000 42.294 
95.000 42.352 
96.000 42.409 
97.000 42.463 
98.000 42.517 
99.000 42.568 
100.000 42.619 
101.000 42.667 
102.000 42.714 
103.000 42.760 
104.000 42.804 
105.000 42.847 
106.000 42.889 
107.000 42.929 
108.000 42.968 
109.000 43.006 
110.000 43.042 
111.000 43.077 
112.000 43.111 
113.000 43.144 
114.000 43.176 
115.000 43.207 
116.000 43.236 
117.000 43.265 
118.000 43.292 
119.000 43.319 
120.000 43.345 
121.000 43.369 
122.000 43.393 
123.000 43.416 
124.000 43.438 
125.000 43.459 
126.000 43.480 
127.000 43.500 
128.000 43.519 
129.000 43.537 
130.000 43.555 
131.000 43.571 
132.000 43.588 
133.000 43.603 
134.000 43.618 
135.000 43.633 
136.000 43.647 
137.000 43.660 
138.000 43.673 
139.000 43.685 
140.000 43.697 
141.000 43.708 
142.000 43.719 
143.000 43.730 
144.000 43.740 
145.000 43.749 
146.000 43.759 
147.000 43.767 
148.000 43.776 
149.000 43.784 
150.000 43.792 
151.000 43.800 
152.000 43.807 
153.000 43.814 
154.000 43.821 
155.000 43.827 
156.000 43.833 
157.000 43.839 
158.000 43.845 
159.000 43.850 
160.000 43.855 
161.000 43.861 
162.000 43.865 
163.000 43.870 
164.000 43.874 
165.000 43.879 
166.000 43.883 
167.000 43.887 
168.000 43.891 
169.000 43.894 
170.000 43.898 
171.000 43.901 
172.000 43.904 
173.000 43.908 
174.000 43.911 
175.000 43.913 
176.000 43.916 
177.000 43.919 
178.000 43.922 
179.000 43.924 
180.000 43.926 
181.000 43.929 
182.000 43.931 
183.000 43.933 
184.000 43.935 
185.000 43.937 
186.000 43.939 
187.000 43.941 
188.000 43.943 
189.000 43.945 
190.000 43.946 
191.000 43.948 
192.000 43.949 
193.000 43.951 
194.000 43.952 
195.000 43.954 
196.000 43.955 
197.000 43.957 
198.000 43.958 
199.000 43.959 
200.000 43.960 
201.000 43.961 
202.000 43.963 
203.000 43.964 
204.000 43.965 
205.000 43.966 
206.000 43.967 
207.000 43.968 
208.000 43.969 
209.000 43.970 
210.000 43.970 
211.000 43.971 
212.000 43.972 
213.000 43.973 
214.000 43.974 
215.000 43.975 
216.000 43.975 
217.000 43.976 
218.000 43.977 
219.000 43.977 
220.000 43.978 
221.000 43.979 
222.000 43.979 
223.000 43.980 
224.000 43.980 
225.000 43.981 
226.000 43.982 
227.000 43.982 
228.000 43.983 
229.000 43.983 
230.000 43.984 
231.000 43.984 
232.000 43.985 
233.000 43.985 
234.000 43.985 
235.000 43.986 
236.000 43.986 
237.000 43.987 
238.000 43.987 
239.000 43.988 
240.000 43.988 
241.000 43.988 
242.000 43.989 
243.000 43.989 
244.000 43.989 
245.000 43.990 
246.000 43.990 
247.000 43.990 
248.000 43.991 
249.000 43.991 
250.000 43.991 
251.000 43.991 
252.000 43.992 
253.000 43.992 
254.000 43.992 
255.000 43.992 
256.000 43.993 
257.000 43.993 
258.000 43.993 
259.000 43.993 
260.000 43.993 
261.000 43.994 
262.000 43.994 
263.000 43.994 
264.000 43.994 
265.000 43.994 
266.000 43.995 
267.000 43.995 
268.000 43.995 
269.000 43.995 
270.000 43.995 
271.000 43.995 
272.000 43.996 
273.000 43.996 
274.000 43.996 
275.000 43.996 
276.000 43.996 
277.000 43.996 
278.000 43.996 
279.000 43.996 
280.000 43.997 
281.000 43.997 
282.000 43.997 
283.000 43.997 
284.000 43.997 
285.000 43.997 
286.000 43.997 
287.000 43.997 
288.000 43.997 
289.000 43.997 
290.000 43.998 
291.000 43.998 
292.000 43.998 
293.000 43.998 
294.000 43.998 
295.000 43.998 
296.000 43.998 
297.000 43.998 
298.000 43.998 
299.000 43.998 
300.000 43.998 
301.000 43.998 
302.000 43.998 
303.000 43.998 
304.000 43.998 
305.000 43.999 
306.000 43.999 
307.000 43.999 
308.000 43.985 
309.000 43.957 
310.000 43.928 
311.000 43.899 
312.000 43.869 
313.000 43.837 
314.000 43.803 
315.000 43.767 
316.000 43.730 
317.000 43.691 
318.000 43.650 
319.000 43.607 
320.000 43.563 
321.000 43.516 
322.000 43.468 
323.000 43.418 
324.000 43.367 
325.000 43.314 
326.000 43.259 
327.000 43.203 
328.000 43.146 
329.000 43.087 
330.000 43.027 
331.000 42.966 
332.000 42.905 
333.000 42.842 
334.000 42.778 
335.000 42.714 
336.000 42.649 
337.000 42.583 
338.000 42.517 
339.000 42.450 
340.000 42.384 
341.000 42.317 
342.000 42.249 
343.000 42.182 
344.000 42.115 
345.000 42.048 
346.000 41.981 
347.000 41.914 
348.000 41.848 
349.000 41.782 
350.000 41.716 
351.000 41.651 
352.000 41.587 
353.000 41.523 
354.000 41.460 
355.000 41.397 
356.000 41.335 
357.000 41.274 
358.000 41.214 
359.000 41.154 
360.000 41.095 
361.000 41.038 
362.000 40.981 
363.000 40.925 
364.000 40.870 
365.000 40.816 
366.000 40.763 
367.000 40.711 
368.000 40.660 
369.000 40.610 
370.000 40.561 
371.000 40.514 
372.000 40.467 
373.000 40.421 
374.000 40.376 
375.000 40.333 
376.000 40.290 
377.000 40.248 
378.000 40.208 
379.000 40.168 
380.000 40.130 
381.000 40.092 
382.000 40.056 
383.000 40.020 
384.000 39.986 
385.000 39.952 
386.000 39.920 
387.000 39.888 
388.000 39.857 
389.000 39.827 
390.000 39.798 
391.000 39.770 
392.000 39.743 
393.000 39.716 
394.000 39.691 
395.000 39.666 
396.000 39.642 
397.000 39.619 
398.000 39.596 
399.000 39.575 
400.000 39.554 
401.000 39.533 
402.000 39.514 
403.000 39.495 
404.000 39.476 
405.000 39.459 
406.000 39.442 
407.000 39.425 
408.000 39.409 
409.000 39.394 
410.000 39.379 
411.000 39.365 
412.000 39.351 
413.000 39.338 
414.000 39.325 
415.000 39.313 
416.000 39.301 
417.000 39.290 
418.000 39.279 
419.000 39.268 
420.000 39.258 
421.000 39.249 
422.000 39.239 
423.000 39.230 
424.000 39.222 
425.000 39.213 
426.000 39.205 
427.000 39.198 
428.000 39.190 
429.000 39.183 
430.000 39.176 
431.000 39.170 
432.000 39.163 
433.000 39.157 
434.000 39.151 
435.000 39.146 
436.000 39.141 
437.000 39.135 
438.000 39.130 
439.000 39.126 
440.000 39.121 
441.000 39.117 
442.000 39.113 
443.000 39.109 
444.000 39.105 
445.000 39.101 
446.000 39.097 
447.000 39.094 
448.000 39.091 
449.000 39.087 
450.000 39.084 
451.000 39.082 
452.000 39.079 
453.000 39.076 
454.000 39.073 
455.000 39.071 
456.000 39.069 
457.000 39.066 
458.000 39.064 
459.000 39.062 
460.000 39.060 
461.000 39.058 
462.000 39.056 
463.000 39.054 
464.000 39.052 
465.000 39.051 
466.000 39.049 
467.000 39.047 
468.000 39.046 
469.000 39.045 
470.000 39.043 
471.000 39.042 
472.000 39.040 
473.000 39.039 
474.000 39.038 
475.000 39.037 
476.000 39.036 
477.000 39.035 
478.000 39.034 
479.000 39.033 
480.000 39.032 
481.000 39.031 
482.000 39.030 
483.000 39.029 
484.000 39.028 
485.000 39.027 
486.000 39.026 
487.000 39.025 
488.000 39.025 
489.000 39.024 
490.000 39.023 
491.000 39.023 
492.000 39.022 
493.000 39.021 
494.000 39.021 
495.000 39.020 
496.000 39.019 
497.000 39.019 
498.000 39.018 
499.000 39.018 
500.000 39.017 
501.000 39.017 
502.000 39.016 
503.000 39.016 
504.000 39.015 
505.000 39.015 
506.000 39.014 
507.000 39.014 
508.000 39.014 
509.000 39.013 
510.000 39.013 
511.000 39.012 
512.000 39.012 
513.000 39.012 
514.000 39.011 
515.000 39.011 
516.000 39.011 
517.000 39.010 
518.000 39.010 
519.000 39.010 
520.000 39.010 
521.000 39.009 
522.000 39.009 
523.000 39.009 
524.000 39.008 
525.000 39.008 
526.000 39.008 
527.000 39.008 
528.000 39.008 
529.000 39.007 
530.000 39.007 
531.000 39.007 
532.000 39.007 
533.000 39.006 
534.000 39.006 
535.000 39.006 
536.000 39.006 
537.000 39.006 
538.000 39.006 
539.000 39.005 
540.000 39.005 
541.000 39.005 
542.000 39.005 
543.000 39.005 
544.000 39.005 
545.000 39.004 
546.000 39.004 
547.000 39.004 
548.000 39.004 
549.000 39.004 
550.000 39.004 
551.000 39.004 
552.000 39.004 
553.000 39.003 
554.000 39.003 
555.000 39.003 
556.000 39.003 
557.000 39.003 
558.000 39.003 
559.000 39.003 
560.000 39.003 
561.000 39.003 
562.000 39.003 
563.000 39.002 
564.000 39.002 
565.000 39.002 
566.000 39.002 
567.000 39.002 
568.000 39.002 
569.000 39.002 
570.000 39.002 
571.000 39.002 
572.000 39.002 
573.000 39.002 
574.000 39.002 
575.000 39.002 
576.000 39.002 
577.000 39.002 
578.000 39.002 
579.000 39.001 
580.000 39.001 
581.000 39.001 
582.000 39.001 
583.000 39.001 
584.000 39.001 
585.000 39.001 
586.000 39.001 
587.000 39.001 
588.000 39.001 
589.000 39.001 
590.000 39.001 
591.000 39.001 
592.000 39.001 
593.000 39.001 
594.000 39.001 
595.000 39.001 
596.000 39.001 
597.000 39.001 
598.000 39.001 
599.000 39.001 
600.000 39.001 
