1.000 35.620 
2.000 35.620 
3.000 35.620 
4.000 35.620 
5.000 35.620 
6.000 35.620 
7.000 35.620 
8.000 35.639 
9.000 35.694 
10.000 35.779 
11.000 35.890 
12.000 36.023 
13.000 36.174 
14.000 36.342 
15.000 36.523 
16.000 36.715 
17.000 36.916 
18.000 37.126 
19.000 37.341 
20.000 37.562 
21.000 37.786 
22.000 38.014 
23.000 38.244 
24.000 38.474 
25.000 38.706 
26.000 38.937 
27.000 39.166 
28.000 39.394 
29.000 39.620 
30.000 39.843 
31.000 40.062 
32.000 40.278 
33.000 40.489 
34.000 40.696 
35.000 40.898 
36.000 41.095 
37.000 41.287 
38.000 41.473 
39.000 41.653 
40.000 41.828 
41.000 41.997 
42.000 42.159 
43.000 42.316 
44.000 42.466 
45.000 42.610 
46.000 42.748 
47.000 42.880 
48.000 43.007 
49.000 43.127 
50.000 43.241 
51.000 43.349 
52.000 43.452 
53.000 43.549 
54.000 43.640 
55.000 43.726 
56.000 43.807 
57.000 43.883 
58.000 43.954 
59.000 44.020 
60.000 44.081 
61.000 44.138 
62.000 44.190 
63.000 44.239 
64.000 44.283 
65.000 44.324 
66.000 44.360 
67.000 44.394 
68.000 44.423 
69.000 44.450 
70.000 44.474 
71.000 44.494 
72.000 44.512 
73.000 44.527 
74.000 44.540 
75.000 44.551 
76.000 44.559 
77.000 44.565 
78.000 44.569 
79.000 44.572 
80.000 44.573 
81.000 44.572 
82.000 44.570 
83.000 44.566 
84.000 44.561 
85.000 44.555 
86.000 44.548 
87.000 44.540 
88.000 44.532 
89.000 44.522 
90.000 44.512 
91.000 44.501 
92.000 44.490 
93.000 44.478 
94.000 44.466 
95.000 44.453 
96.000 44.440 
97.000 44.427 
98.000 44.414 
99.000 44.401 
100.000 44.388 
101.000 44.374 
102.000 44.361 
103.000 44.347 
104.000 44.334 
105.000 44.321 
106.000 44.308 
107.000 44.295 
108.000 44.282 
109.000 44.270 
110.000 44.258 
111.000 44.246 
112.000 44.234 
113.000 44.223 
114.000 44.211 
115.000 44.201 
116.000 44.190 
117.000 44.180 
118.000 44.170 
119.000 44.160 
120.000 44.151 
121.000 44.142 
122.000 44.133 
123.000 44.125 
124.000 44.117 
125.000 44.109 
126.000 44.102 
127.000 44.095 
128.000 44.088 
129.000 44.081 
130.000 44.075 
131.000 44.069 
132.000 44.064 
133.000 44.059 
134.000 44.053 
135.000 44.049 
136.000 44.044 
137.000 44.040 
138.000 44.036 
139.000 44.032 
140.000 44.029 
141.000 44.025 
142.000 44.022 
143.000 44.019 
144.000 44.017 
145.000 44.014 
146.000 44.012 
147.000 44.010 
148.000 44.008 
149.000 44.006 
150.000 44.004 
151.000 44.003 
152.000 44.001 
153.000 44.000 
154.000 43.999 
155.000 43.998 
156.000 43.997 
157.000 43.996 
158.000 43.996 
159.000 43.995 
160.000 43.994 
161.000 43.994 
162.000 43.994 
163.000 43.993 
164.000 43.993 
165.000 43.993 
166.000 43.993 
167.000 43.993 
168.000 43.993 
169.000 43.993 
170.000 43.993 
171.000 43.993 
172.000 43.993 
173.000 43.993 
174.000 43.993 
175.000 43.993 
176.000 43.994 
177.000 43.994 
178.000 43.994 
179.000 43.994 
180.000 43.995 
181.000 43.995 
182.000 43.995 
183.000 43.996 
184.000 43.996 
185.000 43.996 
186.000 43.996 
187.000 43.997 
188.000 43.997 
189.000 43.997 
190.000 43.998 
191.000 43.998 
192.000 43.998 
193.000 43.998 
194.000 43.999 
195.000 43.999 
196.000 43.999 
197.000 43.999 
198.000 44.000 
199.000 44.000 
200.000 44.000 
201.000 44.000 
202.000 44.000 
203.000 44.001 
204.000 44.001 
205.000 44.001 
206.000 44.001 
207.000 44.001 
208.000 44.001 
209.000 44.002 
210.000 44.002 
211.000 44.002 
212.000 44.002 
213.000 44.002 
214.000 44.002 
215.000 44.002 
216.000 44.002 
217.000 44.002 
218.000 44.002 
219.000 44.002 
220.000 44.002 
221.000 44.002 
222.000 44.003 
223.000 44.003 
224.000 44.003 
225.000 44.003 
226.000 44.003 
227.000 44.003 
228.000 44.003 
229.000 44.003 
230.000 44.003 
231.000 44.003 
232.000 44.003 
233.000 44.003 
234.000 44.002 
235.000 44.002 
236.000 44.002 
237.000 44.002 
238.000 44.002 
239.000 44.002 
240.000 44.002 
241.000 44.002 
242.000 44.002 
243.000 44.002 
244.000 44.002 
245.000 44.002 
246.000 44.002 
247.000 44.002 
248.000 44.002 
249.000 44.002 
250.000 44.002 
251.000 44.002 
252.000 44.002 
253.000 44.002 
254.000 44.002 
255.000 44.002 
256.000 44.002 
257.000 44.001 
258.000 44.001 
259.000 44.001 
260.000 44.001 
261.000 44.001 
262.000 44.001 
263.000 44.001 
264.000 44.001 
265.000 44.001 
266.000 44.001 
267.000 44.001 
268.000 44.001 
269.000 44.001 
270.000 44.001 
271.000 44.001 
272.000 44.001 
273.000 44.001 
274.000 44.001 
275.000 44.001 
276.000 44.001 
277.000 44.001 
278.000 44.001 
279.000 44.001 
280.000 44.001 
281.000 44.001 
282.000 44.001 
283.000 44.001 
284.000 44.001 
285.000 44.000 
286.000 44.000 
287.000 44.000 
288.000 44.000 
289.000 44.000 
290.000 44.000 
291.000 44.000 
292.000 44.000 
293.000 44.000 
294.000 44.000 
295.000 44.000 
296.000 44.000 
297.000 44.000 
298.000 44.000 
299.000 44.000 
300.000 44.000 
301.000 44.000 
302.000 44.000 
303.000 44.000 
304.000 44.000 
305.000 44.000 
306.000 44.000 
307.000 44.000 
308.000 43.988 
309.000 43.953 
310.000 43.898 
311.000 43.827 
312.000 43.739 
313.000 43.639 
314.000 43.526 
315.000 43.403 
316.000 43.270 
317.000 43.130 
318.000 42.983 
319.000 42.831 
320.000 42.674 
321.000 42.514 
322.000 42.352 
323.000 42.187 
324.000 42.022 
325.000 41.856 
326.000 41.690 
327.000 41.525 
328.000 41.362 
329.000 41.200 
330.000 41.041 
331.000 40.885 
332.000 40.731 
333.000 40.581 
334.000 40.435 
335.000 40.292 
336.000 40.154 
337.000 40.020 
338.000 39.891 
339.000 39.766 
340.000 39.646 
341.000 39.530 
342.000 39.420 
343.000 39.314 
344.000 39.213 
345.000 39.117 
346.000 39.026 
347.000 38.940 
348.000 38.859 
349.000 38.782 
350.000 38.710 
351.000 38.642 
352.000 38.579 
353.000 38.520 
354.000 38.466 
355.000 38.416 
356.000 38.370 
357.000 38.327 
358.000 38.289 
359.000 38.254 
360.000 38.222 
361.000 38.194 
362.000 38.170 
363.000 38.148 
364.000 38.130 
365.000 38.114 
366.000 38.101 
367.000 38.090 
368.000 38.082 
369.000 38.077 
370.000 38.073 
371.000 38.072 
372.000 38.072 
373.000 38.075 
374.000 38.079 
375.000 38.084 
376.000 38.091 
377.000 38.100 
378.000 38.110 
379.000 38.120 
380.000 38.132 
381.000 38.145 
382.000 38.159 
383.000 38.174 
384.000 38.189 
385.000 38.205 
386.000 38.221 
387.000 38.238 
388.000 38.256 
389.000 38.273 
390.000 38.291 
391.000 38.309 
392.000 38.328 
393.000 38.346 
394.000 38.365 
395.000 38.383 
396.000 38.402 
397.000 38.420 
398.000 38.438 
399.000 38.456 
400.000 38.474 
401.000 38.492 
402.000 38.510 
403.000 38.527 
404.000 38.544 
405.000 38.561 
406.000 38.577 
407.000 38.594 
408.000 38.609 
409.000 38.625 
410.000 38.640 
411.000 38.655 
412.000 38.669 
413.000 38.683 
414.000 38.696 
415.000 38.710 
416.000 38.722 
417.000 38.735 
418.000 38.747 
419.000 38.758 
420.000 38.769 
421.000 38.780 
422.000 38.791 
423.000 38.801 
424.000 38.810 
425.000 38.820 
426.000 38.828 
427.000 38.837 
428.000 38.845 
429.000 38.853 
430.000 38.861 
431.000 38.868 
432.000 38.875 
433.000 38.881 
434.000 38.887 
435.000 38.893 
436.000 38.899 
437.000 38.905 
438.000 38.910 
439.000 38.915 
440.000 38.919 
441.000 38.924 
442.000 38.928 
443.000 38.932 
444.000 38.935 
445.000 38.939 
446.000 38.942 
447.000 38.945 
448.000 38.948 
449.000 38.951 
450.000 38.954 
451.000 38.956 
452.000 38.958 
453.000 38.961 
454.000 38.963 
455.000 38.964 
456.000 38.966 
457.000 38.968 
458.000 38.969 
459.000 38.971 
460.000 38.972 
461.000 38.973 
462.000 38.975 
463.000 38.976 
464.000 38.977 
465.000 38.978 
466.000 38.978 
467.000 38.979 
468.000 38.980 
469.000 38.981 
470.000 38.981 
471.000 38.982 
472.000 38.982 
473.000 38.983 
474.000 38.983 
475.000 38.984 
476.000 38.984 
477.000 38.984 
478.000 38.985 
479.000 38.985 
480.000 38.985 
481.000 38.986 
482.000 38.986 
483.000 38.986 
484.000 38.986 
485.000 38.987 
486.000 38.987 
487.000 38.987 
488.000 38.987 
489.000 38.987 
490.000 38.987 
491.000 38.988 
492.000 38.988 
493.000 38.988 
494.000 38.988 
495.000 38.988 
496.000 38.988 
497.000 38.988 
498.000 38.989 
499.000 38.989 
500.000 38.989 
501.000 38.989 
502.000 38.989 
503.000 38.989 
504.000 38.989 
505.000 38.990 
506.000 38.990 
507.000 38.990 
508.000 38.990 
509.000 38.990 
510.000 38.990 
511.000 38.990 
512.000 38.990 
513.000 38.991 
514.000 38.991 
515.000 38.991 
516.000 38.991 
517.000 38.991 
518.000 38.991 
519.000 38.991 
520.000 38.992 
521.000 38.992 
522.000 38.992 
523.000 38.992 
524.000 38.992 
525.000 38.992 
526.000 38.993 
527.000 38.993 
528.000 38.993 
529.000 38.993 
530.000 38.993 
531.000 38.993 
532.000 38.993 
533.000 38.994 
534.000 38.994 
535.000 38.994 
536.000 38.994 
537.000 38.994 
538.000 38.994 
539.000 38.994 
540.000 38.995 
541.000 38.995 
542.000 38.995 
543.000 38.995 
544.000 38.995 
545.000 38.995 
546.000 38.995 
547.000 38.995 
548.000 38.996 
549.000 38.996 
550.000 38.996 
551.000 38.996 
552.000 38.996 
553.000 38.996 
554.000 38.996 
555.000 38.996 
556.000 38.997 
557.000 38.997 
558.000 38.997 
559.000 38.997 
560.000 38.997 
561.000 38.997 
562.000 38.997 
563.000 38.997 
564.000 38.997 
565.000 38.997 
566.000 38.997 
567.000 38.998 
568.000 38.998 
569.000 38.998 
570.000 38.998 
571.000 38.998 
572.000 38.998 
573.000 38.998 
574.000 38.998 
575.000 38.998 
576.000 38.998 
577.000 38.998 
578.000 38.998 
579.000 38.998 
580.000 38.998 
581.000 38.998 
582.000 38.999 
583.000 38.999 
584.000 38.999 
585.000 38.999 
586.000 38.999 
587.000 38.999 
588.000 38.999 
589.000 38.999 
590.000 38.999 
591.000 38.999 
592.000 38.999 
593.000 38.999 
594.000 38.999 
595.000 38.999 
596.000 38.999 
597.000 38.999 
598.000 38.999 
599.000 38.999 
600.000 38.999 
