1.000 35.620 
2.000 35.620 
3.000 35.620 
4.000 35.620 
5.000 35.620 
6.000 35.620 
7.000 35.620 
8.000 35.639 
9.000 35.689 
10.000 35.759 
11.000 35.849 
12.000 35.954 
13.000 36.075 
14.000 36.209 
15.000 36.355 
16.000 36.512 
17.000 36.678 
18.000 36.852 
19.000 37.032 
20.000 37.218 
21.000 37.409 
22.000 37.603 
23.000 37.800 
24.000 37.999 
25.000 38.198 
26.000 38.398 
27.000 38.597 
28.000 38.795 
29.000 38.991 
30.000 39.185 
31.000 39.376 
32.000 39.564 
33.000 39.748 
34.000 39.929 
35.000 40.105 
36.000 40.277 
37.000 40.444 
38.000 40.607 
39.000 40.764 
40.000 40.916 
41.000 41.063 
42.000 41.204 
43.000 41.341 
44.000 41.471 
45.000 41.597 
46.000 41.717 
47.000 41.832 
48.000 41.942 
49.000 42.046 
50.000 42.145 
51.000 42.240 
52.000 42.329 
53.000 42.414 
54.000 42.494 
55.000 42.570 
56.000 42.641 
57.000 42.708 
58.000 42.771 
59.000 42.830 
60.000 42.886 
61.000 42.937 
62.000 42.986 
63.000 43.031 
64.000 43.072 
65.000 43.111 
66.000 43.147 
67.000 43.181 
68.000 43.211 
69.000 43.240 
70.000 43.266 
71.000 43.290 
72.000 43.312 
73.000 43.332 
74.000 43.351 
75.000 43.368 
76.000 43.383 
77.000 43.397 
78.000 43.410 
79.000 43.421 
80.000 43.432 
81.000 43.441 
82.000 43.450 
83.000 43.458 
84.000 43.465 
85.000 43.471 
86.000 43.477 
87.000 43.482 
88.000 43.487 
89.000 43.492 
90.000 43.496 
91.000 43.500 
92.000 43.504 
93.000 43.507 
94.000 43.510 
95.000 43.513 
96.000 43.517 
97.000 43.520 
98.000 43.523 
99.000 43.526 
100.000 43.529 
101.000 43.532 
102.000 43.535 
103.000 43.538 
104.000 43.541 
105.000 43.544 
106.000 43.548 
107.000 43.551 
108.000 43.555 
109.000 43.559 
110.000 43.563 
111.000 43.567 
112.000 43.571 
113.000 43.575 
114.000 43.579 
115.000 43.584 
116.000 43.588 
117.000 43.593 
118.000 43.598 
119.000 43.603 
120.000 43.608 
121.000 43.613 
122.000 43.618 
123.000 43.623 
124.000 43.628 
125.000 43.634 
126.000 43.639 
127.000 43.644 
128.000 43.650 
129.000 43.655 
130.000 43.661 
131.000 43.666 
132.000 43.672 
133.000 43.677 
134.000 43.683 
135.000 43.689 
136.000 43.694 
137.000 43.700 
138.000 43.705 
139.000 43.711 
140.000 43.716 
141.000 43.721 
142.000 43.727 
143.000 43.732 
144.000 43.737 
145.000 43.743 
146.000 43.748 
147.000 43.753 
148.000 43.758 
149.000 43.763 
150.000 43.768 
151.000 43.773 
152.000 43.777 
153.000 43.782 
154.000 43.787 
155.000 43.791 
156.000 43.796 
157.000 43.800 
158.000 43.804 
159.000 43.808 
160.000 43.813 
161.000 43.817 
162.000 43.821 
163.000 43.824 
164.000 43.828 
165.000 43.832 
166.000 43.836 
167.000 43.839 
168.000 43.843 
169.000 43.846 
170.000 43.849 
171.000 43.853 
172.000 43.856 
173.000 43.859 
174.000 43.862 
175.000 43.865 
176.000 43.868 
177.000 43.871 
178.000 43.874 
179.000 43.876 
180.000 43.879 
181.000 43.881 
182.000 43.884 
183.000 43.886 
184.000 43.889 
185.000 43.891 
186.000 43.893 
187.000 43.896 
188.000 43.898 
189.000 43.900 
190.000 43.902 
191.000 43.904 
192.000 43.906 
193.000 43.908 
194.000 43.910 
195.000 43.911 
196.000 43.913 
197.000 43.915 
198.000 43.917 
199.000 43.918 
200.000 43.920 
201.000 43.921 
202.000 43.923 
203.000 43.925 
204.000 43.926 
205.000 43.927 
206.000 43.929 
207.000 43.930 
208.000 43.932 
209.000 43.933 
210.000 43.934 
211.000 43.935 
212.000 43.937 
213.000 43.938 
214.000 43.939 
215.000 43.940 
216.000 43.941 
217.000 43.943 
218.000 43.944 
219.000 43.945 
220.000 43.946 
221.000 43.947 
222.000 43.948 
223.000 43.949 
224.000 43.950 
225.000 43.951 
226.000 43.952 
227.000 43.953 
228.000 43.953 
229.000 43.954 
230.000 43.955 
231.000 43.956 
232.000 43.957 
233.000 43.958 
234.000 43.958 
235.000 43.959 
236.000 43.960 
237.000 43.961 
238.000 43.961 
239.000 43.962 
240.000 43.963 
241.000 43.964 
242.000 43.964 
243.000 43.965 
244.000 43.966 
245.000 43.966 
246.000 43.967 
247.000 43.968 
248.000 43.968 
249.000 43.969 
250.000 43.969 
251.000 43.970 
252.000 43.971 
253.000 43.971 
254.000 43.972 
255.000 43.972 
256.000 43.973 
257.000 43.973 
258.000 43.974 
259.000 43.974 
260.000 43.975 
261.000 43.975 
262.000 43.976 
263.000 43.976 
264.000 43.977 
265.000 43.977 
266.000 43.978 
267.000 43.978 
268.000 43.978 
269.000 43.979 
270.000 43.979 
271.000 43.980 
272.000 43.980 
273.000 43.980 
274.000 43.981 
275.000 43.981 
276.000 43.982 
277.000 43.982 
278.000 43.982 
279.000 43.983 
280.000 43.983 
281.000 43.983 
282.000 43.984 
283.000 43.984 
284.000 43.984 
285.000 43.985 
286.000 43.985 
287.000 43.985 
288.000 43.985 
289.000 43.986 
290.000 43.986 
291.000 43.986 
292.000 43.987 
293.000 43.987 
294.000 43.987 
295.000 43.987 
296.000 43.988 
297.000 43.988 
298.000 43.988 
299.000 43.988 
300.000 43.989 
301.000 43.989 
302.000 43.989 
303.000 43.989 
304.000 43.989 
305.000 43.990 
306.000 43.990 
307.000 43.990 
308.000 43.976 
309.000 43.940 
310.000 43.887 
311.000 43.819 
312.000 43.739 
313.000 43.648 
314.000 43.546 
315.000 43.436 
316.000 43.318 
317.000 43.193 
318.000 43.063 
319.000 42.928 
320.000 42.789 
321.000 42.648 
322.000 42.504 
323.000 42.359 
324.000 42.214 
325.000 42.068 
326.000 41.923 
327.000 41.779 
328.000 41.637 
329.000 41.496 
330.000 41.358 
331.000 41.223 
332.000 41.090 
333.000 40.961 
334.000 40.836 
335.000 40.714 
336.000 40.597 
337.000 40.483 
338.000 40.373 
339.000 40.268 
340.000 40.167 
341.000 40.071 
342.000 39.978 
343.000 39.891 
344.000 39.807 
345.000 39.728 
346.000 39.653 
347.000 39.583 
348.000 39.516 
349.000 39.454 
350.000 39.396 
351.000 39.341 
352.000 39.290 
353.000 39.243 
354.000 39.200 
355.000 39.160 
356.000 39.123 
357.000 39.089 
358.000 39.058 
359.000 39.031 
360.000 39.006 
361.000 38.983 
362.000 38.963 
363.000 38.945 
364.000 38.930 
365.000 38.917 
366.000 38.905 
367.000 38.896 
368.000 38.888 
369.000 38.882 
370.000 38.877 
371.000 38.873 
372.000 38.871 
373.000 38.870 
374.000 38.870 
375.000 38.871 
376.000 38.873 
377.000 38.876 
378.000 38.879 
379.000 38.883 
380.000 38.887 
381.000 38.892 
382.000 38.898 
383.000 38.904 
384.000 38.910 
385.000 38.916 
386.000 38.922 
387.000 38.929 
388.000 38.935 
389.000 38.942 
390.000 38.949 
391.000 38.955 
392.000 38.962 
393.000 38.969 
394.000 38.975 
395.000 38.981 
396.000 38.987 
397.000 38.993 
398.000 38.999 
399.000 39.005 
400.000 39.010 
401.000 39.015 
402.000 39.020 
403.000 39.025 
404.000 39.029 
405.000 39.033 
406.000 39.037 
407.000 39.041 
408.000 39.044 
409.000 39.047 
410.000 39.050 
411.000 39.053 
412.000 39.056 
413.000 39.058 
414.000 39.060 
415.000 39.062 
416.000 39.063 
417.000 39.065 
418.000 39.066 
419.000 39.067 
420.000 39.068 
421.000 39.068 
422.000 39.069 
423.000 39.069 
424.000 39.069 
425.000 39.069 
426.000 39.069 
427.000 39.069 
428.000 39.069 
429.000 39.068 
430.000 39.068 
431.000 39.067 
432.000 39.067 
433.000 39.066 
434.000 39.065 
435.000 39.064 
436.000 39.063 
437.000 39.062 
438.000 39.061 
439.000 39.060 
440.000 39.059 
441.000 39.058 
442.000 39.056 
443.000 39.055 
444.000 39.054 
445.000 39.053 
446.000 39.052 
447.000 39.050 
448.000 39.049 
449.000 39.048 
450.000 39.047 
451.000 39.045 
452.000 39.044 
453.000 39.043 
454.000 39.042 
455.000 39.041 
456.000 39.039 
457.000 39.038 
458.000 39.037 
459.000 39.036 
460.000 39.035 
461.000 39.034 
462.000 39.033 
463.000 39.032 
464.000 39.031 
465.000 39.030 
466.000 39.029 
467.000 39.028 
468.000 39.027 
469.000 39.026 
470.000 39.026 
471.000 39.025 
472.000 39.024 
473.000 39.023 
474.000 39.023 
475.000 39.022 
476.000 39.021 
477.000 39.021 
478.000 39.020 
479.000 39.020 
480.000 39.019 
481.000 39.018 
482.000 39.018 
483.000 39.017 
484.000 39.017 
485.000 39.017 
486.000 39.016 
487.000 39.016 
488.000 39.015 
489.000 39.015 
490.000 39.015 
491.000 39.014 
492.000 39.014 
493.000 39.014 
494.000 39.013 
495.000 39.013 
496.000 39.013 
497.000 39.012 
498.000 39.012 
499.000 39.012 
500.000 39.012 
501.000 39.011 
502.000 39.011 
503.000 39.011 
504.000 39.011 
505.000 39.010 
506.000 39.010 
507.000 39.010 
508.000 39.010 
509.000 39.010 
510.000 39.010 
511.000 39.009 
512.000 39.009 
513.000 39.009 
514.000 39.009 
515.000 39.009 
516.000 39.009 
517.000 39.008 
518.000 39.008 
519.000 39.008 
520.000 39.008 
521.000 39.008 
522.000 39.008 
523.000 39.008 
524.000 39.008 
525.000 39.007 
526.000 39.007 
527.000 39.007 
528.000 39.007 
529.000 39.007 
530.000 39.007 
531.000 39.007 
532.000 39.007 
533.000 39.006 
534.000 39.006 
535.000 39.006 
536.000 39.006 
537.000 39.006 
538.000 39.006 
539.000 39.006 
540.000 39.006 
541.000 39.006 
542.000 39.006 
543.000 39.005 
544.000 39.005 
545.000 39.005 
546.000 39.005 
547.000 39.005 
548.000 39.005 
549.000 39.005 
550.000 39.005 
551.000 39.005 
552.000 39.005 
553.000 39.005 
554.000 39.004 
555.000 39.004 
556.000 39.004 
557.000 39.004 
558.000 39.004 
559.000 39.004 
560.000 39.004 
561.000 39.004 
562.000 39.004 
563.000 39.004 
564.000 39.004 
565.000 39.004 
566.000 39.004 
567.000 39.004 
568.000 39.003 
569.000 39.003 
570.000 39.003 
571.000 39.003 
572.000 39.003 
573.000 39.003 
574.000 39.003 
575.000 39.003 
576.000 39.003 
577.000 39.003 
578.000 39.003 
579.000 39.003 
580.000 39.003 
581.000 39.003 
582.000 39.003 
583.000 39.003 
584.000 39.002 
585.000 39.002 
586.000 39.002 
587.000 39.002 
588.000 39.002 
589.000 39.002 
590.000 39.002 
591.000 39.002 
592.000 39.002 
593.000 39.002 
594.000 39.002 
595.000 39.002 
596.000 39.002 
597.000 39.002 
598.000 39.002 
599.000 39.002 
600.000 39.002 
