1.000 28.000 
2.000 34.099 
3.000 39.795 
4.000 45.100 
5.000 50.029 
6.000 54.647 
7.000 58.913 
8.000 62.841 
9.000 66.444 
10.000 69.738 
11.000 72.741 
12.000 75.473 
13.000 77.951 
14.000 80.195 
15.000 82.173 
16.000 83.959 
17.000 85.527 
18.000 86.897 
19.000 88.088 
20.000 89.066 
21.000 89.905 
22.000 90.569 
23.000 91.126 
24.000 91.548 
25.000 91.840 
26.000 92.026 
27.000 92.066 
28.000 92.020 
29.000 91.862 
30.000 91.641 
31.000 91.322 
32.000 90.923 
33.000 90.446 
34.000 89.899 
35.000 89.292 
36.000 88.638 
37.000 87.936 
38.000 87.192 
39.000 86.367 
40.000 85.512 
41.000 84.639 
42.000 83.743 
43.000 82.782 
44.000 81.807 
45.000 80.775 
46.000 79.734 
47.000 78.642 
48.000 77.555 
49.000 76.464 
50.000 75.371 
51.000 74.230 
52.000 73.090 
53.000 71.958 
54.000 70.824 
55.000 69.690 
56.000 68.605 
57.000 67.470 
58.000 66.376 
59.000 65.274 
60.000 64.216 
61.000 63.147 
62.000 62.065 
63.000 61.022 
64.000 60.007 
65.000 58.979 
66.000 58.019 
67.000 57.084 
68.000 56.164 
69.000 55.263 
70.000 54.371 
71.000 53.537 
72.000 52.757 
73.000 51.972 
74.000 51.233 
75.000 50.535 
76.000 49.875 
77.000 49.239 
78.000 48.677 
79.000 48.137 
80.000 47.660 
81.000 47.241 
82.000 46.828 
83.000 46.510 
84.000 46.232 
85.000 45.991 
86.000 45.782 
87.000 45.601 
88.000 45.445 
89.000 45.310 
90.000 45.237 
91.000 45.176 
92.000 45.126 
93.000 45.083 
94.000 45.098 
95.000 45.114 
96.000 45.173 
97.000 45.229 
98.000 45.323 
99.000 45.409 
100.000 45.530 
101.000 45.639 
102.000 45.831 
103.000 46.005 
104.000 46.250 
105.000 46.523 
106.000 46.814 
107.000 47.078 
108.000 47.359 
109.000 47.656 
110.000 47.923 
111.000 48.214 
112.000 48.519 
113.000 48.792 
114.000 49.080 
115.000 49.382 
116.000 49.653 
117.000 49.945 
118.000 50.252 
119.000 50.571 
120.000 50.901 
121.000 51.251 
122.000 51.610 
123.000 51.979 
124.000 52.313 
125.000 52.658 
126.000 52.969 
127.000 53.249 
128.000 53.552 
129.000 53.825 
130.000 54.114 
131.000 54.375 
132.000 54.610 
133.000 54.865 
134.000 55.095 
135.000 55.303 
136.000 55.490 
137.000 55.658 
138.000 55.809 
139.000 55.944 
140.000 56.066 
141.000 56.175 
142.000 56.274 
143.000 56.363 
144.000 56.488 
145.000 56.604 
146.000 56.710 
147.000 56.808 
148.000 56.898 
149.000 56.983 
150.000 57.062 
151.000 57.136 
152.000 57.207 
153.000 57.273 
154.000 57.336 
155.000 57.397 
156.000 57.456 
157.000 57.512 
158.000 57.568 
159.000 57.577 
160.000 57.589 
161.000 57.602 
162.000 57.574 
163.000 57.551 
164.000 57.488 
165.000 57.434 
166.000 57.336 
167.000 57.204 
168.000 57.086 
169.000 56.936 
170.000 56.802 
171.000 56.639 
172.000 56.440 
173.000 56.262 
174.000 56.058 
175.000 55.874 
176.000 55.710 
177.000 55.565 
178.000 55.392 
179.000 55.238 
180.000 55.103 
181.000 54.984 
182.000 54.880 
183.000 54.791 
184.000 54.671 
185.000 54.565 
186.000 54.421 
187.000 54.293 
188.000 54.180 
189.000 54.080 
190.000 53.948 
191.000 53.831 
192.000 53.726 
193.000 53.634 
194.000 53.554 
195.000 53.483 
196.000 53.421 
197.000 53.368 
198.000 53.278 
199.000 53.198 
200.000 53.127 
201.000 53.064 
202.000 53.008 
203.000 52.959 
204.000 52.915 
205.000 52.833 
206.000 52.759 
207.000 52.691 
208.000 52.630 
209.000 52.575 
210.000 52.526 
211.000 52.481 
212.000 52.441 
213.000 52.405 
214.000 52.373 
215.000 52.344 
216.000 52.318 
217.000 52.294 
218.000 52.273 
219.000 52.253 
220.000 52.235 
221.000 52.219 
222.000 52.203 
223.000 52.189 
224.000 52.176 
225.000 52.163 
226.000 52.195 
227.000 52.224 
228.000 52.296 
229.000 52.362 
230.000 52.423 
231.000 52.478 
232.000 52.573 
233.000 52.660 
234.000 52.739 
235.000 52.812 
236.000 52.877 
237.000 52.936 
238.000 52.988 
239.000 53.035 
240.000 53.076 
241.000 53.112 
242.000 53.144 
243.000 53.171 
244.000 53.150 
245.000 53.129 
246.000 53.107 
247.000 53.085 
248.000 53.063 
249.000 53.086 
250.000 53.106 
251.000 53.125 
252.000 53.141 
253.000 53.156 
254.000 53.168 
255.000 53.232 
256.000 53.290 
257.000 53.344 
258.000 53.437 
259.000 53.524 
260.000 53.604 
261.000 53.721 
262.000 53.830 
263.000 53.930 
264.000 54.022 
265.000 54.150 
266.000 54.268 
267.000 54.376 
268.000 54.476 
269.000 54.566 
270.000 54.649 
271.000 54.724 
272.000 54.792 
273.000 54.853 
274.000 54.909 
275.000 54.960 
276.000 55.006 
277.000 55.047 
278.000 55.085 
279.000 55.119 
280.000 55.150 
281.000 55.179 
282.000 55.161 
283.000 55.143 
284.000 55.127 
285.000 55.068 
286.000 55.014 
287.000 54.963 
288.000 54.917 
289.000 54.876 
290.000 54.838 
291.000 54.805 
292.000 54.776 
293.000 54.750 
294.000 54.728 
295.000 54.710 
296.000 54.695 
297.000 54.683 
298.000 54.629 
299.000 54.581 
300.000 54.538 
301.000 50.803 
302.000 47.318 
303.000 44.073 
304.000 41.008 
305.000 38.171 
306.000 35.551 
307.000 33.141 
308.000 30.887 
309.000 28.827 
310.000 26.949 
311.000 25.242 
312.000 23.694 
313.000 22.293 
314.000 21.026 
315.000 19.882 
316.000 18.894 
317.000 18.056 
318.000 17.301 
319.000 16.665 
320.000 16.135 
321.000 15.657 
322.000 15.267 
323.000 14.962 
324.000 14.726 
325.000 14.595 
326.000 14.521 
327.000 14.491 
328.000 14.541 
329.000 14.627 
330.000 14.781 
331.000 15.002 
332.000 15.277 
333.000 15.651 
334.000 16.064 
335.000 16.517 
336.000 17.000 
337.000 17.516 
338.000 18.054 
339.000 18.661 
340.000 19.289 
341.000 19.927 
342.000 20.581 
343.000 21.285 
344.000 21.999 
345.000 22.670 
346.000 23.352 
347.000 24.036 
348.000 24.773 
349.000 25.510 
350.000 26.207 
351.000 26.907 
352.000 27.615 
353.000 28.324 
354.000 28.991 
355.000 29.670 
356.000 30.310 
357.000 30.965 
358.000 31.628 
359.000 32.255 
360.000 32.901 
361.000 33.514 
362.000 34.148 
363.000 34.752 
364.000 35.328 
365.000 35.879 
366.000 36.416 
367.000 36.932 
368.000 37.431 
369.000 37.870 
370.000 38.298 
371.000 38.725 
372.000 39.101 
373.000 39.474 
374.000 39.801 
375.000 40.132 
376.000 40.422 
377.000 40.720 
378.000 40.982 
379.000 41.264 
380.000 41.512 
381.000 41.732 
382.000 41.969 
383.000 42.180 
384.000 42.367 
385.000 42.532 
386.000 42.678 
387.000 42.852 
388.000 43.007 
389.000 43.146 
390.000 43.226 
391.000 43.297 
392.000 43.359 
393.000 43.414 
394.000 43.419 
395.000 43.421 
396.000 43.423 
397.000 43.372 
398.000 43.281 
399.000 43.196 
400.000 43.075 
401.000 42.963 
402.000 42.818 
403.000 42.686 
404.000 42.515 
405.000 42.359 
406.000 42.219 
407.000 42.050 
408.000 41.897 
409.000 41.760 
410.000 41.639 
411.000 41.488 
412.000 41.353 
413.000 41.189 
414.000 41.043 
415.000 40.861 
416.000 40.698 
417.000 40.552 
418.000 40.378 
419.000 40.221 
420.000 40.037 
421.000 39.872 
422.000 39.679 
423.000 39.506 
424.000 39.350 
425.000 39.158 
426.000 38.985 
427.000 38.829 
428.000 38.645 
429.000 38.479 
430.000 38.329 
431.000 38.194 
432.000 38.029 
433.000 37.879 
434.000 37.744 
435.000 37.622 
436.000 37.512 
437.000 37.414 
438.000 37.325 
439.000 37.246 
440.000 37.130 
441.000 37.025 
442.000 36.929 
443.000 36.842 
444.000 36.762 
445.000 36.689 
446.000 36.623 
447.000 36.562 
448.000 36.550 
449.000 36.540 
450.000 36.530 
451.000 36.522 
452.000 36.514 
453.000 36.550 
454.000 36.582 
455.000 36.612 
456.000 36.683 
457.000 36.747 
458.000 36.804 
459.000 36.856 
460.000 36.953 
461.000 37.041 
462.000 37.121 
463.000 37.191 
464.000 37.254 
465.000 37.309 
466.000 37.356 
467.000 37.441 
468.000 37.517 
469.000 37.584 
470.000 37.643 
471.000 37.694 
472.000 37.738 
473.000 37.776 
474.000 37.807 
475.000 37.833 
476.000 37.855 
477.000 37.871 
478.000 37.884 
479.000 37.893 
480.000 37.898 
481.000 37.901 
482.000 37.901 
483.000 37.900 
484.000 37.896 
485.000 37.890 
486.000 37.884 
487.000 37.876 
488.000 37.867 
489.000 37.857 
490.000 37.847 
491.000 37.836 
492.000 37.825 
493.000 37.814 
494.000 37.802 
495.000 37.791 
496.000 37.779 
497.000 37.767 
498.000 37.755 
499.000 37.788 
500.000 37.774 
501.000 37.804 
502.000 37.831 
503.000 37.856 
504.000 37.878 
505.000 37.898 
506.000 37.915 
507.000 37.931 
508.000 37.988 
509.000 37.997 
510.000 38.004 
511.000 38.009 
512.000 38.012 
513.000 38.015 
514.000 38.016 
515.000 38.016 
516.000 38.015 
517.000 38.013 
518.000 38.011 
519.000 38.008 
520.000 38.004 
521.000 38.000 
522.000 38.040 
523.000 38.077 
524.000 38.110 
525.000 38.141 
526.000 38.169 
527.000 38.194 
528.000 38.217 
529.000 38.237 
530.000 38.255 
531.000 38.272 
532.000 38.337 
533.000 38.398 
534.000 38.402 
535.000 38.405 
536.000 38.406 
537.000 38.407 
538.000 38.406 
539.000 38.405 
540.000 38.403 
541.000 38.401 
542.000 38.399 
543.000 38.396 
544.000 38.393 
545.000 38.390 
546.000 38.387 
547.000 38.384 
548.000 38.381 
549.000 38.378 
550.000 38.376 
551.000 38.373 
552.000 38.370 
553.000 38.368 
554.000 38.366 
555.000 38.364 
556.000 38.362 
557.000 38.316 
558.000 38.273 
559.000 38.233 
560.000 38.196 
561.000 38.162 
562.000 38.130 
563.000 38.101 
564.000 38.075 
565.000 38.050 
566.000 38.028 
567.000 38.008 
568.000 37.990 
569.000 38.018 
570.000 38.044 
571.000 38.070 
572.000 38.093 
573.000 38.116 
574.000 38.137 
575.000 38.156 
576.000 38.174 
577.000 38.146 
578.000 38.119 
579.000 38.094 
580.000 38.071 
581.000 38.048 
582.000 38.027 
583.000 38.008 
584.000 37.989 
585.000 37.972 
586.000 37.956 
587.000 37.941 
588.000 37.928 
589.000 37.915 
590.000 37.903 
591.000 37.892 
592.000 37.882 
593.000 37.873 
594.000 37.865 
595.000 37.857 
596.000 37.849 
597.000 37.842 
598.000 37.836 
599.000 37.874 
600.000 37.910 
