1.000 28.000 
2.000 36.488 
3.000 44.326 
4.000 51.539 
5.000 58.153 
6.000 64.194 
7.000 69.687 
8.000 74.591 
9.000 79.003 
10.000 82.894 
11.000 86.358 
12.000 89.428 
13.000 92.079 
14.000 94.350 
15.000 96.269 
16.000 97.939 
17.000 99.275 
18.000 100.000 
19.000 100.000 
20.000 100.000 
21.000 100.000 
22.000 100.000 
23.000 100.000 
24.000 100.000 
25.000 100.000 
26.000 100.000 
27.000 100.000 
28.000 100.000 
29.000 100.000 
30.000 99.934 
31.000 98.837 
32.000 97.640 
33.000 96.356 
34.000 94.998 
35.000 93.577 
36.000 92.104 
37.000 90.587 
38.000 89.035 
39.000 87.455 
40.000 85.852 
41.000 84.230 
42.000 82.593 
43.000 80.945 
44.000 79.286 
45.000 77.687 
46.000 76.133 
47.000 74.563 
48.000 72.978 
49.000 71.435 
50.000 69.931 
51.000 68.404 
52.000 66.920 
53.000 65.465 
54.000 64.035 
55.000 62.693 
56.000 61.363 
57.000 60.041 
58.000 58.792 
59.000 57.539 
60.000 56.338 
61.000 55.192 
62.000 54.083 
63.000 53.017 
64.000 51.976 
65.000 50.965 
66.000 50.037 
67.000 49.173 
68.000 48.375 
69.000 47.633 
70.000 46.941 
71.000 46.282 
72.000 45.718 
73.000 45.180 
74.000 44.721 
75.000 44.273 
76.000 43.891 
77.000 43.567 
78.000 43.292 
79.000 43.003 
80.000 42.756 
81.000 42.544 
82.000 42.421 
83.000 42.318 
84.000 42.291 
85.000 42.330 
86.000 42.438 
87.000 42.541 
88.000 42.693 
89.000 42.889 
90.000 43.124 
91.000 43.402 
92.000 43.708 
93.000 44.039 
94.000 44.391 
95.000 44.769 
96.000 45.104 
97.000 45.455 
98.000 45.820 
99.000 46.265 
100.000 46.714 
101.000 47.109 
102.000 47.512 
103.000 47.921 
104.000 48.345 
105.000 48.773 
106.000 49.205 
107.000 49.641 
108.000 50.021 
109.000 50.419 
110.000 50.822 
111.000 51.175 
112.000 51.537 
113.000 51.910 
114.000 52.302 
115.000 52.645 
116.000 53.002 
117.000 53.313 
118.000 53.641 
119.000 53.928 
120.000 54.235 
121.000 54.503 
122.000 54.736 
123.000 55.005 
124.000 55.241 
125.000 55.447 
126.000 55.626 
127.000 55.839 
128.000 56.027 
129.000 56.191 
130.000 56.335 
131.000 56.519 
132.000 56.624 
133.000 56.716 
134.000 56.797 
135.000 56.867 
136.000 56.871 
137.000 56.872 
138.000 56.871 
139.000 56.870 
140.000 56.869 
141.000 56.870 
142.000 56.871 
143.000 56.875 
144.000 56.881 
145.000 56.823 
146.000 56.773 
147.000 56.672 
148.000 56.584 
149.000 56.507 
150.000 56.442 
151.000 56.330 
152.000 56.174 
153.000 56.037 
154.000 55.917 
155.000 55.747 
156.000 55.596 
157.000 55.466 
158.000 55.295 
159.000 55.146 
160.000 55.017 
161.000 54.848 
162.000 54.701 
163.000 54.516 
164.000 54.354 
165.000 54.213 
166.000 54.024 
167.000 53.858 
168.000 53.656 
169.000 53.478 
170.000 53.322 
171.000 53.128 
172.000 52.958 
173.000 52.809 
174.000 52.679 
175.000 52.567 
176.000 52.472 
177.000 52.390 
178.000 52.322 
179.000 52.266 
180.000 52.219 
181.000 52.124 
182.000 52.041 
183.000 51.968 
184.000 51.906 
185.000 51.909 
186.000 51.916 
187.000 51.925 
188.000 51.936 
189.000 51.948 
190.000 51.961 
191.000 51.973 
192.000 51.986 
193.000 51.998 
194.000 52.009 
195.000 52.019 
196.000 52.027 
197.000 52.035 
198.000 52.041 
199.000 52.045 
200.000 52.049 
201.000 52.051 
202.000 52.051 
203.000 52.051 
204.000 52.049 
205.000 52.046 
206.000 52.042 
207.000 52.038 
208.000 52.090 
209.000 52.137 
210.000 52.179 
211.000 52.216 
212.000 52.249 
213.000 52.336 
214.000 52.414 
215.000 52.551 
216.000 52.676 
217.000 52.789 
218.000 52.948 
219.000 53.092 
220.000 53.222 
221.000 53.338 
222.000 53.441 
223.000 53.533 
224.000 53.613 
225.000 53.683 
226.000 53.745 
227.000 53.797 
228.000 53.843 
229.000 53.881 
230.000 53.914 
231.000 53.941 
232.000 53.964 
233.000 53.984 
234.000 54.000 
235.000 54.013 
236.000 54.024 
237.000 53.975 
238.000 53.930 
239.000 53.887 
240.000 53.848 
241.000 53.744 
242.000 53.649 
243.000 53.505 
244.000 53.373 
245.000 53.253 
246.000 53.145 
247.000 53.048 
248.000 52.961 
249.000 52.884 
250.000 52.817 
251.000 52.758 
252.000 52.649 
253.000 52.609 
254.000 52.576 
255.000 52.549 
256.000 52.469 
257.000 52.397 
258.000 52.334 
259.000 52.278 
260.000 52.229 
261.000 52.186 
262.000 52.148 
263.000 52.115 
264.000 52.087 
265.000 52.062 
266.000 52.041 
267.000 52.023 
268.000 52.007 
269.000 52.051 
270.000 52.093 
271.000 52.131 
272.000 52.167 
273.000 52.200 
274.000 52.230 
275.000 52.257 
276.000 52.281 
277.000 52.303 
278.000 52.321 
279.000 52.337 
280.000 52.350 
281.000 52.360 
282.000 52.369 
283.000 52.376 
284.000 52.380 
285.000 52.383 
286.000 52.385 
287.000 52.385 
288.000 52.327 
289.000 52.271 
290.000 52.220 
291.000 52.171 
292.000 52.126 
293.000 52.084 
294.000 52.045 
295.000 52.009 
296.000 51.976 
297.000 51.946 
298.000 51.976 
299.000 52.004 
300.000 52.030 
301.000 47.242 
302.000 42.879 
303.000 38.863 
304.000 35.181 
305.000 31.817 
306.000 28.757 
307.000 25.988 
308.000 23.563 
309.000 21.392 
310.000 19.459 
311.000 17.746 
312.000 16.232 
313.000 14.901 
314.000 13.733 
315.000 12.768 
316.000 11.985 
317.000 11.365 
318.000 10.896 
319.000 10.553 
320.000 10.317 
321.000 10.242 
322.000 10.242 
323.000 10.361 
324.000 10.537 
325.000 10.807 
326.000 11.169 
327.000 11.599 
328.000 12.099 
329.000 12.647 
330.000 13.246 
331.000 13.878 
332.000 14.605 
333.000 15.349 
334.000 16.114 
335.000 16.888 
336.000 17.734 
337.000 18.588 
338.000 19.379 
339.000 20.169 
340.000 20.966 
341.000 21.760 
342.000 22.560 
343.000 23.356 
344.000 24.157 
345.000 24.954 
346.000 25.758 
347.000 26.558 
348.000 27.365 
349.000 28.170 
350.000 28.983 
351.000 29.737 
352.000 30.505 
353.000 31.219 
354.000 31.885 
355.000 32.575 
356.000 33.221 
357.000 33.828 
358.000 34.401 
359.000 35.010 
360.000 35.589 
361.000 36.140 
362.000 36.677 
363.000 37.193 
364.000 37.691 
365.000 38.117 
366.000 38.535 
367.000 38.957 
368.000 39.375 
369.000 39.734 
370.000 40.096 
371.000 40.406 
372.000 40.670 
373.000 40.949 
374.000 41.187 
375.000 41.388 
376.000 41.557 
377.000 41.698 
378.000 41.814 
379.000 41.908 
380.000 41.985 
381.000 42.046 
382.000 42.095 
383.000 42.133 
384.000 42.162 
385.000 42.185 
386.000 42.203 
387.000 42.217 
388.000 42.229 
389.000 42.181 
390.000 42.137 
391.000 42.097 
392.000 42.005 
393.000 41.921 
394.000 41.789 
395.000 41.671 
396.000 41.498 
397.000 41.344 
398.000 41.149 
399.000 40.975 
400.000 40.764 
401.000 40.575 
402.000 40.409 
403.000 40.206 
404.000 40.027 
405.000 39.802 
406.000 39.604 
407.000 39.430 
408.000 39.220 
409.000 39.035 
410.000 38.816 
411.000 38.622 
412.000 38.453 
413.000 38.305 
414.000 38.119 
415.000 37.957 
416.000 37.814 
417.000 37.691 
418.000 37.517 
419.000 37.364 
420.000 37.230 
421.000 37.054 
422.000 36.899 
423.000 36.762 
424.000 36.583 
425.000 36.423 
426.000 36.281 
427.000 36.155 
428.000 36.044 
429.000 35.946 
430.000 35.860 
431.000 35.784 
432.000 35.659 
433.000 35.606 
434.000 35.559 
435.000 35.518 
436.000 35.482 
437.000 35.450 
438.000 35.422 
439.000 35.396 
440.000 35.373 
441.000 35.351 
442.000 35.331 
443.000 35.369 
444.000 35.403 
445.000 35.433 
446.000 35.459 
447.000 35.538 
448.000 35.609 
449.000 35.672 
450.000 35.726 
451.000 35.840 
452.000 35.942 
453.000 36.032 
454.000 36.110 
455.000 36.178 
456.000 36.235 
457.000 36.284 
458.000 36.256 
459.000 36.292 
460.000 36.322 
461.000 36.277 
462.000 36.231 
463.000 36.185 
464.000 36.206 
465.000 36.222 
466.000 36.233 
467.000 36.241 
468.000 36.246 
469.000 36.247 
470.000 36.246 
471.000 36.242 
472.000 36.294 
473.000 36.340 
474.000 36.380 
475.000 36.414 
476.000 36.443 
477.000 36.525 
478.000 36.598 
479.000 36.662 
480.000 36.719 
481.000 36.769 
482.000 36.811 
483.000 36.848 
484.000 36.878 
485.000 36.903 
486.000 36.924 
487.000 36.939 
488.000 36.951 
489.000 36.960 
490.000 36.965 
491.000 36.968 
492.000 36.968 
493.000 36.967 
494.000 36.964 
495.000 36.959 
496.000 36.954 
497.000 36.947 
498.000 36.940 
499.000 36.933 
500.000 36.925 
501.000 36.916 
502.000 36.908 
503.000 36.899 
504.000 36.891 
505.000 36.882 
506.000 36.874 
507.000 36.866 
508.000 36.916 
509.000 36.961 
510.000 37.003 
511.000 37.040 
512.000 37.074 
513.000 37.105 
514.000 37.132 
515.000 37.156 
516.000 37.177 
517.000 37.195 
518.000 37.210 
519.000 37.223 
520.000 37.302 
521.000 37.373 
522.000 37.438 
523.000 37.496 
524.000 37.549 
525.000 37.596 
526.000 37.570 
527.000 37.612 
528.000 37.650 
529.000 37.683 
530.000 37.645 
531.000 37.609 
532.000 37.574 
533.000 37.542 
534.000 37.511 
535.000 37.483 
536.000 37.456 
537.000 37.432 
538.000 37.410 
539.000 37.458 
540.000 37.502 
541.000 37.544 
542.000 37.583 
543.000 37.619 
544.000 37.652 
545.000 37.683 
546.000 37.711 
547.000 37.736 
548.000 37.760 
549.000 37.781 
550.000 37.800 
551.000 37.817 
552.000 37.890 
553.000 37.957 
554.000 38.019 
555.000 38.075 
556.000 38.184 
557.000 38.283 
558.000 38.374 
559.000 38.457 
560.000 38.590 
561.000 38.712 
562.000 38.822 
563.000 38.922 
564.000 39.012 
565.000 39.036 
566.000 39.056 
567.000 39.072 
568.000 39.086 
569.000 39.097 
570.000 39.106 
571.000 39.114 
572.000 39.120 
573.000 39.126 
574.000 39.132 
575.000 39.137 
576.000 39.143 
577.000 39.148 
578.000 39.154 
579.000 39.161 
580.000 39.110 
581.000 39.064 
582.000 39.024 
583.000 38.987 
584.000 38.956 
585.000 38.871 
586.000 38.794 
587.000 38.726 
588.000 38.666 
589.000 38.613 
590.000 38.566 
591.000 38.527 
592.000 38.493 
593.000 38.465 
594.000 38.442 
595.000 38.357 
596.000 38.280 
597.000 38.213 
598.000 38.153 
599.000 38.101 
600.000 38.056 
