1.000 28.000 
2.000 61.903 
3.000 90.086 
4.000 100.000 
5.000 100.000 
6.000 100.000 
7.000 100.000 
8.000 100.000 
9.000 100.000 
10.000 100.000 
11.000 100.000 
12.000 100.000 
13.000 100.000 
14.000 100.000 
15.000 100.000 
16.000 100.000 
17.000 100.000 
18.000 100.000 
19.000 100.000 
20.000 100.000 
21.000 100.000 
22.000 100.000 
23.000 100.000 
24.000 100.000 
25.000 100.000 
26.000 100.000 
27.000 100.000 
28.000 100.000 
29.000 100.000 
30.000 100.000 
31.000 100.000 
32.000 100.000 
33.000 100.000 
34.000 100.000 
35.000 100.000 
36.000 100.000 
37.000 100.000 
38.000 100.000 
39.000 100.000 
40.000 100.000 
41.000 100.000 
42.000 100.000 
43.000 100.000 
44.000 100.000 
45.000 100.000 
46.000 100.000 
47.000 100.000 
48.000 100.000 
49.000 100.000 
50.000 100.000 
51.000 100.000 
52.000 100.000 
53.000 100.000 
54.000 100.000 
55.000 100.000 
56.000 100.000 
57.000 100.000 
58.000 87.371 
59.000 70.455 
60.000 56.064 
61.000 43.991 
62.000 34.031 
63.000 25.742 
64.000 19.487 
65.000 14.747 
66.000 11.300 
67.000 8.951 
68.000 7.660 
69.000 7.206 
70.000 7.305 
71.000 8.026 
72.000 9.145 
73.000 10.431 
74.000 12.014 
75.000 13.730 
76.000 15.451 
77.000 17.076 
78.000 18.814 
79.000 20.529 
80.000 22.157 
81.000 23.935 
82.000 25.749 
83.000 27.590 
84.000 29.376 
85.000 31.125 
86.000 33.017 
87.000 35.048 
88.000 36.934 
89.000 38.884 
90.000 40.912 
91.000 42.995 
92.000 45.115 
93.000 46.977 
94.000 48.898 
95.000 50.865 
96.000 52.590 
97.000 54.394 
98.000 55.987 
99.000 57.450 
100.000 58.772 
101.000 60.028 
102.000 61.201 
103.000 62.120 
104.000 62.802 
105.000 63.545 
106.000 64.161 
107.000 64.649 
108.000 65.053 
109.000 65.406 
110.000 65.779 
111.000 65.909 
112.000 66.094 
113.000 66.105 
114.000 66.230 
115.000 66.227 
116.000 66.134 
117.000 65.981 
118.000 66.033 
119.000 66.031 
120.000 65.755 
121.000 65.500 
122.000 65.275 
123.000 64.846 
124.000 64.497 
125.000 64.224 
126.000 63.784 
127.000 63.452 
128.000 63.218 
129.000 62.793 
130.000 62.491 
131.000 62.059 
132.000 61.759 
133.000 61.335 
134.000 61.049 
135.000 60.640 
136.000 60.090 
137.000 59.704 
138.000 59.219 
139.000 58.890 
140.000 58.455 
141.000 58.170 
142.000 57.771 
143.000 57.236 
144.000 56.628 
145.000 55.959 
146.000 55.482 
147.000 54.927 
148.000 54.268 
149.000 53.563 
150.000 53.062 
151.000 52.493 
152.000 52.107 
153.000 51.634 
154.000 51.045 
155.000 50.638 
156.000 50.143 
157.000 49.809 
158.000 49.608 
159.000 49.512 
160.000 49.499 
161.000 49.786 
162.000 50.075 
163.000 50.353 
164.000 50.612 
165.000 50.841 
166.000 51.316 
167.000 51.705 
168.000 52.013 
169.000 52.242 
170.000 52.401 
171.000 52.495 
172.000 52.532 
173.000 52.761 
174.000 52.909 
175.000 52.989 
176.000 53.013 
177.000 52.990 
178.000 53.172 
179.000 53.285 
180.000 53.342 
181.000 53.353 
182.000 53.567 
183.000 53.712 
184.000 53.799 
185.000 53.839 
186.000 54.118 
187.000 54.318 
188.000 54.452 
189.000 54.529 
190.000 54.799 
191.000 54.991 
192.000 55.116 
193.000 55.424 
194.000 55.646 
195.000 55.794 
196.000 55.880 
197.000 55.916 
198.000 55.911 
199.000 55.874 
200.000 56.052 
201.000 56.174 
202.000 56.010 
203.000 55.849 
204.000 55.696 
205.000 55.553 
206.000 55.424 
207.000 55.309 
208.000 55.210 
209.000 55.127 
210.000 55.061 
211.000 54.771 
212.000 54.535 
213.000 54.348 
214.000 54.204 
215.000 54.099 
216.000 54.027 
217.000 53.982 
218.000 53.961 
219.000 53.959 
220.000 53.971 
221.000 53.992 
222.000 53.781 
223.000 53.612 
224.000 53.481 
225.000 53.381 
226.000 53.307 
227.000 53.256 
228.000 53.222 
229.000 53.203 
230.000 53.196 
231.000 53.197 
232.000 53.203 
233.000 53.213 
234.000 53.224 
235.000 53.234 
236.000 53.242 
237.000 53.247 
238.000 53.248 
239.000 53.246 
240.000 53.240 
241.000 53.470 
242.000 53.416 
243.000 53.603 
244.000 53.749 
245.000 53.621 
246.000 53.502 
247.000 53.391 
248.000 53.290 
249.000 53.197 
250.000 53.114 
251.000 53.040 
252.000 52.976 
253.000 52.921 
254.000 52.876 
255.000 52.838 
256.000 52.808 
257.000 52.783 
258.000 52.763 
259.000 52.747 
260.000 52.733 
261.000 52.960 
262.000 53.148 
263.000 53.299 
264.000 53.416 
265.000 53.503 
266.000 53.563 
267.000 53.838 
268.000 54.051 
269.000 54.209 
270.000 54.319 
271.000 54.388 
272.000 54.423 
273.000 54.429 
274.000 54.412 
275.000 54.137 
276.000 53.891 
277.000 53.673 
278.000 53.483 
279.000 53.323 
280.000 53.190 
281.000 53.084 
282.000 53.002 
283.000 52.944 
284.000 52.905 
285.000 52.883 
286.000 52.874 
287.000 52.875 
288.000 52.884 
289.000 52.897 
290.000 52.912 
291.000 52.928 
292.000 53.183 
293.000 53.395 
294.000 53.568 
295.000 53.704 
296.000 53.806 
297.000 53.879 
298.000 53.926 
299.000 53.948 
300.000 53.712 
301.000 33.557 
302.000 16.792 
303.000 3.110 
304.000 0.000 
305.000 0.000 
306.000 0.000 
307.000 0.000 
308.000 0.000 
309.000 0.000 
310.000 0.000 
311.000 0.000 
312.000 0.000 
313.000 0.000 
314.000 0.000 
315.000 0.000 
316.000 0.000 
317.000 0.000 
318.000 0.000 
319.000 0.000 
320.000 0.000 
321.000 0.000 
322.000 0.000 
323.000 0.000 
324.000 0.000 
325.000 0.000 
326.000 0.000 
327.000 0.000 
328.000 0.000 
329.000 0.000 
330.000 0.000 
331.000 0.000 
332.000 0.000 
333.000 0.000 
334.000 0.000 
335.000 0.000 
336.000 0.000 
337.000 0.000 
338.000 3.436 
339.000 12.407 
340.000 20.341 
341.000 27.294 
342.000 33.051 
343.000 38.003 
344.000 42.212 
345.000 45.742 
346.000 48.637 
347.000 51.039 
348.000 52.807 
349.000 54.279 
350.000 55.347 
351.000 56.089 
352.000 56.654 
353.000 57.091 
354.000 57.277 
355.000 57.512 
356.000 57.601 
357.000 57.379 
358.000 57.226 
359.000 56.896 
360.000 56.460 
361.000 55.974 
362.000 55.482 
363.000 54.740 
364.000 54.097 
365.000 53.328 
366.000 52.717 
367.000 52.022 
368.000 51.276 
369.000 50.464 
370.000 49.652 
371.000 48.855 
372.000 48.081 
373.000 47.057 
374.000 46.112 
375.000 45.243 
376.000 44.405 
377.000 43.637 
378.000 42.932 
379.000 42.280 
380.000 41.633 
381.000 40.790 
382.000 40.259 
383.000 39.749 
384.000 39.210 
385.000 38.683 
386.000 38.160 
387.000 37.635 
388.000 37.064 
389.000 36.490 
390.000 35.907 
391.000 35.315 
392.000 34.949 
393.000 34.491 
394.000 33.988 
395.000 33.684 
396.000 33.303 
397.000 33.089 
398.000 32.771 
399.000 32.598 
400.000 32.260 
401.000 32.058 
402.000 31.964 
403.000 31.954 
404.000 32.005 
405.000 32.101 
406.000 31.987 
407.000 31.928 
408.000 31.912 
409.000 31.924 
410.000 31.955 
411.000 32.237 
412.000 32.482 
413.000 32.691 
414.000 32.862 
415.000 33.277 
416.000 33.610 
417.000 34.107 
418.000 34.495 
419.000 35.023 
420.000 35.425 
421.000 35.715 
422.000 36.146 
423.000 36.454 
424.000 36.934 
425.000 37.277 
426.000 37.505 
427.000 37.874 
428.000 38.124 
429.000 38.514 
430.000 38.782 
431.000 38.949 
432.000 39.033 
433.000 39.053 
434.000 39.022 
435.000 38.955 
436.000 39.103 
437.000 39.195 
438.000 39.246 
439.000 39.265 
440.000 39.261 
441.000 39.242 
442.000 39.214 
443.000 39.461 
444.000 39.659 
445.000 39.817 
446.000 39.940 
447.000 40.035 
448.000 40.106 
449.000 40.157 
450.000 40.193 
451.000 40.216 
452.000 40.231 
453.000 40.239 
454.000 39.965 
455.000 39.736 
456.000 39.552 
457.000 39.408 
458.000 39.302 
459.000 39.230 
460.000 39.190 
461.000 39.177 
462.000 39.188 
463.000 39.219 
464.000 39.264 
465.000 39.082 
466.000 38.948 
467.000 38.856 
468.000 38.559 
469.000 38.331 
470.000 38.165 
471.000 38.052 
472.000 37.985 
473.000 37.956 
474.000 37.959 
475.000 37.988 
476.000 38.036 
477.000 38.098 
478.000 38.170 
479.000 38.246 
480.000 38.323 
481.000 38.398 
482.000 38.469 
483.000 38.534 
484.000 38.593 
485.000 38.644 
486.000 38.689 
487.000 38.726 
488.000 38.758 
489.000 38.783 
490.000 38.804 
491.000 38.821 
492.000 38.835 
493.000 38.846 
494.000 38.856 
495.000 38.865 
496.000 38.873 
497.000 38.881 
498.000 38.890 
499.000 38.899 
500.000 38.909 
501.000 38.919 
502.000 38.692 
503.000 38.505 
504.000 38.357 
505.000 38.242 
506.000 38.158 
507.000 38.100 
508.000 38.066 
509.000 38.053 
510.000 38.057 
511.000 37.795 
512.000 37.591 
513.000 37.437 
514.000 37.326 
515.000 37.251 
516.000 37.208 
517.000 37.191 
518.000 37.194 
519.000 36.975 
520.000 36.808 
521.000 36.686 
522.000 36.602 
523.000 36.549 
524.000 36.521 
525.000 36.514 
526.000 36.523 
527.000 36.544 
528.000 36.573 
529.000 36.607 
530.000 36.643 
531.000 36.679 
532.000 36.951 
533.000 37.180 
534.000 37.368 
535.000 37.518 
536.000 37.633 
537.000 37.716 
538.000 37.772 
539.000 37.803 
540.000 37.814 
541.000 38.087 
542.000 38.300 
543.000 38.461 
544.000 38.578 
545.000 38.896 
546.000 39.142 
547.000 39.087 
548.000 39.017 
549.000 38.938 
550.000 38.854 
551.000 38.770 
552.000 38.687 
553.000 38.610 
554.000 38.780 
555.000 38.919 
556.000 39.033 
557.000 39.124 
558.000 39.196 
559.000 39.252 
560.000 39.294 
561.000 39.323 
562.000 39.342 
563.000 39.353 
564.000 39.357 
565.000 39.118 
566.000 39.156 
567.000 39.189 
568.000 39.217 
569.000 39.004 
570.000 38.830 
571.000 38.691 
572.000 38.584 
573.000 38.506 
574.000 38.454 
575.000 38.423 
576.000 38.412 
577.000 38.417 
578.000 38.434 
579.000 38.461 
580.000 38.216 
581.000 38.022 
582.000 37.873 
583.000 37.762 
584.000 37.685 
585.000 37.636 
586.000 37.612 
587.000 37.607 
588.000 37.618 
589.000 37.641 
590.000 37.673 
591.000 37.710 
592.000 37.749 
593.000 37.789 
594.000 37.827 
595.000 37.862 
596.000 37.893 
597.000 37.920 
598.000 37.942 
599.000 37.959 
600.000 37.973 
