1.000 35.620 
2.000 35.500 
3.000 35.500 
4.000 35.500 
5.000 35.560 
6.000 35.560 
7.000 35.560 
8.000 35.560 
9.000 35.560 
10.000 35.560 
11.000 35.620 
12.000 35.680 
13.000 35.750 
14.000 35.810 
15.000 35.930 
16.000 36.060 
17.000 36.180 
18.000 36.310 
19.000 36.500 
20.000 36.680 
21.000 36.870 
22.000 37.060 
23.000 37.250 
24.000 37.500 
25.000 37.680 
26.000 37.930 
27.000 38.120 
28.000 38.370 
29.000 38.620 
30.000 38.810 
31.000 39.060 
32.000 39.310 
33.000 39.560 
34.000 39.810 
35.000 40.060 
36.000 40.250 
37.000 40.500 
38.000 40.810 
39.000 41.060 
40.000 41.310 
41.000 41.500 
42.000 41.750 
43.000 42.000 
44.000 42.180 
45.000 42.430 
46.000 42.620 
47.000 42.870 
48.000 43.120 
49.000 43.310 
50.000 43.560 
51.000 43.750 
52.000 44.000 
53.000 44.180 
54.000 44.370 
55.000 44.620 
56.000 44.810 
57.000 45.060 
58.000 45.250 
59.000 45.430 
60.000 45.620 
61.000 45.810 
62.000 46.000 
63.000 46.250 
64.000 46.370 
65.000 46.560 
66.000 46.750 
67.000 46.930 
68.000 47.060 
69.000 47.180 
70.000 47.310 
71.000 47.370 
72.000 47.430 
73.000 47.500 
74.000 47.500 
75.000 47.500 
76.000 47.500 
77.000 47.500 
78.000 47.430 
79.000 47.370 
80.000 47.310 
81.000 47.180 
82.000 47.060 
83.000 46.930 
84.000 46.810 
85.000 46.680 
86.000 46.500 
87.000 46.310 
88.000 46.180 
89.000 46.000 
90.000 45.810 
91.000 45.620 
92.000 45.430 
93.000 45.310 
94.000 45.120 
95.000 44.930 
96.000 44.810 
97.000 44.620 
98.000 44.500 
99.000 44.370 
100.000 44.250 
101.000 44.120 
102.000 44.000 
103.000 43.930 
104.000 43.870 
105.000 43.750 
106.000 43.680 
107.000 43.620 
108.000 43.560 
109.000 43.500 
110.000 43.430 
111.000 43.430 
112.000 43.370 
113.000 43.370 
114.000 43.310 
115.000 43.310 
116.000 43.310 
117.000 43.310 
118.000 43.250 
119.000 43.250 
120.000 43.310 
121.000 43.310 
122.000 43.310 
123.000 43.370 
124.000 43.370 
125.000 43.370 
126.000 43.430 
127.000 43.430 
128.000 43.430 
129.000 43.500 
130.000 43.500 
131.000 43.560 
132.000 43.560 
133.000 43.620 
134.000 43.620 
135.000 43.680 
136.000 43.750 
137.000 43.750 
138.000 43.810 
139.000 43.810 
140.000 43.870 
141.000 43.870 
142.000 43.930 
143.000 44.000 
144.000 44.060 
145.000 44.120 
146.000 44.120 
147.000 44.180 
148.000 44.250 
149.000 44.310 
150.000 44.310 
151.000 44.370 
152.000 44.370 
153.000 44.430 
154.000 44.500 
155.000 44.500 
156.000 44.560 
157.000 44.560 
158.000 44.560 
159.000 44.560 
160.000 44.560 
161.000 44.500 
162.000 44.500 
163.000 44.500 
164.000 44.500 
165.000 44.500 
166.000 44.430 
167.000 44.430 
168.000 44.430 
169.000 44.430 
170.000 44.430 
171.000 44.430 
172.000 44.430 
173.000 44.370 
174.000 44.370 
175.000 44.370 
176.000 44.370 
177.000 44.370 
178.000 44.310 
179.000 44.310 
180.000 44.310 
181.000 44.310 
182.000 44.250 
183.000 44.250 
184.000 44.250 
185.000 44.250 
186.000 44.180 
187.000 44.180 
188.000 44.180 
189.000 44.180 
190.000 44.120 
191.000 44.120 
192.000 44.120 
193.000 44.060 
194.000 44.060 
195.000 44.060 
196.000 44.060 
197.000 44.060 
198.000 44.060 
199.000 44.060 
200.000 44.000 
201.000 44.000 
202.000 44.060 
203.000 44.060 
204.000 44.060 
205.000 44.060 
206.000 44.060 
207.000 44.060 
208.000 44.060 
209.000 44.060 
210.000 44.060 
211.000 44.120 
212.000 44.120 
213.000 44.120 
214.000 44.120 
215.000 44.120 
216.000 44.120 
217.000 44.120 
218.000 44.120 
219.000 44.120 
220.000 44.120 
221.000 44.120 
222.000 44.180 
223.000 44.180 
224.000 44.180 
225.000 44.180 
226.000 44.180 
227.000 44.180 
228.000 44.180 
229.000 44.180 
230.000 44.180 
231.000 44.180 
232.000 44.180 
233.000 44.180 
234.000 44.180 
235.000 44.180 
236.000 44.180 
237.000 44.180 
238.000 44.180 
239.000 44.180 
240.000 44.180 
241.000 44.120 
242.000 44.180 
243.000 44.120 
244.000 44.120 
245.000 44.180 
246.000 44.180 
247.000 44.180 
248.000 44.180 
249.000 44.180 
250.000 44.180 
251.000 44.180 
252.000 44.180 
253.000 44.180 
254.000 44.180 
255.000 44.180 
256.000 44.180 
257.000 44.180 
258.000 44.180 
259.000 44.180 
260.000 44.180 
261.000 44.120 
262.000 44.120 
263.000 44.120 
264.000 44.120 
265.000 44.120 
266.000 44.120 
267.000 44.060 
268.000 44.060 
269.000 44.060 
270.000 44.060 
271.000 44.060 
272.000 44.060 
273.000 44.060 
274.000 44.060 
275.000 44.120 
276.000 44.120 
277.000 44.120 
278.000 44.120 
279.000 44.120 
280.000 44.120 
281.000 44.120 
282.000 44.120 
283.000 44.120 
284.000 44.120 
285.000 44.120 
286.000 44.120 
287.000 44.120 
288.000 44.120 
289.000 44.120 
290.000 44.120 
291.000 44.120 
292.000 44.060 
293.000 44.060 
294.000 44.060 
295.000 44.060 
296.000 44.060 
297.000 44.060 
298.000 44.060 
299.000 44.060 
300.000 44.120 
301.000 44.120 
302.000 44.120 
303.000 44.120 
304.000 44.120 
305.000 44.120 
306.000 44.180 
307.000 44.120 
308.000 44.120 
309.000 44.120 
310.000 44.120 
311.000 44.060 
312.000 44.000 
313.000 43.930 
314.000 43.870 
315.000 43.750 
316.000 43.680 
317.000 43.560 
318.000 43.430 
319.000 43.310 
320.000 43.120 
321.000 43.000 
322.000 42.870 
323.000 42.680 
324.000 42.500 
325.000 42.370 
326.000 42.180 
327.000 42.000 
328.000 41.750 
329.000 41.560 
330.000 41.370 
331.000 41.180 
332.000 41.000 
333.000 40.810 
334.000 40.620 
335.000 40.430 
336.000 40.310 
337.000 40.120 
338.000 39.930 
339.000 39.750 
340.000 39.560 
341.000 39.370 
342.000 39.250 
343.000 39.060 
344.000 38.870 
345.000 38.680 
346.000 38.500 
347.000 38.310 
348.000 38.180 
349.000 38.000 
350.000 37.870 
351.000 37.750 
352.000 37.620 
353.000 37.500 
354.000 37.430 
355.000 37.310 
356.000 37.250 
357.000 37.250 
358.000 37.180 
359.000 37.180 
360.000 37.180 
361.000 37.180 
362.000 37.180 
363.000 37.250 
364.000 37.250 
365.000 37.310 
366.000 37.310 
367.000 37.370 
368.000 37.430 
369.000 37.500 
370.000 37.560 
371.000 37.620 
372.000 37.680 
373.000 37.810 
374.000 37.870 
375.000 37.930 
376.000 38.000 
377.000 38.060 
378.000 38.120 
379.000 38.180 
380.000 38.250 
381.000 38.370 
382.000 38.370 
383.000 38.430 
384.000 38.500 
385.000 38.560 
386.000 38.620 
387.000 38.680 
388.000 38.750 
389.000 38.810 
390.000 38.870 
391.000 38.930 
392.000 38.930 
393.000 39.000 
394.000 39.060 
395.000 39.060 
396.000 39.120 
397.000 39.120 
398.000 39.180 
399.000 39.180 
400.000 39.250 
401.000 39.250 
402.000 39.250 
403.000 39.250 
404.000 39.250 
405.000 39.250 
406.000 39.310 
407.000 39.310 
408.000 39.310 
409.000 39.310 
410.000 39.310 
411.000 39.250 
412.000 39.250 
413.000 39.250 
414.000 39.250 
415.000 39.180 
416.000 39.180 
417.000 39.120 
418.000 39.120 
419.000 39.060 
420.000 39.060 
421.000 39.060 
422.000 39.000 
423.000 39.000 
424.000 38.930 
425.000 38.930 
426.000 38.930 
427.000 38.870 
428.000 38.870 
429.000 38.810 
430.000 38.810 
431.000 38.810 
432.000 38.810 
433.000 38.810 
434.000 38.810 
435.000 38.810 
436.000 38.750 
437.000 38.750 
438.000 38.750 
439.000 38.750 
440.000 38.750 
441.000 38.750 
442.000 38.750 
443.000 38.680 
444.000 38.680 
445.000 38.680 
446.000 38.680 
447.000 38.680 
448.000 38.680 
449.000 38.680 
450.000 38.680 
451.000 38.680 
452.000 38.680 
453.000 38.680 
454.000 38.750 
455.000 38.750 
456.000 38.750 
457.000 38.750 
458.000 38.750 
459.000 38.750 
460.000 38.750 
461.000 38.750 
462.000 38.750 
463.000 38.750 
464.000 38.750 
465.000 38.810 
466.000 38.810 
467.000 38.810 
468.000 38.870 
469.000 38.870 
470.000 38.870 
471.000 38.870 
472.000 38.870 
473.000 38.870 
474.000 38.870 
475.000 38.870 
476.000 38.870 
477.000 38.870 
478.000 38.870 
479.000 38.870 
480.000 38.870 
481.000 38.870 
482.000 38.870 
483.000 38.870 
484.000 38.870 
485.000 38.870 
486.000 38.870 
487.000 38.870 
488.000 38.870 
489.000 38.870 
490.000 38.870 
491.000 38.870 
492.000 38.870 
493.000 38.870 
494.000 38.870 
495.000 38.870 
496.000 38.870 
497.000 38.870 
498.000 38.870 
499.000 38.870 
500.000 38.870 
501.000 38.870 
502.000 38.930 
503.000 38.930 
504.000 38.930 
505.000 38.930 
506.000 38.930 
507.000 38.930 
508.000 38.930 
509.000 38.930 
510.000 38.930 
511.000 39.000 
512.000 39.000 
513.000 39.000 
514.000 39.000 
515.000 39.000 
516.000 39.000 
517.000 39.000 
518.000 39.000 
519.000 39.060 
520.000 39.060 
521.000 39.060 
522.000 39.060 
523.000 39.060 
524.000 39.060 
525.000 39.060 
526.000 39.060 
527.000 39.060 
528.000 39.060 
529.000 39.060 
530.000 39.060 
531.000 39.060 
532.000 39.000 
533.000 39.000 
534.000 39.000 
535.000 39.000 
536.000 39.000 
537.000 39.000 
538.000 39.000 
539.000 39.000 
540.000 39.000 
541.000 38.930 
542.000 38.930 
543.000 38.930 
544.000 38.930 
545.000 38.870 
546.000 38.870 
547.000 38.930 
548.000 38.930 
549.000 38.930 
550.000 38.930 
551.000 38.930 
552.000 38.930 
553.000 38.930 
554.000 38.870 
555.000 38.870 
556.000 38.870 
557.000 38.870 
558.000 38.870 
559.000 38.870 
560.000 38.870 
561.000 38.870 
562.000 38.870 
563.000 38.870 
564.000 38.870 
565.000 38.930 
566.000 38.870 
567.000 38.870 
568.000 38.870 
569.000 38.930 
570.000 38.930 
571.000 38.930 
572.000 38.930 
573.000 38.930 
574.000 38.930 
575.000 38.930 
576.000 38.930 
577.000 38.930 
578.000 38.930 
579.000 38.930 
580.000 39.000 
581.000 39.000 
582.000 39.000 
583.000 39.000 
584.000 39.000 
585.000 39.000 
586.000 39.000 
587.000 39.000 
588.000 39.000 
589.000 39.000 
590.000 39.000 
591.000 39.000 
592.000 39.000 
593.000 39.000 
594.000 39.000 
595.000 39.000 
596.000 39.000 
597.000 39.000 
598.000 39.000 
599.000 39.000 
600.000 39.000 
