1.000 35.620 
2.000 35.180 
3.000 35.180 
4.000 35.180 
5.000 35.180 
6.000 35.180 
7.000 35.180 
8.000 35.250 
9.000 35.250 
10.000 35.310 
11.000 35.310 
12.000 35.310 
13.000 35.370 
14.000 35.430 
15.000 35.500 
16.000 35.500 
17.000 35.620 
18.000 35.680 
19.000 35.810 
20.000 35.870 
21.000 36.000 
22.000 36.180 
23.000 36.310 
24.000 36.500 
25.000 36.680 
26.000 36.870 
27.000 37.060 
28.000 37.310 
29.000 37.500 
30.000 37.750 
31.000 38.000 
32.000 38.250 
33.000 38.500 
34.000 38.750 
35.000 39.000 
36.000 39.250 
37.000 39.500 
38.000 39.750 
39.000 40.000 
40.000 40.250 
41.000 40.500 
42.000 40.750 
43.000 41.000 
44.000 41.250 
45.000 41.430 
46.000 41.620 
47.000 41.870 
48.000 42.120 
49.000 42.310 
50.000 42.500 
51.000 42.750 
52.000 42.930 
53.000 43.120 
54.000 43.310 
55.000 43.430 
56.000 43.620 
57.000 43.810 
58.000 43.930 
59.000 44.120 
60.000 44.250 
61.000 44.370 
62.000 44.500 
63.000 44.620 
64.000 44.750 
65.000 44.870 
66.000 44.930 
67.000 45.000 
68.000 45.060 
69.000 45.120 
70.000 45.180 
71.000 45.250 
72.000 45.250 
73.000 45.310 
74.000 45.310 
75.000 45.370 
76.000 45.370 
77.000 45.370 
78.000 45.370 
79.000 45.430 
80.000 45.430 
81.000 45.430 
82.000 45.370 
83.000 45.370 
84.000 45.310 
85.000 45.250 
86.000 45.180 
87.000 45.180 
88.000 45.120 
89.000 45.060 
90.000 45.000 
91.000 44.930 
92.000 44.870 
93.000 44.810 
94.000 44.750 
95.000 44.680 
96.000 44.680 
97.000 44.620 
98.000 44.560 
99.000 44.430 
100.000 44.370 
101.000 44.370 
102.000 44.310 
103.000 44.250 
104.000 44.180 
105.000 44.120 
106.000 44.060 
107.000 44.000 
108.000 44.000 
109.000 43.930 
110.000 43.870 
111.000 43.870 
112.000 43.810 
113.000 43.750 
114.000 43.680 
115.000 43.680 
116.000 43.620 
117.000 43.620 
118.000 43.560 
119.000 43.560 
120.000 43.500 
121.000 43.500 
122.000 43.500 
123.000 43.430 
124.000 43.430 
125.000 43.430 
126.000 43.430 
127.000 43.370 
128.000 43.370 
129.000 43.370 
130.000 43.370 
131.000 43.310 
132.000 43.370 
133.000 43.370 
134.000 43.370 
135.000 43.370 
136.000 43.430 
137.000 43.430 
138.000 43.430 
139.000 43.430 
140.000 43.430 
141.000 43.430 
142.000 43.430 
143.000 43.430 
144.000 43.430 
145.000 43.500 
146.000 43.500 
147.000 43.560 
148.000 43.560 
149.000 43.560 
150.000 43.560 
151.000 43.620 
152.000 43.680 
153.000 43.680 
154.000 43.680 
155.000 43.750 
156.000 43.750 
157.000 43.750 
158.000 43.810 
159.000 43.810 
160.000 43.810 
161.000 43.870 
162.000 43.870 
163.000 43.930 
164.000 43.930 
165.000 43.930 
166.000 44.000 
167.000 44.000 
168.000 44.060 
169.000 44.060 
170.000 44.060 
171.000 44.120 
172.000 44.120 
173.000 44.120 
174.000 44.120 
175.000 44.120 
176.000 44.120 
177.000 44.120 
178.000 44.120 
179.000 44.120 
180.000 44.120 
181.000 44.180 
182.000 44.180 
183.000 44.180 
184.000 44.180 
185.000 44.120 
186.000 44.120 
187.000 44.120 
188.000 44.120 
189.000 44.120 
190.000 44.120 
191.000 44.120 
192.000 44.120 
193.000 44.120 
194.000 44.120 
195.000 44.120 
196.000 44.120 
197.000 44.120 
198.000 44.120 
199.000 44.120 
200.000 44.120 
201.000 44.120 
202.000 44.120 
203.000 44.120 
204.000 44.120 
205.000 44.120 
206.000 44.120 
207.000 44.120 
208.000 44.060 
209.000 44.060 
210.000 44.060 
211.000 44.060 
212.000 44.060 
213.000 44.000 
214.000 44.000 
215.000 43.930 
216.000 43.930 
217.000 43.930 
218.000 43.870 
219.000 43.870 
220.000 43.870 
221.000 43.870 
222.000 43.870 
223.000 43.870 
224.000 43.870 
225.000 43.870 
226.000 43.870 
227.000 43.870 
228.000 43.870 
229.000 43.870 
230.000 43.870 
231.000 43.870 
232.000 43.870 
233.000 43.870 
234.000 43.870 
235.000 43.870 
236.000 43.870 
237.000 43.930 
238.000 43.930 
239.000 43.930 
240.000 43.930 
241.000 44.000 
242.000 44.000 
243.000 44.060 
244.000 44.060 
245.000 44.060 
246.000 44.060 
247.000 44.060 
248.000 44.060 
249.000 44.060 
250.000 44.060 
251.000 44.060 
252.000 44.120 
253.000 44.060 
254.000 44.060 
255.000 44.060 
256.000 44.120 
257.000 44.120 
258.000 44.120 
259.000 44.120 
260.000 44.120 
261.000 44.120 
262.000 44.120 
263.000 44.120 
264.000 44.120 
265.000 44.120 
266.000 44.120 
267.000 44.120 
268.000 44.120 
269.000 44.060 
270.000 44.060 
271.000 44.060 
272.000 44.060 
273.000 44.060 
274.000 44.060 
275.000 44.060 
276.000 44.060 
277.000 44.060 
278.000 44.060 
279.000 44.060 
280.000 44.060 
281.000 44.060 
282.000 44.060 
283.000 44.060 
284.000 44.060 
285.000 44.060 
286.000 44.060 
287.000 44.060 
288.000 44.120 
289.000 44.120 
290.000 44.120 
291.000 44.120 
292.000 44.120 
293.000 44.120 
294.000 44.120 
295.000 44.120 
296.000 44.120 
297.000 44.120 
298.000 44.060 
299.000 44.060 
300.000 44.060 
301.000 44.060 
302.000 44.000 
303.000 44.000 
304.000 44.000 
305.000 44.000 
306.000 44.000 
307.000 44.000 
308.000 43.930 
309.000 43.930 
310.000 43.930 
311.000 43.930 
312.000 43.930 
313.000 43.930 
314.000 43.930 
315.000 43.870 
316.000 43.810 
317.000 43.750 
318.000 43.680 
319.000 43.620 
320.000 43.560 
321.000 43.430 
322.000 43.370 
323.000 43.250 
324.000 43.180 
325.000 43.060 
326.000 42.930 
327.000 42.810 
328.000 42.680 
329.000 42.560 
330.000 42.430 
331.000 42.310 
332.000 42.120 
333.000 42.000 
334.000 41.870 
335.000 41.750 
336.000 41.560 
337.000 41.430 
338.000 41.370 
339.000 41.250 
340.000 41.120 
341.000 41.000 
342.000 40.870 
343.000 40.750 
344.000 40.620 
345.000 40.500 
346.000 40.370 
347.000 40.250 
348.000 40.120 
349.000 40.000 
350.000 39.870 
351.000 39.810 
352.000 39.680 
353.000 39.620 
354.000 39.560 
355.000 39.430 
356.000 39.370 
357.000 39.310 
358.000 39.250 
359.000 39.120 
360.000 39.060 
361.000 39.000 
362.000 38.930 
363.000 38.870 
364.000 38.810 
365.000 38.810 
366.000 38.750 
367.000 38.680 
368.000 38.620 
369.000 38.620 
370.000 38.560 
371.000 38.560 
372.000 38.560 
373.000 38.500 
374.000 38.500 
375.000 38.500 
376.000 38.500 
377.000 38.500 
378.000 38.500 
379.000 38.500 
380.000 38.500 
381.000 38.500 
382.000 38.500 
383.000 38.500 
384.000 38.500 
385.000 38.500 
386.000 38.500 
387.000 38.500 
388.000 38.500 
389.000 38.560 
390.000 38.560 
391.000 38.560 
392.000 38.620 
393.000 38.620 
394.000 38.680 
395.000 38.680 
396.000 38.750 
397.000 38.750 
398.000 38.810 
399.000 38.810 
400.000 38.870 
401.000 38.870 
402.000 38.870 
403.000 38.930 
404.000 38.930 
405.000 39.000 
406.000 39.000 
407.000 39.000 
408.000 39.060 
409.000 39.060 
410.000 39.120 
411.000 39.120 
412.000 39.120 
413.000 39.120 
414.000 39.180 
415.000 39.180 
416.000 39.180 
417.000 39.180 
418.000 39.250 
419.000 39.250 
420.000 39.250 
421.000 39.310 
422.000 39.310 
423.000 39.310 
424.000 39.370 
425.000 39.370 
426.000 39.370 
427.000 39.370 
428.000 39.370 
429.000 39.370 
430.000 39.370 
431.000 39.370 
432.000 39.430 
433.000 39.370 
434.000 39.370 
435.000 39.370 
436.000 39.370 
437.000 39.370 
438.000 39.370 
439.000 39.370 
440.000 39.370 
441.000 39.370 
442.000 39.370 
443.000 39.310 
444.000 39.310 
445.000 39.310 
446.000 39.310 
447.000 39.250 
448.000 39.250 
449.000 39.250 
450.000 39.250 
451.000 39.180 
452.000 39.180 
453.000 39.180 
454.000 39.180 
455.000 39.180 
456.000 39.180 
457.000 39.180 
458.000 39.250 
459.000 39.180 
460.000 39.180 
461.000 39.250 
462.000 39.250 
463.000 39.250 
464.000 39.180 
465.000 39.180 
466.000 39.180 
467.000 39.180 
468.000 39.180 
469.000 39.180 
470.000 39.180 
471.000 39.180 
472.000 39.120 
473.000 39.120 
474.000 39.120 
475.000 39.120 
476.000 39.120 
477.000 39.060 
478.000 39.060 
479.000 39.060 
480.000 39.060 
481.000 39.060 
482.000 39.060 
483.000 39.060 
484.000 39.060 
485.000 39.060 
486.000 39.060 
487.000 39.060 
488.000 39.060 
489.000 39.060 
490.000 39.060 
491.000 39.060 
492.000 39.060 
493.000 39.060 
494.000 39.060 
495.000 39.060 
496.000 39.060 
497.000 39.060 
498.000 39.060 
499.000 39.060 
500.000 39.060 
501.000 39.060 
502.000 39.060 
503.000 39.060 
504.000 39.060 
505.000 39.060 
506.000 39.060 
507.000 39.060 
508.000 39.000 
509.000 39.000 
510.000 39.000 
511.000 39.000 
512.000 39.000 
513.000 39.000 
514.000 39.000 
515.000 39.000 
516.000 39.000 
517.000 39.000 
518.000 39.000 
519.000 39.000 
520.000 38.930 
521.000 38.930 
522.000 38.930 
523.000 38.930 
524.000 38.930 
525.000 38.930 
526.000 39.000 
527.000 38.930 
528.000 38.930 
529.000 38.930 
530.000 39.000 
531.000 39.000 
532.000 39.000 
533.000 39.000 
534.000 39.000 
535.000 39.000 
536.000 39.000 
537.000 39.000 
538.000 39.000 
539.000 38.930 
540.000 38.930 
541.000 38.930 
542.000 38.930 
543.000 38.930 
544.000 38.930 
545.000 38.930 
546.000 38.930 
547.000 38.930 
548.000 38.930 
549.000 38.930 
550.000 38.930 
551.000 38.930 
552.000 38.870 
553.000 38.870 
554.000 38.870 
555.000 38.870 
556.000 38.810 
557.000 38.810 
558.000 38.810 
559.000 38.810 
560.000 38.750 
561.000 38.750 
562.000 38.750 
563.000 38.750 
564.000 38.750 
565.000 38.810 
566.000 38.810 
567.000 38.810 
568.000 38.810 
569.000 38.810 
570.000 38.810 
571.000 38.810 
572.000 38.810 
573.000 38.810 
574.000 38.810 
575.000 38.810 
576.000 38.810 
577.000 38.810 
578.000 38.810 
579.000 38.810 
580.000 38.870 
581.000 38.870 
582.000 38.870 
583.000 38.870 
584.000 38.870 
585.000 38.930 
586.000 38.930 
587.000 38.930 
588.000 38.930 
589.000 38.930 
590.000 38.930 
591.000 38.930 
592.000 38.930 
593.000 38.930 
594.000 38.930 
595.000 39.000 
596.000 39.000 
597.000 39.000 
598.000 39.000 
599.000 39.000 
600.000 39.000 
