1.000 35.620 
2.000 35.750 
3.000 35.750 
4.000 35.750 
5.000 35.750 
6.000 35.680 
7.000 35.680 
8.000 35.680 
9.000 35.680 
10.000 35.680 
11.000 35.680 
12.000 35.680 
13.000 35.680 
14.000 35.680 
15.000 35.750 
16.000 35.750 
17.000 35.810 
18.000 35.870 
19.000 35.930 
20.000 36.060 
21.000 36.120 
22.000 36.250 
23.000 36.310 
24.000 36.430 
25.000 36.560 
26.000 36.680 
27.000 36.870 
28.000 37.000 
29.000 37.180 
30.000 37.310 
31.000 37.500 
32.000 37.680 
33.000 37.870 
34.000 38.060 
35.000 38.250 
36.000 38.430 
37.000 38.620 
38.000 38.810 
39.000 39.060 
40.000 39.250 
41.000 39.430 
42.000 39.620 
43.000 39.870 
44.000 40.060 
45.000 40.310 
46.000 40.500 
47.000 40.750 
48.000 40.930 
49.000 41.120 
50.000 41.310 
51.000 41.560 
52.000 41.750 
53.000 41.930 
54.000 42.120 
55.000 42.310 
56.000 42.430 
57.000 42.680 
58.000 42.810 
59.000 43.000 
60.000 43.120 
61.000 43.310 
62.000 43.500 
63.000 43.620 
64.000 43.750 
65.000 43.930 
66.000 44.000 
67.000 44.120 
68.000 44.250 
69.000 44.370 
70.000 44.500 
71.000 44.560 
72.000 44.620 
73.000 44.750 
74.000 44.810 
75.000 44.870 
76.000 44.930 
77.000 45.000 
78.000 45.000 
79.000 45.060 
80.000 45.060 
81.000 45.060 
82.000 45.120 
83.000 45.060 
84.000 45.060 
85.000 45.060 
86.000 45.060 
87.000 45.060 
88.000 45.060 
89.000 45.060 
90.000 45.000 
91.000 45.000 
92.000 45.000 
93.000 45.000 
94.000 44.930 
95.000 44.930 
96.000 44.870 
97.000 44.870 
98.000 44.810 
99.000 44.810 
100.000 44.750 
101.000 44.750 
102.000 44.620 
103.000 44.620 
104.000 44.500 
105.000 44.430 
106.000 44.370 
107.000 44.370 
108.000 44.310 
109.000 44.250 
110.000 44.250 
111.000 44.180 
112.000 44.120 
113.000 44.120 
114.000 44.060 
115.000 44.000 
116.000 44.000 
117.000 43.930 
118.000 43.870 
119.000 43.810 
120.000 43.750 
121.000 43.680 
122.000 43.620 
123.000 43.560 
124.000 43.560 
125.000 43.500 
126.000 43.500 
127.000 43.500 
128.000 43.430 
129.000 43.430 
130.000 43.370 
131.000 43.370 
132.000 43.370 
133.000 43.310 
134.000 43.310 
135.000 43.310 
136.000 43.310 
137.000 43.310 
138.000 43.310 
139.000 43.310 
140.000 43.310 
141.000 43.310 
142.000 43.310 
143.000 43.310 
144.000 43.250 
145.000 43.250 
146.000 43.250 
147.000 43.250 
148.000 43.250 
149.000 43.250 
150.000 43.250 
151.000 43.250 
152.000 43.250 
153.000 43.250 
154.000 43.250 
155.000 43.250 
156.000 43.250 
157.000 43.250 
158.000 43.250 
159.000 43.310 
160.000 43.310 
161.000 43.310 
162.000 43.370 
163.000 43.370 
164.000 43.430 
165.000 43.430 
166.000 43.500 
167.000 43.560 
168.000 43.560 
169.000 43.620 
170.000 43.620 
171.000 43.680 
172.000 43.750 
173.000 43.750 
174.000 43.810 
175.000 43.810 
176.000 43.810 
177.000 43.810 
178.000 43.870 
179.000 43.870 
180.000 43.870 
181.000 43.870 
182.000 43.870 
183.000 43.870 
184.000 43.930 
185.000 43.930 
186.000 44.000 
187.000 44.000 
188.000 44.000 
189.000 44.000 
190.000 44.060 
191.000 44.060 
192.000 44.060 
193.000 44.060 
194.000 44.060 
195.000 44.060 
196.000 44.060 
197.000 44.060 
198.000 44.120 
199.000 44.120 
200.000 44.120 
201.000 44.120 
202.000 44.120 
203.000 44.120 
204.000 44.120 
205.000 44.180 
206.000 44.180 
207.000 44.180 
208.000 44.180 
209.000 44.180 
210.000 44.180 
211.000 44.180 
212.000 44.180 
213.000 44.180 
214.000 44.180 
215.000 44.180 
216.000 44.180 
217.000 44.180 
218.000 44.180 
219.000 44.180 
220.000 44.180 
221.000 44.180 
222.000 44.180 
223.000 44.180 
224.000 44.180 
225.000 44.180 
226.000 44.120 
227.000 44.120 
228.000 44.060 
229.000 44.060 
230.000 44.060 
231.000 44.060 
232.000 44.000 
233.000 44.000 
234.000 44.000 
235.000 44.000 
236.000 44.000 
237.000 44.000 
238.000 44.000 
239.000 44.000 
240.000 44.000 
241.000 44.000 
242.000 44.000 
243.000 44.000 
244.000 44.060 
245.000 44.060 
246.000 44.060 
247.000 44.060 
248.000 44.060 
249.000 44.000 
250.000 44.000 
251.000 44.000 
252.000 44.000 
253.000 44.000 
254.000 44.000 
255.000 43.930 
256.000 43.930 
257.000 43.930 
258.000 43.870 
259.000 43.870 
260.000 43.870 
261.000 43.810 
262.000 43.810 
263.000 43.810 
264.000 43.810 
265.000 43.750 
266.000 43.750 
267.000 43.750 
268.000 43.750 
269.000 43.750 
270.000 43.750 
271.000 43.750 
272.000 43.750 
273.000 43.750 
274.000 43.750 
275.000 43.750 
276.000 43.750 
277.000 43.750 
278.000 43.750 
279.000 43.750 
280.000 43.750 
281.000 43.750 
282.000 43.810 
283.000 43.810 
284.000 43.810 
285.000 43.870 
286.000 43.870 
287.000 43.870 
288.000 43.870 
289.000 43.870 
290.000 43.870 
291.000 43.870 
292.000 43.870 
293.000 43.870 
294.000 43.870 
295.000 43.870 
296.000 43.870 
297.000 43.870 
298.000 43.930 
299.000 43.930 
300.000 43.930 
301.000 43.930 
302.000 43.930 
303.000 43.930 
304.000 44.000 
305.000 44.000 
306.000 44.000 
307.000 44.000 
308.000 44.060 
309.000 44.060 
310.000 44.060 
311.000 44.060 
312.000 44.060 
313.000 44.060 
314.000 44.060 
315.000 44.060 
316.000 44.000 
317.000 43.930 
318.000 43.930 
319.000 43.870 
320.000 43.810 
321.000 43.810 
322.000 43.750 
323.000 43.680 
324.000 43.620 
325.000 43.500 
326.000 43.430 
327.000 43.370 
328.000 43.250 
329.000 43.180 
330.000 43.060 
331.000 42.930 
332.000 42.810 
333.000 42.620 
334.000 42.500 
335.000 42.370 
336.000 42.250 
337.000 42.120 
338.000 42.000 
339.000 41.810 
340.000 41.680 
341.000 41.560 
342.000 41.430 
343.000 41.250 
344.000 41.120 
345.000 41.060 
346.000 40.930 
347.000 40.810 
348.000 40.620 
349.000 40.500 
350.000 40.430 
351.000 40.310 
352.000 40.180 
353.000 40.060 
354.000 40.000 
355.000 39.870 
356.000 39.810 
357.000 39.680 
358.000 39.560 
359.000 39.500 
360.000 39.370 
361.000 39.310 
362.000 39.180 
363.000 39.120 
364.000 39.060 
365.000 39.000 
366.000 38.930 
367.000 38.870 
368.000 38.810 
369.000 38.810 
370.000 38.750 
371.000 38.680 
372.000 38.680 
373.000 38.620 
374.000 38.620 
375.000 38.560 
376.000 38.560 
377.000 38.500 
378.000 38.500 
379.000 38.430 
380.000 38.430 
381.000 38.430 
382.000 38.370 
383.000 38.370 
384.000 38.370 
385.000 38.370 
386.000 38.370 
387.000 38.310 
388.000 38.310 
389.000 38.310 
390.000 38.370 
391.000 38.370 
392.000 38.370 
393.000 38.370 
394.000 38.430 
395.000 38.430 
396.000 38.430 
397.000 38.500 
398.000 38.560 
399.000 38.560 
400.000 38.620 
401.000 38.620 
402.000 38.680 
403.000 38.680 
404.000 38.750 
405.000 38.750 
406.000 38.750 
407.000 38.810 
408.000 38.810 
409.000 38.810 
410.000 38.810 
411.000 38.870 
412.000 38.870 
413.000 38.930 
414.000 38.930 
415.000 39.000 
416.000 39.000 
417.000 39.000 
418.000 39.060 
419.000 39.060 
420.000 39.120 
421.000 39.120 
422.000 39.180 
423.000 39.180 
424.000 39.180 
425.000 39.250 
426.000 39.250 
427.000 39.250 
428.000 39.310 
429.000 39.310 
430.000 39.310 
431.000 39.310 
432.000 39.370 
433.000 39.370 
434.000 39.370 
435.000 39.370 
436.000 39.370 
437.000 39.370 
438.000 39.370 
439.000 39.370 
440.000 39.430 
441.000 39.430 
442.000 39.430 
443.000 39.430 
444.000 39.430 
445.000 39.430 
446.000 39.430 
447.000 39.430 
448.000 39.370 
449.000 39.370 
450.000 39.370 
451.000 39.370 
452.000 39.370 
453.000 39.310 
454.000 39.310 
455.000 39.310 
456.000 39.250 
457.000 39.250 
458.000 39.250 
459.000 39.250 
460.000 39.180 
461.000 39.180 
462.000 39.180 
463.000 39.180 
464.000 39.180 
465.000 39.180 
466.000 39.180 
467.000 39.120 
468.000 39.120 
469.000 39.120 
470.000 39.120 
471.000 39.120 
472.000 39.120 
473.000 39.120 
474.000 39.120 
475.000 39.120 
476.000 39.120 
477.000 39.120 
478.000 39.120 
479.000 39.120 
480.000 39.120 
481.000 39.120 
482.000 39.120 
483.000 39.120 
484.000 39.120 
485.000 39.120 
486.000 39.120 
487.000 39.120 
488.000 39.120 
489.000 39.120 
490.000 39.120 
491.000 39.120 
492.000 39.120 
493.000 39.120 
494.000 39.120 
495.000 39.120 
496.000 39.120 
497.000 39.120 
498.000 39.120 
499.000 39.060 
500.000 39.120 
501.000 39.060 
502.000 39.060 
503.000 39.060 
504.000 39.060 
505.000 39.060 
506.000 39.060 
507.000 39.060 
508.000 39.000 
509.000 39.060 
510.000 39.060 
511.000 39.060 
512.000 39.060 
513.000 39.060 
514.000 39.060 
515.000 39.060 
516.000 39.060 
517.000 39.060 
518.000 39.060 
519.000 39.060 
520.000 39.060 
521.000 39.060 
522.000 39.000 
523.000 39.000 
524.000 39.000 
525.000 39.000 
526.000 39.000 
527.000 39.000 
528.000 39.000 
529.000 39.000 
530.000 39.000 
531.000 39.000 
532.000 38.930 
533.000 38.930 
534.000 39.000 
535.000 39.000 
536.000 39.000 
537.000 39.000 
538.000 39.000 
539.000 39.000 
540.000 39.000 
541.000 39.000 
542.000 39.000 
543.000 39.000 
544.000 39.000 
545.000 39.000 
546.000 39.000 
547.000 39.000 
548.000 39.000 
549.000 39.000 
550.000 39.000 
551.000 39.000 
552.000 39.000 
553.000 39.000 
554.000 39.000 
555.000 39.000 
556.000 39.000 
557.000 39.060 
558.000 39.060 
559.000 39.060 
560.000 39.060 
561.000 39.060 
562.000 39.060 
563.000 39.060 
564.000 39.060 
565.000 39.060 
566.000 39.060 
567.000 39.060 
568.000 39.060 
569.000 39.000 
570.000 39.000 
571.000 39.000 
572.000 39.000 
573.000 39.000 
574.000 39.000 
575.000 39.000 
576.000 39.000 
577.000 39.060 
578.000 39.060 
579.000 39.060 
580.000 39.060 
581.000 39.060 
582.000 39.060 
583.000 39.060 
584.000 39.060 
585.000 39.060 
586.000 39.060 
587.000 39.060 
588.000 39.060 
589.000 39.060 
590.000 39.060 
591.000 39.060 
592.000 39.060 
593.000 39.060 
594.000 39.060 
595.000 39.060 
596.000 39.060 
597.000 39.060 
598.000 39.060 
599.000 39.000 
600.000 39.000 
