1.000 35.620 
2.000 35.620 
3.000 35.620 
4.000 35.620 
5.000 35.620 
6.000 35.620 
7.000 35.620 
8.000 35.620 
9.000 35.620 
10.000 35.620 
11.000 35.620 
12.000 35.620 
13.000 35.620 
14.000 35.620 
15.000 35.620 
16.000 35.620 
17.000 35.620 
18.000 35.620 
19.000 35.620 
20.000 35.620 
21.000 35.620 
22.000 35.620 
23.000 35.620 
24.000 35.620 
25.000 35.620 
26.000 35.620 
27.000 35.620 
28.000 35.620 
29.000 35.620 
30.000 35.620 
31.000 35.620 
32.000 35.620 
33.000 35.620 
34.000 35.620 
35.000 35.620 
36.000 35.620 
37.000 35.620 
38.000 35.620 
39.000 35.620 
40.000 35.620 
41.000 35.620 
42.000 35.620 
43.000 35.620 
44.000 35.620 
45.000 35.620 
46.000 35.620 
47.000 35.620 
48.000 35.620 
49.000 35.620 
50.000 35.620 
51.000 35.620 
52.000 35.620 
53.000 35.620 
54.000 35.620 
55.000 35.620 
56.000 35.620 
57.000 35.620 
58.000 35.620 
59.000 35.620 
60.000 35.620 
61.000 35.620 
62.000 35.620 
63.000 35.620 
64.000 35.620 
65.000 35.620 
66.000 35.620 
67.000 35.620 
68.000 35.620 
69.000 35.620 
70.000 35.620 
71.000 35.620 
72.000 35.620 
73.000 35.620 
74.000 35.620 
75.000 35.620 
76.000 35.620 
77.000 35.620 
78.000 35.620 
79.000 35.620 
80.000 35.620 
81.000 35.620 
82.000 35.620 
83.000 35.620 
84.000 35.620 
85.000 35.620 
86.000 35.620 
87.000 35.620 
88.000 35.620 
89.000 35.620 
90.000 35.620 
91.000 35.620 
92.000 35.620 
93.000 35.620 
94.000 35.620 
95.000 35.620 
96.000 35.620 
97.000 35.620 
98.000 35.620 
99.000 35.620 
100.000 35.620 
101.000 35.620 
102.000 35.620 
103.000 35.620 
104.000 35.620 
105.000 35.620 
106.000 35.620 
107.000 35.620 
108.000 35.620 
109.000 35.620 
110.000 35.620 
111.000 35.620 
112.000 35.620 
113.000 35.620 
114.000 35.620 
115.000 35.620 
116.000 35.620 
117.000 35.620 
118.000 35.620 
119.000 35.620 
120.000 35.620 
121.000 35.620 
122.000 35.620 
123.000 35.620 
124.000 35.620 
125.000 35.620 
126.000 35.620 
127.000 35.620 
128.000 35.620 
129.000 35.620 
130.000 35.620 
131.000 35.620 
132.000 35.620 
133.000 35.620 
134.000 35.620 
135.000 35.620 
136.000 35.620 
137.000 35.620 
138.000 35.620 
139.000 35.620 
140.000 35.620 
141.000 35.620 
142.000 35.620 
143.000 35.620 
144.000 35.620 
145.000 35.620 
146.000 35.620 
147.000 35.620 
148.000 35.620 
149.000 35.620 
150.000 35.620 
151.000 35.620 
152.000 35.620 
153.000 35.620 
154.000 35.620 
155.000 35.620 
156.000 35.620 
157.000 35.620 
158.000 35.620 
159.000 35.620 
160.000 35.620 
161.000 35.620 
162.000 35.620 
163.000 35.620 
164.000 35.620 
165.000 35.620 
166.000 35.620 
167.000 35.620 
168.000 35.620 
169.000 35.620 
170.000 35.620 
171.000 35.620 
172.000 35.620 
173.000 35.620 
174.000 35.620 
175.000 35.620 
176.000 35.620 
177.000 35.620 
178.000 35.620 
179.000 35.620 
180.000 35.620 
181.000 35.620 
182.000 35.620 
183.000 35.620 
184.000 35.620 
185.000 35.620 
186.000 35.620 
187.000 35.620 
188.000 35.620 
189.000 35.620 
190.000 35.620 
191.000 35.620 
192.000 35.620 
193.000 35.620 
194.000 35.620 
195.000 35.620 
196.000 35.620 
197.000 35.620 
198.000 35.620 
199.000 35.620 
200.000 35.620 
201.000 35.620 
202.000 35.620 
203.000 35.620 
204.000 35.620 
205.000 35.620 
206.000 35.620 
207.000 35.620 
208.000 35.620 
209.000 35.620 
210.000 35.620 
211.000 35.620 
212.000 35.620 
213.000 35.620 
214.000 35.620 
215.000 35.620 
216.000 35.620 
217.000 35.620 
218.000 35.620 
219.000 35.620 
220.000 35.620 
221.000 35.620 
222.000 35.620 
223.000 35.620 
224.000 35.620 
225.000 35.620 
226.000 35.620 
227.000 35.620 
228.000 35.620 
229.000 35.620 
230.000 35.620 
231.000 35.620 
232.000 35.620 
233.000 35.620 
234.000 35.620 
235.000 35.620 
236.000 35.620 
237.000 35.620 
238.000 35.620 
239.000 35.620 
240.000 35.620 
241.000 35.620 
242.000 35.620 
243.000 35.620 
244.000 35.620 
245.000 35.620 
246.000 35.620 
247.000 35.620 
248.000 35.620 
249.000 35.620 
250.000 35.620 
251.000 35.620 
252.000 35.620 
253.000 35.620 
254.000 35.620 
255.000 35.620 
256.000 35.620 
257.000 35.620 
258.000 35.620 
259.000 35.620 
260.000 35.620 
261.000 35.620 
262.000 35.620 
263.000 35.620 
264.000 35.620 
265.000 35.620 
266.000 35.620 
267.000 35.620 
268.000 35.620 
269.000 35.620 
270.000 35.620 
271.000 35.620 
272.000 35.620 
273.000 35.620 
274.000 35.620 
275.000 35.620 
276.000 35.620 
277.000 35.620 
278.000 35.620 
279.000 35.620 
280.000 35.620 
281.000 35.620 
282.000 35.620 
283.000 35.620 
284.000 35.620 
285.000 35.620 
286.000 35.620 
287.000 35.620 
288.000 35.620 
289.000 35.620 
290.000 35.620 
291.000 35.620 
292.000 35.620 
293.000 35.620 
294.000 35.620 
295.000 35.620 
296.000 35.620 
297.000 35.620 
298.000 35.620 
299.000 35.620 
300.000 35.620 
301.000 39.000 
302.000 39.000 
303.000 39.000 
304.000 39.000 
305.000 39.000 
306.000 39.000 
307.000 39.000 
308.000 39.000 
309.000 39.000 
310.000 39.000 
311.000 39.000 
312.000 39.000 
313.000 39.000 
314.000 39.000 
315.000 39.000 
316.000 39.000 
317.000 39.000 
318.000 39.000 
319.000 39.000 
320.000 39.000 
321.000 39.000 
322.000 39.000 
323.000 39.000 
324.000 39.000 
325.000 39.000 
326.000 39.000 
327.000 39.000 
328.000 39.000 
329.000 39.000 
330.000 39.000 
331.000 39.000 
332.000 39.000 
333.000 39.000 
334.000 39.000 
335.000 39.000 
336.000 39.000 
337.000 39.000 
338.000 39.000 
339.000 39.000 
340.000 39.000 
341.000 39.000 
342.000 39.000 
343.000 39.000 
344.000 39.000 
345.000 39.000 
346.000 39.000 
347.000 39.000 
348.000 39.000 
349.000 39.000 
350.000 39.000 
351.000 39.000 
352.000 39.000 
353.000 39.000 
354.000 39.000 
355.000 39.000 
356.000 39.000 
357.000 39.000 
358.000 39.000 
359.000 39.000 
360.000 39.000 
361.000 39.000 
362.000 39.000 
363.000 39.000 
364.000 39.000 
365.000 39.000 
366.000 39.000 
367.000 39.000 
368.000 39.000 
369.000 39.000 
370.000 39.000 
371.000 39.000 
372.000 39.000 
373.000 39.000 
374.000 39.000 
375.000 39.000 
376.000 39.000 
377.000 39.000 
378.000 39.000 
379.000 39.000 
380.000 39.000 
381.000 39.000 
382.000 39.000 
383.000 39.000 
384.000 39.000 
385.000 39.000 
386.000 39.000 
387.000 39.000 
388.000 39.000 
389.000 39.000 
390.000 39.000 
391.000 39.000 
392.000 39.000 
393.000 39.000 
394.000 39.000 
395.000 39.000 
396.000 39.000 
397.000 39.000 
398.000 39.000 
399.000 39.000 
400.000 39.000 
401.000 39.000 
402.000 39.000 
403.000 39.000 
404.000 39.000 
405.000 39.000 
406.000 39.000 
407.000 39.000 
408.000 39.000 
409.000 39.000 
410.000 39.000 
411.000 39.000 
412.000 39.000 
413.000 39.000 
414.000 39.000 
415.000 39.000 
416.000 39.000 
417.000 39.000 
418.000 39.000 
419.000 39.000 
420.000 39.000 
421.000 39.000 
422.000 39.000 
423.000 39.000 
424.000 39.000 
425.000 39.000 
426.000 39.000 
427.000 39.000 
428.000 39.000 
429.000 39.000 
430.000 39.000 
431.000 39.000 
432.000 39.000 
433.000 39.000 
434.000 39.000 
435.000 39.000 
436.000 39.000 
437.000 39.000 
438.000 39.000 
439.000 39.000 
440.000 39.000 
441.000 39.000 
442.000 39.000 
443.000 39.000 
444.000 39.000 
445.000 39.000 
446.000 39.000 
447.000 39.000 
448.000 39.000 
449.000 39.000 
450.000 39.000 
451.000 39.000 
452.000 39.000 
453.000 39.000 
454.000 39.000 
455.000 39.000 
456.000 39.000 
457.000 39.000 
458.000 39.000 
459.000 39.000 
460.000 39.000 
461.000 39.000 
462.000 39.000 
463.000 39.000 
464.000 39.000 
465.000 39.000 
466.000 39.000 
467.000 39.000 
468.000 39.000 
469.000 39.000 
470.000 39.000 
471.000 39.000 
472.000 39.000 
473.000 39.000 
474.000 39.000 
475.000 39.000 
476.000 39.000 
477.000 39.000 
478.000 39.000 
479.000 39.000 
480.000 39.000 
481.000 39.000 
482.000 39.000 
483.000 39.000 
484.000 39.000 
485.000 39.000 
486.000 39.000 
487.000 39.000 
488.000 39.000 
489.000 39.000 
490.000 39.000 
491.000 39.000 
492.000 39.000 
493.000 39.000 
494.000 39.000 
495.000 39.000 
496.000 39.000 
497.000 39.000 
498.000 39.000 
499.000 39.000 
500.000 39.000 
501.000 39.000 
502.000 39.000 
503.000 39.000 
504.000 39.000 
505.000 39.000 
506.000 39.000 
507.000 39.000 
508.000 39.000 
509.000 39.000 
510.000 39.000 
511.000 39.000 
512.000 39.000 
513.000 39.000 
514.000 39.000 
515.000 39.000 
516.000 39.000 
517.000 39.000 
518.000 39.000 
519.000 39.000 
520.000 39.000 
521.000 39.000 
522.000 39.000 
523.000 39.000 
524.000 39.000 
525.000 39.000 
526.000 39.000 
527.000 39.000 
528.000 39.000 
529.000 39.000 
530.000 39.000 
531.000 39.000 
532.000 39.000 
533.000 39.000 
534.000 39.000 
535.000 39.000 
536.000 39.000 
537.000 39.000 
538.000 39.000 
539.000 39.000 
540.000 39.000 
541.000 39.000 
542.000 39.000 
543.000 39.000 
544.000 39.000 
545.000 39.000 
546.000 39.000 
547.000 39.000 
548.000 39.000 
549.000 39.000 
550.000 39.000 
551.000 39.000 
552.000 39.000 
553.000 39.000 
554.000 39.000 
555.000 39.000 
556.000 39.000 
557.000 39.000 
558.000 39.000 
559.000 39.000 
560.000 39.000 
561.000 39.000 
562.000 39.000 
563.000 39.000 
564.000 39.000 
565.000 39.000 
566.000 39.000 
567.000 39.000 
568.000 39.000 
569.000 39.000 
570.000 39.000 
571.000 39.000 
572.000 39.000 
573.000 39.000 
574.000 39.000 
575.000 39.000 
576.000 39.000 
577.000 39.000 
578.000 39.000 
579.000 39.000 
580.000 39.000 
581.000 39.000 
582.000 39.000 
583.000 39.000 
584.000 39.000 
585.000 39.000 
586.000 39.000 
587.000 39.000 
588.000 39.000 
589.000 39.000 
590.000 39.000 
591.000 39.000 
592.000 39.000 
593.000 39.000 
594.000 39.000 
595.000 39.000 
596.000 39.000 
597.000 39.000 
598.000 39.000 
599.000 39.000 
600.000 39.000 
